input,output
[1.0, 1.0, 1.0, 1.0, 1.0, 1.0, 1.0, 1.0, 1.0, 1.0, 1.0, 1.0, 1.0, 1.0, 1.0, 1.0, 1.0, 1.0, 1.0, 1.0, 1.0, 1.0, 1.0, 1.0, 1.0, 1.0, 1.0, 1.0, 1.0, 1.0, 1.0, 1.0, 1.0, 1.0, 1.0, 1.0, 1.0, 1.0, 1.0, 1.0, 1.0, 1.0, 1.0, 1.0, 1.0, 1.0, 1.0, 1.0, 1.0, 1.0, 1.0, 1.0, 1.0, 1.0, 1.0, 1.0, 1.0, 1.0, 1.0, 1.0, 1.0, 1.0, 1.0, 1.0, 1.0, 1.0, 1.0, 1.0, 1.0, 1.0, 1.0, 1.0, 1.0, 1.0, 1.0, 1.0, 1.0, 1.0, 1.0, 1.0, 1.0, 1.0, 1.0, 1.0, 1.0, 1.0, 1.0, 1.0, 1.0, 1.0, 1.0, 1.0, 1.0, 1.0, 1.0, 1.0, 1.0, 1.0, 1.0, 1.0, 1.0, 1.0, 1.0, 1.0, 1.0, 1.0, 1.0, 1.0, 1.0, 1.0, 1.0, 1.0, 1.0, 1.0, 1.0, 1.0, 1.0, 1.0, 1.0, 1.0, 1.0, 1.0, 1.0, 1.0, 1.0, 1.0, 1.0, 1.0, 1.0, 1.0, 1.0, 1.0, 1.0, 1.0, 1.0, 1.0, 1.0, 1.0, 1.0, 1.0, 1.0, 1.0, 1.0, 1.0, 1.0, 1.0, 1.0, 1.0, 1.0, 1.0, 0.20666666666666667, 0.4414285714284, 0.16524189571319223, 0.26, 0.35857142857123714, 0.011882608628184264, 0.08, 0.42, 0.059881300652491025, 0.05333333333333334, 0.9699999999996343, 0.057815978418551864, 0.26, 0.73857142857108, 0.00856236950174589, 0.02, 0.48285714285705855, 0.027882608788684544, 0.26666666666666666, 0.86, 0.05111285854587724, 0.16666666666666666, 0.5114285714275715, 0.03604971467502604, 0.22, 0.17428571428384285, 0.007998737063943842, 0.14666666666666667, 0.8514285714284743, 0.2563747341527021, 0.3, 0.8599999999997572, 0.013178405114411625, 0.02666666666666667, 0.8171428571426743, 0.03962072021652147, 0.31333333333333335, 0.3657142857127886, 0.004841042031844634, 0.2733333333333333, 0.7942857142853571, 0.16085936063077083, 0.06, 0.56285714285712, 0.12748794458324267, 0.14, 0.43999999999992, 0.03799279201348523, 0.16, 0.30428571428537143, 0.004062702531633132, 0.18, 0.9771428571426515, 0.019727990239609607, 0.23333333333333334, 0.1571428571426, 0.0011782234176249621, 0.31333333333333335, 0.80571428571348, 0.008997342461869073, 0.20666666666666667, 0.7242857142837028, 0.023515672448673634, 0.26, 0.7199999999997257, 0.009364639283831076, 0.24666666666666667, 0.9085714285711014, 0.029013954704440438, 0.32, 0.8542857142848, 0.04932790975647819, 0.26666666666666666, 0.5228571428571429, 0.022909483243557033, 0.02, 0.2685714285712457, 0.010278214131791212, 0.2866666666666667, 0.95999999999962, 0.011717469252673777, 0.07333333333333333, 0.9528571428563314, 0.010630839478003452, 0.16666666666666666, 0.4342857142847143, 0.002900961327095825, 0.06, 0.6385714285712143, 0.015798363952416964, 0.26666666666666666, 0.8799999999994286, 0.006248231983901149, 0.16666666666666666, 0.22571428571357144, 0.003768792676816021, 0.10666666666666667, 0.21, 0.0016073377418875925, 0.22, 0.6014285714285357, 0.1339149910866318, 0.18, 0.8985714285714171, 0.24453888184968292, 0.32666666666666666, 0.19428571428525, 0.0032371390868055376, 0.31333333333333335, 0.6442857142856429, 0.010133253149417069, 0.21333333333333335, 0.49142857142857144, 0.03377213929035598, 0.06, 0.2071428571427143, 0.00994804204662303, 0.28, 0.80571428571384, 0.011746530436334314, 0.29333333333333333, 0.4742857142835429, 0.0014667384877461351, 0.02, 0.87571428571422, 0.0510682493438041, 0.2866666666666667, 0.9399999999995485, 0.004461860398297855, 0.2733333333333333, 0.47428571428561145, 0.042499642035366055, 0.03333333333333333, 0.5942857142857, 0.06238157440235311, 0.3333333333333333, 0.28, 0.001285870193510074, 0.22666666666666666, 0.22999999999999715, 0.0165686355466282, 0.26666666666666666, 0.6185714285691428, 0.0016710137868781653, 0.0, 0.0, 0.0, 0.0, 0.0, 0.0, 0.0, 0.0, 0.0, 0.0, 0.0, 0.0, 0.0, 0.0, 0.0, 0.0, 0.0, 0.0, 0.0, 0.0, 0.0, 0.0, 0.0, 0.0, 0.0, 0.0, 0.0, 0.0, 0.0, 0.0, 0.0, 0.0, 0.0, 0.0, 0.0, 0.0, 0.0, 0.0, 0.0, 0.0, 0.0, 0.0, 0.0, 0.0, 0.0, 0.0, 0.0, 0.0],[1, 1, 1, 1, 1, 1, 0, 0, 0, 0, 0, 1, 0, 0, 1, 0, 0, 0, 0, 0, 0, 0, 0, 0, 0, 1, 0, 0, 0, 0, 0, 0, 0, 0, 0, 0, 0, 0, 0, 0, 0, 0, 0, 0, 0, 0, 0, 0, 0, 0, 0, 0, 0, 0, 0, 0, 0, 0, 0, 0, 0, 0, 0, 0]
[0.0, 0.0, 0.0, 0.0, 0.0, 0.0, 0.0, 0.0, 0.0, 0.0, 0.0, 0.0, 0.0, 0.0, 0.0, 0.0, 0.0, 0.0, 0.0, 0.0, 0.0, 0.0, 0.0, 0.0, 0.0, 0.0, 0.0, 0.0, 0.0, 0.0, 0.0, 0.0, 0.0, 0.0, 0.0, 0.0, 0.0, 0.0, 0.0, 0.0, 0.0, 0.0, 0.0, 0.0, 0.0, 0.0, 0.0, 0.0, 0.0, 0.0, 0.0, 0.0, 0.0, 0.0, 0.0, 0.0, 0.0, 0.0, 0.0, 0.0, 0.0, 0.0, 0.0, 0.0, 0.0, 0.0, 0.0, 0.0, 0.0, 0.0, 0.0, 0.0, 0.0, 0.0, 0.0, 0.0, 0.0, 0.0, 0.0, 0.0, 0.0, 0.0, 0.0, 0.0, 0.0, 0.0, 0.0, 0.0, 0.0, 0.0, 0.0, 0.0, 0.0, 0.0, 0.0, 0.0, 0.0, 0.0, 0.0, 0.0, 0.0, 0.0, 0.0, 0.0, 0.0, 0.0, 0.0, 0.0, 0.0, 0.0, 0.0, 0.0, 0.0, 0.0, 0.0, 0.0, 0.0, 0.0, 0.0, 0.0, 0.0, 0.0, 0.0, 0.0, 0.0, 0.0, 0.0, 0.0, 0.0, 0.0, 0.0, 0.0, 0.0, 0.0, 0.0, 0.0, 0.0, 0.0, 0.0, 0.0, 0.0, 0.0, 0.0, 0.0, 0.0, 0.0, 0.0, 0.0, 1.0, 1.0, 0.26666666666666666, 0.86, 0.05111285854587724, 0.16666666666666666, 0.5114285714275715, 0.03604971467502604, 0.22, 0.17428571428384285, 0.007998737063943842, 0.14666666666666667, 0.8514285714284743, 0.2563747341527021, 0.3, 0.8599999999997572, 0.013178405114411625, 0.31333333333333335, 0.3657142857127886, 0.004841042031844634, 0.2733333333333333, 0.7942857142853571, 0.16085936063077083, 0.14, 0.43999999999992, 0.03799279201348523, 0.16, 0.30428571428537143, 0.004062702531633132, 0.18, 0.9771428571426515, 0.019727990239609607, 0.23333333333333334, 0.1571428571426, 0.0011782234176249621, 0.31333333333333335, 0.80571428571348, 0.008997342461869073, 0.20666666666666667, 0.7242857142837028, 0.023515672448673634, 0.26, 0.7199999999997257, 0.009364639283831076, 0.24666666666666667, 0.9085714285711014, 0.029013954704440438, 0.32, 0.8542857142848, 0.04932790975647819, 0.26666666666666666, 0.5228571428571429, 0.022909483243557033, 0.2866666666666667, 0.95999999999962, 0.011717469252673777, 0.07333333333333333, 0.9528571428563314, 0.010630839478003452, 0.16666666666666666, 0.4342857142847143, 0.002900961327095825, 0.06, 0.6385714285712143, 0.015798363952416964, 0.26666666666666666, 0.8799999999994286, 0.006248231983901149, 0.16666666666666666, 0.22571428571357144, 0.003768792676816021, 0.10666666666666667, 0.21, 0.0016073377418875925, 0.22, 0.6014285714285357, 0.1339149910866318, 0.18, 0.8985714285714171, 0.24453888184968292, 0.32666666666666666, 0.19428571428525, 0.0032371390868055376, 0.31333333333333335, 0.6442857142856429, 0.010133253149417069, 0.21333333333333335, 0.49142857142857144, 0.03377213929035598, 0.06, 0.2071428571427143, 0.00994804204662303, 0.28, 0.80571428571384, 0.011746530436334314, 0.29333333333333333, 0.4742857142835429, 0.0014667384877461351, 0.02, 0.87571428571422, 0.0510682493438041, 0.2866666666666667, 0.9399999999995485, 0.004461860398297855, 0.2733333333333333, 0.47428571428561145, 0.042499642035366055, 0.03333333333333333, 0.5942857142857, 0.06238157440235311, 0.3333333333333333, 0.28, 0.001285870193510074, 0.22666666666666666, 0.22999999999999715, 0.0165686355466282, 0.26666666666666666, 0.6185714285691428, 0.0016710137868781653, 0.0, 0.0, 0.0, 0.0, 0.0, 0.0, 0.0, 0.0, 0.0, 0.0, 0.0, 0.0, 0.0, 0.0, 0.0, 0.0, 0.0, 0.0, 0.0, 0.0, 0.0, 0.0, 0.0, 0.0, 0.0, 0.0, 0.0, 0.0, 0.0, 0.0, 0.0, 0.0, 0.0, 0.0, 0.0, 0.0, 0.0, 0.0, 0.0, 0.0, 0.0, 0.0, 0.0, 0.0, 0.0, 0.0, 0.0, 0.0, 0.0, 0.0, 0.0, 0.0, 0.0, 0.0, 0.0, 0.0, 0.0, 0.0, 0.0, 0.0, 0.0, 0.0, 0.0, 0.0, 0.0, 0.0, 0.0, 0.0, 0.0, 0.0, 0.0, 0.0, 0.0, 0.0, 0.0],[0, 0, 0, 0, 0, 0, 0, 0, 0, 0, 0, 0, 0, 0, 0, 0, 0, 0, 0, 0, 0, 0, 0, 0, 0, 0, 0, 0, 0, 0, 0, 0, 0, 0, 0, 0, 0, 0, 0, 0, 0, 0, 0, 0, 0, 0, 0, 0, 0, 0, 0, 0, 0, 0, 0, 0, 0, 0, 0, 0, 0, 0, 0, 0]
[1.0, 1.0, 1.0, 1.0, 1.0, 1.0, 1.0, 1.0, 1.0, 1.0, 1.0, 1.0, 1.0, 1.0, 1.0, 1.0, 1.0, 1.0, 1.0, 1.0, 1.0, 1.0, 1.0, 1.0, 1.0, 1.0, 1.0, 1.0, 1.0, 1.0, 1.0, 0.0, 0.0, 0.0, 0.0, 0.0, 0.0, 0.0, 0.0, 0.0, 0.0, 0.0, 0.0, 0.0, 0.0, 0.0, 0.0, 0.0, 0.0, 0.0, 0.0, 0.0, 0.0, 0.0, 0.0, 0.0, 0.0, 0.0, 0.0, 0.0, 0.0, 0.0, 0.0, 0.0, 0.0, 0.0, 0.0, 0.0, 0.0, 0.0, 0.0, 0.0, 0.0, 0.0, 0.0, 0.0, 0.0, 0.0, 0.0, 0.0, 0.0, 0.0, 0.0, 0.0, 0.0, 0.0, 0.0, 0.0, 0.0, 0.0, 0.0, 0.0, 0.0, 0.0, 0.0, 0.0, 0.0, 0.0, 0.0, 0.0, 0.0, 0.0, 0.0, 0.0, 0.0, 0.0, 0.0, 0.0, 0.0, 0.0, 0.0, 0.0, 0.0, 0.0, 0.0, 0.0, 0.0, 0.0, 0.0, 0.0, 0.0, 0.0, 0.0, 0.0, 0.0, 0.0, 0.0, 0.0, 0.0, 0.0, 0.0, 0.0, 0.0, 0.0, 0.0, 0.0, 0.0, 0.0, 0.0, 0.0, 0.0, 0.0, 0.0, 0.0, 0.0, 0.0, 0.0, 0.0, 1.0, 1.0, 0.02, 0.29285714285712, 0.27460368364321797, 0.19333333333333333, 0.47571428571409285, 0.19352051730383385, 0.26666666666666666, 0.86, 0.05111285854587724, 0.16666666666666666, 0.5114285714275715, 0.03604971467502604, 0.22, 0.17428571428384285, 0.007998737063943842, 0.14666666666666667, 0.8514285714284743, 0.2563747341527021, 0.3, 0.8599999999997572, 0.013178405114411625, 0.31333333333333335, 0.3657142857127886, 0.004841042031844634, 0.2733333333333333, 0.7942857142853571, 0.16085936063077083, 0.14, 0.43999999999992, 0.03799279201348523, 0.16, 0.30428571428537143, 0.004062702531633132, 0.18, 0.9771428571426515, 0.019727990239609607, 0.23333333333333334, 0.1571428571426, 0.0011782234176249621, 0.2733333333333333, 0.6871428571427886, 0.06914648513962361, 0.31333333333333335, 0.80571428571348, 0.008997342461869073, 0.20666666666666667, 0.7242857142837028, 0.023515672448673634, 0.26, 0.7199999999997257, 0.009364639283831076, 0.24666666666666667, 0.9085714285711014, 0.029013954704440438, 0.32, 0.8542857142848, 0.04932790975647819, 0.26666666666666666, 0.5228571428571429, 0.022909483243557033, 0.2866666666666667, 0.95999999999962, 0.011717469252673777, 0.07333333333333333, 0.9528571428563314, 0.010630839478003452, 0.16666666666666666, 0.4342857142847143, 0.002900961327095825, 0.06, 0.6385714285712143, 0.015798363952416964, 0.26666666666666666, 0.8799999999994286, 0.006248231983901149, 0.16666666666666666, 0.22571428571357144, 0.003768792676816021, 0.10666666666666667, 0.21, 0.0016073377418875925, 0.22, 0.6014285714285357, 0.1339149910866318, 0.18, 0.8985714285714171, 0.24453888184968292, 0.32666666666666666, 0.19428571428525, 0.0032371390868055376, 0.31333333333333335, 0.6442857142856429, 0.010133253149417069, 0.21333333333333335, 0.49142857142857144, 0.03377213929035598, 0.06, 0.2071428571427143, 0.00994804204662303, 0.28, 0.80571428571384, 0.011746530436334314, 0.29333333333333333, 0.4742857142835429, 0.0014667384877461351, 0.02, 0.87571428571422, 0.0510682493438041, 0.2866666666666667, 0.9399999999995485, 0.004461860398297855, 0.2733333333333333, 0.47428571428561145, 0.042499642035366055, 0.03333333333333333, 0.5942857142857, 0.06238157440235311, 0.3333333333333333, 0.28, 0.001285870193510074, 0.22666666666666666, 0.22999999999999715, 0.0165686355466282, 0.26666666666666666, 0.6185714285691428, 0.0016710137868781653, 0.0, 0.0, 0.0, 0.0, 0.0, 0.0, 0.0, 0.0, 0.0, 0.0, 0.0, 0.0, 0.0, 0.0, 0.0, 0.0, 0.0, 0.0, 0.0, 0.0, 0.0, 0.0, 0.0, 0.0, 0.0, 0.0, 0.0, 0.0, 0.0, 0.0, 0.0, 0.0, 0.0, 0.0, 0.0, 0.0, 0.0, 0.0, 0.0, 0.0, 0.0, 0.0, 0.0, 0.0, 0.0, 0.0, 0.0, 0.0, 0.0, 0.0, 0.0, 0.0, 0.0, 0.0, 0.0, 0.0, 0.0, 0.0, 0.0, 0.0, 0.0, 0.0, 0.0, 0.0, 0.0, 0.0],[1, 1, 0, 0, 0, 0, 0, 0, 0, 0, 0, 0, 0, 0, 0, 0, 0, 0, 0, 0, 0, 0, 0, 0, 0, 0, 0, 0, 0, 0, 0, 0, 0, 0, 0, 0, 0, 0, 0, 0, 0, 0, 0, 0, 0, 0, 0, 0, 0, 0, 0, 0, 0, 0, 0, 0, 0, 0, 0, 0, 0, 0, 0, 0]
[0.0, 0.0, 0.0, 0.0, 0.0, 0.0, 0.0, 0.0, 0.0, 0.0, 0.0, 0.0, 0.0, 0.0, 0.0, 0.0, 0.0, 0.0, 0.0, 0.0, 0.0, 0.0, 0.0, 0.0, 0.0, 0.0, 0.0, 0.0, 0.0, 0.0, 0.0, 0.0, 0.0, 0.0, 0.0, 0.0, 0.0, 0.0, 0.0, 0.0, 0.0, 0.0, 0.0, 0.0, 0.0, 0.0, 0.0, 0.0, 0.0, 0.0, 0.0, 0.0, 0.0, 0.0, 0.0, 0.0, 0.0, 0.0, 0.0, 0.0, 0.0, 0.0, 0.0, 0.0, 0.0, 0.0, 0.0, 0.0, 0.0, 0.0, 0.0, 0.0, 0.0, 0.0, 0.0, 0.0, 0.0, 0.0, 0.0, 0.0, 0.0, 0.0, 0.0, 0.0, 0.0, 0.0, 0.0, 0.0, 0.0, 0.0, 0.0, 0.0, 0.0, 0.0, 0.0, 0.0, 0.0, 0.0, 0.0, 0.0, 0.0, 0.0, 0.0, 0.0, 0.0, 0.0, 0.0, 0.0, 0.0, 0.0, 0.0, 0.0, 0.0, 0.0, 0.0, 0.0, 0.0, 0.0, 0.0, 0.0, 0.0, 0.0, 0.0, 0.0, 0.0, 0.0, 0.0, 0.0, 0.0, 0.0, 0.0, 0.0, 0.0, 0.0, 0.0, 0.0, 0.0, 0.0, 0.0, 0.0, 0.0, 0.0, 0.0, 0.0, 0.0, 0.0, 0.0, 0.0, 0.0, 1.0, 0.26666666666666666, 0.86, 0.05111285854587724, 0.16666666666666666, 0.5114285714275715, 0.03604971467502604, 0.22, 0.17428571428384285, 0.007998737063943842, 0.14666666666666667, 0.8514285714284743, 0.2563747341527021, 0.3, 0.8599999999997572, 0.013178405114411625, 0.31333333333333335, 0.3657142857127886, 0.004841042031844634, 0.2733333333333333, 0.7942857142853571, 0.16085936063077083, 0.14, 0.43999999999992, 0.03799279201348523, 0.16, 0.30428571428537143, 0.004062702531633132, 0.18, 0.9771428571426515, 0.019727990239609607, 0.23333333333333334, 0.1571428571426, 0.0011782234176249621, 0.2733333333333333, 0.6871428571427886, 0.06914648513962361, 0.31333333333333335, 0.80571428571348, 0.008997342461869073, 0.20666666666666667, 0.7242857142837028, 0.023515672448673634, 0.26, 0.7199999999997257, 0.009364639283831076, 0.24666666666666667, 0.9085714285711014, 0.029013954704440438, 0.32, 0.8542857142848, 0.04932790975647819, 0.26666666666666666, 0.5228571428571429, 0.022909483243557033, 0.2866666666666667, 0.95999999999962, 0.011717469252673777, 0.07333333333333333, 0.9528571428563314, 0.010630839478003452, 0.16666666666666666, 0.4342857142847143, 0.002900961327095825, 0.06, 0.6385714285712143, 0.015798363952416964, 0.26666666666666666, 0.8799999999994286, 0.006248231983901149, 0.16666666666666666, 0.22571428571357144, 0.003768792676816021, 0.10666666666666667, 0.21, 0.0016073377418875925, 0.22, 0.6014285714285357, 0.1339149910866318, 0.18, 0.8985714285714171, 0.24453888184968292, 0.32666666666666666, 0.19428571428525, 0.0032371390868055376, 0.31333333333333335, 0.6442857142856429, 0.010133253149417069, 0.21333333333333335, 0.49142857142857144, 0.03377213929035598, 0.06, 0.2071428571427143, 0.00994804204662303, 0.28, 0.80571428571384, 0.011746530436334314, 0.29333333333333333, 0.4742857142835429, 0.0014667384877461351, 0.02, 0.87571428571422, 0.0510682493438041, 0.2866666666666667, 0.9399999999995485, 0.004461860398297855, 0.2733333333333333, 0.47428571428561145, 0.042499642035366055, 0.03333333333333333, 0.5942857142857, 0.06238157440235311, 0.3333333333333333, 0.28, 0.001285870193510074, 0.22666666666666666, 0.22999999999999715, 0.0165686355466282, 0.26666666666666666, 0.6185714285691428, 0.0016710137868781653, 0.0, 0.0, 0.0, 0.0, 0.0, 0.0, 0.0, 0.0, 0.0, 0.0, 0.0, 0.0, 0.0, 0.0, 0.0, 0.0, 0.0, 0.0, 0.0, 0.0, 0.0, 0.0, 0.0, 0.0, 0.0, 0.0, 0.0, 0.0, 0.0, 0.0, 0.0, 0.0, 0.0, 0.0, 0.0, 0.0, 0.0, 0.0, 0.0, 0.0, 0.0, 0.0, 0.0, 0.0, 0.0, 0.0, 0.0, 0.0, 0.0, 0.0, 0.0, 0.0, 0.0, 0.0, 0.0, 0.0, 0.0, 0.0, 0.0, 0.0, 0.0, 0.0, 0.0, 0.0, 0.0, 0.0, 0.0, 0.0, 0.0, 0.0, 0.0, 0.0],[0, 0, 0, 0, 0, 0, 0, 0, 0, 0, 0, 0, 0, 0, 0, 0, 0, 0, 0, 0, 0, 0, 0, 0, 0, 0, 0, 0, 0, 0, 0, 0, 0, 0, 0, 0, 0, 0, 0, 0, 0, 0, 0, 0, 0, 0, 0, 0, 0, 0, 0, 0, 0, 0, 0, 0, 0, 0, 0, 0, 0, 0, 0, 0]
[0.0, 0.0, 0.0, 0.0, 0.0, 0.0, 0.0, 0.0, 0.0, 0.0, 0.0, 0.0, 0.0, 0.0, 0.0, 0.0, 0.0, 0.0, 0.0, 0.0, 0.0, 0.0, 0.0, 0.0, 0.0, 0.0, 0.0, 0.0, 0.0, 0.0, 0.0, 1.0, 1.0, 1.0, 1.0, 1.0, 1.0, 1.0, 1.0, 1.0, 1.0, 1.0, 1.0, 1.0, 1.0, 1.0, 1.0, 1.0, 1.0, 1.0, 1.0, 1.0, 1.0, 1.0, 1.0, 1.0, 1.0, 1.0, 1.0, 1.0, 1.0, 1.0, 1.0, 1.0, 1.0, 1.0, 1.0, 1.0, 1.0, 1.0, 0.0, 0.0, 0.0, 0.0, 0.0, 0.0, 0.0, 0.0, 0.0, 0.0, 0.0, 0.0, 0.0, 0.0, 0.0, 0.0, 0.0, 0.0, 0.0, 0.0, 0.0, 0.0, 0.0, 0.0, 0.0, 0.0, 0.0, 0.0, 0.0, 0.0, 0.0, 0.0, 0.0, 0.0, 0.0, 0.0, 0.0, 0.0, 0.0, 0.0, 0.0, 0.0, 0.0, 0.0, 0.0, 0.0, 0.0, 0.0, 0.0, 0.0, 0.0, 0.0, 0.0, 0.0, 0.0, 0.0, 0.0, 0.0, 0.0, 0.0, 0.0, 0.0, 0.0, 0.0, 0.0, 0.0, 0.0, 0.0, 0.0, 0.0, 0.0, 0.0, 0.0, 0.0, 0.0, 0.0, 0.0, 0.0, 0.0, 1.0, 0.26666666666666666, 0.86, 0.05111285854587724, 0.16666666666666666, 0.5114285714275715, 0.03604971467502604, 0.22, 0.17428571428384285, 0.007998737063943842, 0.14666666666666667, 0.8514285714284743, 0.2563747341527021, 0.3, 0.8599999999997572, 0.013178405114411625, 0.31333333333333335, 0.3657142857127886, 0.004841042031844634, 0.2733333333333333, 0.7942857142853571, 0.16085936063077083, 0.14, 0.43999999999992, 0.03799279201348523, 0.16, 0.30428571428537143, 0.004062702531633132, 0.18, 0.9771428571426515, 0.019727990239609607, 0.23333333333333334, 0.1571428571426, 0.0011782234176249621, 0.2733333333333333, 0.6871428571427886, 0.06914648513962361, 0.31333333333333335, 0.80571428571348, 0.008997342461869073, 0.20666666666666667, 0.7242857142837028, 0.023515672448673634, 0.26, 0.7199999999997257, 0.009364639283831076, 0.24666666666666667, 0.9085714285711014, 0.029013954704440438, 0.32, 0.8542857142848, 0.04932790975647819, 0.26666666666666666, 0.5228571428571429, 0.022909483243557033, 0.2866666666666667, 0.95999999999962, 0.011717469252673777, 0.07333333333333333, 0.9528571428563314, 0.010630839478003452, 0.16666666666666666, 0.4342857142847143, 0.002900961327095825, 0.06, 0.6385714285712143, 0.015798363952416964, 0.26666666666666666, 0.8799999999994286, 0.006248231983901149, 0.16666666666666666, 0.22571428571357144, 0.003768792676816021, 0.10666666666666667, 0.21, 0.0016073377418875925, 0.22, 0.6014285714285357, 0.1339149910866318, 0.18, 0.8985714285714171, 0.24453888184968292, 0.32666666666666666, 0.19428571428525, 0.0032371390868055376, 0.31333333333333335, 0.6442857142856429, 0.010133253149417069, 0.21333333333333335, 0.49142857142857144, 0.03377213929035598, 0.06, 0.2071428571427143, 0.00994804204662303, 0.28, 0.80571428571384, 0.011746530436334314, 0.29333333333333333, 0.4742857142835429, 0.0014667384877461351, 0.02, 0.87571428571422, 0.0510682493438041, 0.2866666666666667, 0.9399999999995485, 0.004461860398297855, 0.2733333333333333, 0.47428571428561145, 0.042499642035366055, 0.03333333333333333, 0.5942857142857, 0.06238157440235311, 0.3333333333333333, 0.28, 0.001285870193510074, 0.22666666666666666, 0.22999999999999715, 0.0165686355466282, 0.26666666666666666, 0.6185714285691428, 0.0016710137868781653, 0.0, 0.0, 0.0, 0.0, 0.0, 0.0, 0.0, 0.0, 0.0, 0.0, 0.0, 0.0, 0.0, 0.0, 0.0, 0.0, 0.0, 0.0, 0.0, 0.0, 0.0, 0.0, 0.0, 0.0, 0.0, 0.0, 0.0, 0.0, 0.0, 0.0, 0.0, 0.0, 0.0, 0.0, 0.0, 0.0, 0.0, 0.0, 0.0, 0.0, 0.0, 0.0, 0.0, 0.0, 0.0, 0.0, 0.0, 0.0, 0.0, 0.0, 0.0, 0.0, 0.0, 0.0, 0.0, 0.0, 0.0, 0.0, 0.0, 0.0, 0.0, 0.0, 0.0, 0.0, 0.0, 0.0, 0.0, 0.0, 0.0, 0.0, 0.0, 0.0],[1, 0, 0, 0, 0, 0, 0, 0, 0, 0, 0, 0, 0, 0, 0, 0, 0, 0, 0, 0, 0, 0, 0, 0, 0, 0, 0, 0, 0, 0, 0, 0, 0, 0, 0, 0, 0, 0, 0, 0, 0, 0, 0, 0, 0, 0, 0, 0, 0, 0, 0, 0, 0, 0, 0, 0, 0, 0, 0, 0, 0, 0, 0, 0]
[0.0, 0.0, 0.0, 0.0, 0.0, 0.0, 0.0, 0.0, 0.0, 0.0, 0.0, 0.0, 0.0, 0.0, 0.0, 0.0, 0.0, 0.0, 0.0, 0.0, 0.0, 0.0, 0.0, 0.0, 0.0, 0.0, 0.0, 0.0, 0.0, 0.0, 0.0, 0.0, 0.0, 0.0, 0.0, 0.0, 0.0, 0.0, 0.0, 0.0, 0.0, 0.0, 0.0, 0.0, 0.0, 0.0, 0.0, 0.0, 0.0, 0.0, 0.0, 0.0, 0.0, 0.0, 0.0, 0.0, 0.0, 0.0, 0.0, 0.0, 0.0, 0.0, 0.0, 0.0, 0.0, 0.0, 0.0, 0.0, 0.0, 0.0, 0.0, 0.0, 0.0, 0.0, 0.0, 0.0, 0.0, 0.0, 0.0, 0.0, 0.0, 0.0, 0.0, 0.0, 0.0, 0.0, 0.0, 0.0, 0.0, 0.0, 0.0, 0.0, 0.0, 0.0, 0.0, 0.0, 0.0, 0.0, 0.0, 0.0, 0.0, 0.0, 0.0, 0.0, 0.0, 0.0, 0.0, 0.0, 0.0, 0.0, 0.0, 0.0, 0.0, 0.0, 0.0, 0.0, 0.0, 0.0, 0.0, 0.0, 0.0, 0.0, 0.0, 0.0, 0.0, 0.0, 0.0, 0.0, 0.0, 0.0, 0.0, 0.0, 0.0, 0.0, 0.0, 0.0, 0.0, 0.0, 0.0, 0.0, 0.0, 0.0, 0.0, 0.0, 0.0, 0.0, 0.0, 0.0, 0.0, 0.0, 0.16666666666666666, 0.5114285714275715, 0.03604971467502604, 0.22, 0.17428571428384285, 0.007998737063943842, 0.14666666666666667, 0.8514285714284743, 0.2563747341527021, 0.3, 0.8599999999997572, 0.013178405114411625, 0.31333333333333335, 0.3657142857127886, 0.004841042031844634, 0.2733333333333333, 0.7942857142853571, 0.16085936063077083, 0.14, 0.43999999999992, 0.03799279201348523, 0.16, 0.30428571428537143, 0.004062702531633132, 0.18, 0.9771428571426515, 0.019727990239609607, 0.23333333333333334, 0.1571428571426, 0.0011782234176249621, 0.2733333333333333, 0.6871428571427886, 0.06914648513962361, 0.31333333333333335, 0.80571428571348, 0.008997342461869073, 0.20666666666666667, 0.7242857142837028, 0.023515672448673634, 0.26, 0.7199999999997257, 0.009364639283831076, 0.24666666666666667, 0.9085714285711014, 0.029013954704440438, 0.32, 0.8542857142848, 0.04932790975647819, 0.26666666666666666, 0.5228571428571429, 0.022909483243557033, 0.2866666666666667, 0.95999999999962, 0.011717469252673777, 0.07333333333333333, 0.9528571428563314, 0.010630839478003452, 0.16666666666666666, 0.4342857142847143, 0.002900961327095825, 0.06, 0.6385714285712143, 0.015798363952416964, 0.26666666666666666, 0.8799999999994286, 0.006248231983901149, 0.16666666666666666, 0.22571428571357144, 0.003768792676816021, 0.10666666666666667, 0.21, 0.0016073377418875925, 0.22, 0.6014285714285357, 0.1339149910866318, 0.18, 0.8985714285714171, 0.24453888184968292, 0.32666666666666666, 0.19428571428525, 0.0032371390868055376, 0.31333333333333335, 0.6442857142856429, 0.010133253149417069, 0.21333333333333335, 0.49142857142857144, 0.03377213929035598, 0.06, 0.2071428571427143, 0.00994804204662303, 0.28, 0.80571428571384, 0.011746530436334314, 0.29333333333333333, 0.4742857142835429, 0.0014667384877461351, 0.02, 0.87571428571422, 0.0510682493438041, 0.2866666666666667, 0.9399999999995485, 0.004461860398297855, 0.2733333333333333, 0.47428571428561145, 0.042499642035366055, 0.03333333333333333, 0.5942857142857, 0.06238157440235311, 0.3333333333333333, 0.28, 0.001285870193510074, 0.22666666666666666, 0.22999999999999715, 0.0165686355466282, 0.26666666666666666, 0.6185714285691428, 0.0016710137868781653, 0.0, 0.0, 0.0, 0.0, 0.0, 0.0, 0.0, 0.0, 0.0, 0.0, 0.0, 0.0, 0.0, 0.0, 0.0, 0.0, 0.0, 0.0, 0.0, 0.0, 0.0, 0.0, 0.0, 0.0, 0.0, 0.0, 0.0, 0.0, 0.0, 0.0, 0.0, 0.0, 0.0, 0.0, 0.0, 0.0, 0.0, 0.0, 0.0, 0.0, 0.0, 0.0, 0.0, 0.0, 0.0, 0.0, 0.0, 0.0, 0.0, 0.0, 0.0, 0.0, 0.0, 0.0, 0.0, 0.0, 0.0, 0.0, 0.0, 0.0, 0.0, 0.0, 0.0, 0.0, 0.0, 0.0, 0.0, 0.0, 0.0, 0.0, 0.0, 0.0, 0.0, 0.0, 0.0],[0, 0, 0, 0, 0, 0, 0, 0, 0, 0, 0, 0, 0, 0, 0, 0, 0, 0, 0, 0, 0, 0, 0, 0, 0, 0, 0, 0, 0, 0, 0, 0, 0, 0, 0, 0, 0, 0, 0, 0, 0, 0, 0, 0, 0, 0, 0, 0, 0, 0, 0, 0, 0, 0, 0, 0, 0, 0, 0, 0, 0, 0, 0, 0]
[0.0, 0.0, 0.0, 0.0, 0.0, 0.0, 0.0, 0.0, 0.0, 0.0, 0.0, 0.0, 0.0, 0.0, 0.0, 0.0, 0.0, 0.0, 0.0, 0.0, 0.0, 0.0, 0.0, 0.0, 0.0, 0.0, 0.0, 0.0, 0.0, 0.0, 0.0, 0.0, 0.0, 0.0, 0.0, 0.0, 0.0, 0.0, 0.0, 0.0, 0.0, 0.0, 0.0, 0.0, 0.0, 0.0, 0.0, 0.0, 0.0, 0.0, 0.0, 0.0, 0.0, 0.0, 0.0, 0.0, 0.0, 0.0, 0.0, 0.0, 0.0, 0.0, 0.0, 0.0, 0.0, 0.0, 0.0, 0.0, 0.0, 0.0, 0.0, 0.0, 0.0, 0.0, 0.0, 0.0, 0.0, 0.0, 0.0, 0.0, 0.0, 0.0, 0.0, 0.0, 0.0, 0.0, 0.0, 0.0, 0.0, 0.0, 1.0, 1.0, 1.0, 1.0, 1.0, 1.0, 1.0, 1.0, 1.0, 1.0, 1.0, 1.0, 1.0, 1.0, 1.0, 1.0, 1.0, 1.0, 1.0, 1.0, 1.0, 1.0, 1.0, 1.0, 1.0, 1.0, 1.0, 1.0, 1.0, 1.0, 1.0, 1.0, 1.0, 1.0, 1.0, 1.0, 1.0, 1.0, 1.0, 0.0, 0.0, 0.0, 0.0, 0.0, 0.0, 0.0, 0.0, 0.0, 0.0, 0.0, 0.0, 0.0, 0.0, 0.0, 0.0, 0.0, 0.0, 0.0, 0.0, 0.0, 0.16666666666666666, 0.5114285714275715, 0.03604971467502604, 0.22, 0.17428571428384285, 0.007998737063943842, 0.14666666666666667, 0.8514285714284743, 0.2563747341527021, 0.3, 0.8599999999997572, 0.013178405114411625, 0.24666666666666667, 0.47999999999952, 0.0038741969089500553, 0.31333333333333335, 0.3657142857127886, 0.004841042031844634, 0.2733333333333333, 0.7942857142853571, 0.16085936063077083, 0.14, 0.43999999999992, 0.03799279201348523, 0.16, 0.30428571428537143, 0.004062702531633132, 0.18, 0.9771428571426515, 0.019727990239609607, 0.23333333333333334, 0.1571428571426, 0.0011782234176249621, 0.2733333333333333, 0.6871428571427886, 0.06914648513962361, 0.31333333333333335, 0.80571428571348, 0.008997342461869073, 0.20666666666666667, 0.7242857142837028, 0.023515672448673634, 0.26, 0.7199999999997257, 0.009364639283831076, 0.24666666666666667, 0.9085714285711014, 0.029013954704440438, 0.32, 0.8542857142848, 0.04932790975647819, 0.26666666666666666, 0.5228571428571429, 0.022909483243557033, 0.2866666666666667, 0.95999999999962, 0.011717469252673777, 0.07333333333333333, 0.9528571428563314, 0.010630839478003452, 0.16666666666666666, 0.4342857142847143, 0.002900961327095825, 0.06, 0.6385714285712143, 0.015798363952416964, 0.26666666666666666, 0.8799999999994286, 0.006248231983901149, 0.16666666666666666, 0.22571428571357144, 0.003768792676816021, 0.10666666666666667, 0.21, 0.0016073377418875925, 0.22, 0.6014285714285357, 0.1339149910866318, 0.18, 0.8985714285714171, 0.24453888184968292, 0.32666666666666666, 0.19428571428525, 0.0032371390868055376, 0.31333333333333335, 0.6442857142856429, 0.010133253149417069, 0.21333333333333335, 0.49142857142857144, 0.03377213929035598, 0.06, 0.2071428571427143, 0.00994804204662303, 0.28, 0.80571428571384, 0.011746530436334314, 0.29333333333333333, 0.4742857142835429, 0.0014667384877461351, 0.02, 0.87571428571422, 0.0510682493438041, 0.2866666666666667, 0.9399999999995485, 0.004461860398297855, 0.2733333333333333, 0.47428571428561145, 0.042499642035366055, 0.03333333333333333, 0.5942857142857, 0.06238157440235311, 0.3333333333333333, 0.28, 0.001285870193510074, 0.22666666666666666, 0.22999999999999715, 0.0165686355466282, 0.26666666666666666, 0.6185714285691428, 0.0016710137868781653, 0.0, 0.0, 0.0, 0.0, 0.0, 0.0, 0.0, 0.0, 0.0, 0.0, 0.0, 0.0, 0.0, 0.0, 0.0, 0.0, 0.0, 0.0, 0.0, 0.0, 0.0, 0.0, 0.0, 0.0, 0.0, 0.0, 0.0, 0.0, 0.0, 0.0, 0.0, 0.0, 0.0, 0.0, 0.0, 0.0, 0.0, 0.0, 0.0, 0.0, 0.0, 0.0, 0.0, 0.0, 0.0, 0.0, 0.0, 0.0, 0.0, 0.0, 0.0, 0.0, 0.0, 0.0, 0.0, 0.0, 0.0, 0.0, 0.0, 0.0, 0.0, 0.0, 0.0, 0.0, 0.0, 0.0, 0.0, 0.0, 0.0, 0.0, 0.0, 0.0],[1, 0, 0, 0, 0, 0, 0, 0, 0, 0, 0, 0, 0, 0, 0, 0, 0, 0, 0, 1, 0, 0, 0, 0, 0, 0, 0, 0, 0, 0, 0, 0, 0, 1, 0, 0, 0, 0, 0, 0, 0, 0, 0, 0, 0, 0, 0, 0, 0, 0, 0, 0, 0, 0, 0, 0, 0, 0, 0, 0, 0, 0, 0, 0]
[0.0, 0.0, 0.0, 0.0, 0.0, 0.0, 0.0, 0.0, 0.0, 0.0, 0.0, 0.0, 0.0, 0.0, 0.0, 0.0, 0.0, 0.0, 0.0, 0.0, 0.0, 0.0, 0.0, 0.0, 0.0, 0.0, 0.0, 0.0, 0.0, 0.0, 0.0, 0.0, 0.0, 0.0, 0.0, 0.0, 0.0, 0.0, 0.0, 0.0, 0.0, 0.0, 0.0, 0.0, 0.0, 0.0, 0.0, 0.0, 0.0, 0.0, 0.0, 0.0, 0.0, 0.0, 0.0, 0.0, 0.0, 0.0, 0.0, 0.0, 0.0, 0.0, 0.0, 0.0, 0.0, 0.0, 0.0, 0.0, 0.0, 0.0, 0.0, 0.0, 0.0, 0.0, 0.0, 0.0, 0.0, 0.0, 0.0, 0.0, 0.0, 0.0, 0.0, 0.0, 0.0, 0.0, 0.0, 0.0, 0.0, 0.0, 0.0, 0.0, 0.0, 0.0, 0.0, 0.0, 0.0, 0.0, 0.0, 0.0, 0.0, 0.0, 0.0, 0.0, 0.0, 0.0, 0.0, 0.0, 0.0, 0.0, 0.0, 0.0, 0.0, 0.0, 0.0, 0.0, 0.0, 0.0, 0.0, 0.0, 0.0, 0.0, 0.0, 0.0, 0.0, 0.0, 0.0, 0.0, 0.0, 0.0, 0.0, 0.0, 0.0, 0.0, 0.0, 0.0, 0.0, 0.0, 0.0, 0.0, 0.0, 0.0, 0.0, 0.0, 0.0, 0.0, 0.0, 0.0, 0.0, 0.0, 0.22, 0.17428571428384285, 0.007998737063943842, 0.14666666666666667, 0.8514285714284743, 0.2563747341527021, 0.3, 0.8599999999997572, 0.013178405114411625, 0.24666666666666667, 0.47999999999952, 0.0038741969089500553, 0.31333333333333335, 0.3657142857127886, 0.004841042031844634, 0.2733333333333333, 0.7942857142853571, 0.16085936063077083, 0.14, 0.43999999999992, 0.03799279201348523, 0.16, 0.30428571428537143, 0.004062702531633132, 0.18, 0.9771428571426515, 0.019727990239609607, 0.23333333333333334, 0.1571428571426, 0.0011782234176249621, 0.2733333333333333, 0.6871428571427886, 0.06914648513962361, 0.31333333333333335, 0.80571428571348, 0.008997342461869073, 0.20666666666666667, 0.7242857142837028, 0.023515672448673634, 0.26, 0.7199999999997257, 0.009364639283831076, 0.24666666666666667, 0.9085714285711014, 0.029013954704440438, 0.32, 0.8542857142848, 0.04932790975647819, 0.26666666666666666, 0.5228571428571429, 0.022909483243557033, 0.2866666666666667, 0.95999999999962, 0.011717469252673777, 0.16666666666666666, 0.4342857142847143, 0.002900961327095825, 0.06, 0.6385714285712143, 0.015798363952416964, 0.26666666666666666, 0.8799999999994286, 0.006248231983901149, 0.16666666666666666, 0.22571428571357144, 0.003768792676816021, 0.10666666666666667, 0.21, 0.0016073377418875925, 0.22, 0.6014285714285357, 0.1339149910866318, 0.18, 0.8985714285714171, 0.24453888184968292, 0.32666666666666666, 0.19428571428525, 0.0032371390868055376, 0.31333333333333335, 0.6442857142856429, 0.010133253149417069, 0.21333333333333335, 0.49142857142857144, 0.03377213929035598, 0.06, 0.2071428571427143, 0.00994804204662303, 0.28, 0.80571428571384, 0.011746530436334314, 0.29333333333333333, 0.4742857142835429, 0.0014667384877461351, 0.2866666666666667, 0.9399999999995485, 0.004461860398297855, 0.2733333333333333, 0.47428571428561145, 0.042499642035366055, 0.03333333333333333, 0.5942857142857, 0.06238157440235311, 0.3333333333333333, 0.28, 0.001285870193510074, 0.22666666666666666, 0.22999999999999715, 0.0165686355466282, 0.26666666666666666, 0.6185714285691428, 0.0016710137868781653, 0.0, 0.0, 0.0, 0.0, 0.0, 0.0, 0.0, 0.0, 0.0, 0.0, 0.0, 0.0, 0.0, 0.0, 0.0, 0.0, 0.0, 0.0, 0.0, 0.0, 0.0, 0.0, 0.0, 0.0, 0.0, 0.0, 0.0, 0.0, 0.0, 0.0, 0.0, 0.0, 0.0, 0.0, 0.0, 0.0, 0.0, 0.0, 0.0, 0.0, 0.0, 0.0, 0.0, 0.0, 0.0, 0.0, 0.0, 0.0, 0.0, 0.0, 0.0, 0.0, 0.0, 0.0, 0.0, 0.0, 0.0, 0.0, 0.0, 0.0, 0.0, 0.0, 0.0, 0.0, 0.0, 0.0, 0.0, 0.0, 0.0, 0.0, 0.0, 0.0, 0.0, 0.0, 0.0, 0.0, 0.0, 0.0, 0.0, 0.0, 0.0],[0, 0, 0, 0, 0, 0, 0, 0, 0, 0, 0, 0, 0, 0, 0, 0, 0, 0, 0, 0, 0, 0, 0, 0, 0, 0, 0, 0, 0, 0, 0, 0, 0, 0, 0, 0, 0, 0, 0, 0, 0, 0, 0, 0, 0, 0, 0, 0, 0, 0, 0, 0, 0, 0, 0, 0, 0, 0, 0, 0, 0, 0, 0, 0]
[0.0, 0.0, 0.0, 1.0, 1.0, 1.0, 1.0, 1.0, 1.0, 1.0, 1.0, 1.0, 1.0, 1.0, 1.0, 1.0, 1.0, 1.0, 1.0, 1.0, 1.0, 1.0, 1.0, 1.0, 1.0, 1.0, 1.0, 1.0, 1.0, 1.0, 1.0, 0.0, 0.0, 0.0, 0.0, 0.0, 0.0, 0.0, 0.0, 0.0, 0.0, 0.0, 0.0, 0.0, 0.0, 0.0, 0.0, 0.0, 0.0, 0.0, 0.0, 0.0, 0.0, 0.0, 0.0, 0.0, 0.0, 0.0, 0.0, 0.0, 0.0, 0.0, 0.0, 0.0, 0.0, 0.0, 0.0, 0.0, 0.0, 0.0, 0.0, 0.0, 0.0, 0.0, 0.0, 0.0, 0.0, 0.0, 0.0, 0.0, 0.0, 0.0, 0.0, 0.0, 0.0, 0.0, 0.0, 0.0, 0.0, 0.0, 0.0, 0.0, 0.0, 0.0, 0.0, 0.0, 0.0, 0.0, 0.0, 0.0, 0.0, 0.0, 0.0, 0.0, 0.0, 0.0, 0.0, 0.0, 0.0, 0.0, 0.0, 0.0, 0.0, 0.0, 0.0, 0.0, 0.0, 0.0, 0.0, 0.0, 0.0, 0.0, 0.0, 0.0, 0.0, 0.0, 0.0, 0.0, 0.0, 0.0, 0.0, 0.0, 0.0, 0.0, 0.0, 0.0, 0.0, 0.0, 0.0, 0.0, 0.0, 0.0, 0.0, 0.0, 0.0, 0.0, 0.0, 0.0, 1.0, 0.0, 0.16666666666666666, 0.4057142857142857, 0.03319613238391118, 0.22, 0.17428571428384285, 0.007998737063943842, 0.14666666666666667, 0.8514285714284743, 0.2563747341527021, 0.3, 0.8599999999997572, 0.013178405114411625, 0.24666666666666667, 0.47999999999952, 0.0038741969089500553, 0.31333333333333335, 0.3657142857127886, 0.004841042031844634, 0.2733333333333333, 0.7942857142853571, 0.16085936063077083, 0.14, 0.43999999999992, 0.03799279201348523, 0.16, 0.30428571428537143, 0.004062702531633132, 0.18, 0.9771428571426515, 0.019727990239609607, 0.23333333333333334, 0.1571428571426, 0.0011782234176249621, 0.2733333333333333, 0.6871428571427886, 0.06914648513962361, 0.31333333333333335, 0.80571428571348, 0.008997342461869073, 0.20666666666666667, 0.7242857142837028, 0.023515672448673634, 0.26, 0.7199999999997257, 0.009364639283831076, 0.24666666666666667, 0.9085714285711014, 0.029013954704440438, 0.32, 0.8542857142848, 0.04932790975647819, 0.26666666666666666, 0.5228571428571429, 0.022909483243557033, 0.2866666666666667, 0.95999999999962, 0.011717469252673777, 0.16666666666666666, 0.4342857142847143, 0.002900961327095825, 0.06, 0.6385714285712143, 0.015798363952416964, 0.26666666666666666, 0.8799999999994286, 0.006248231983901149, 0.16666666666666666, 0.22571428571357144, 0.003768792676816021, 0.10666666666666667, 0.21, 0.0016073377418875925, 0.22, 0.6014285714285357, 0.1339149910866318, 0.18, 0.8985714285714171, 0.24453888184968292, 0.32666666666666666, 0.19428571428525, 0.0032371390868055376, 0.31333333333333335, 0.6442857142856429, 0.010133253149417069, 0.21333333333333335, 0.49142857142857144, 0.03377213929035598, 0.06, 0.2071428571427143, 0.00994804204662303, 0.28, 0.80571428571384, 0.011746530436334314, 0.29333333333333333, 0.4742857142835429, 0.0014667384877461351, 0.2866666666666667, 0.9399999999995485, 0.004461860398297855, 0.2733333333333333, 0.47428571428561145, 0.042499642035366055, 0.03333333333333333, 0.5942857142857, 0.06238157440235311, 0.3333333333333333, 0.28, 0.001285870193510074, 0.22666666666666666, 0.22999999999999715, 0.0165686355466282, 0.26666666666666666, 0.6185714285691428, 0.0016710137868781653, 0.0, 0.0, 0.0, 0.0, 0.0, 0.0, 0.0, 0.0, 0.0, 0.0, 0.0, 0.0, 0.0, 0.0, 0.0, 0.0, 0.0, 0.0, 0.0, 0.0, 0.0, 0.0, 0.0, 0.0, 0.0, 0.0, 0.0, 0.0, 0.0, 0.0, 0.0, 0.0, 0.0, 0.0, 0.0, 0.0, 0.0, 0.0, 0.0, 0.0, 0.0, 0.0, 0.0, 0.0, 0.0, 0.0, 0.0, 0.0, 0.0, 0.0, 0.0, 0.0, 0.0, 0.0, 0.0, 0.0, 0.0, 0.0, 0.0, 0.0, 0.0, 0.0, 0.0, 0.0, 0.0, 0.0, 0.0, 0.0, 0.0, 0.0, 0.0, 0.0, 0.0, 0.0, 0.0, 0.0, 0.0, 0.0],[1, 0, 0, 0, 0, 0, 0, 0, 0, 0, 0, 0, 0, 0, 0, 0, 0, 0, 0, 0, 0, 0, 0, 0, 0, 0, 0, 0, 0, 0, 0, 0, 0, 0, 0, 0, 0, 0, 0, 0, 0, 0, 0, 0, 0, 0, 0, 0, 0, 0, 0, 0, 0, 0, 0, 0, 0, 0, 0, 0, 0, 0, 0, 0]
[0.0, 0.0, 0.0, 0.0, 0.0, 0.0, 0.0, 0.0, 0.0, 0.0, 0.0, 0.0, 0.0, 0.0, 0.0, 0.0, 0.0, 0.0, 0.0, 0.0, 0.0, 0.0, 0.0, 0.0, 0.0, 0.0, 0.0, 0.0, 1.0, 1.0, 1.0, 0.0, 0.0, 0.0, 0.0, 0.0, 0.0, 0.0, 0.0, 0.0, 0.0, 0.0, 0.0, 0.0, 0.0, 0.0, 0.0, 0.0, 0.0, 0.0, 0.0, 0.0, 0.0, 0.0, 0.0, 0.0, 0.0, 0.0, 0.0, 0.0, 0.0, 0.0, 0.0, 0.0, 0.0, 0.0, 0.0, 0.0, 0.0, 0.0, 0.0, 0.0, 0.0, 0.0, 0.0, 0.0, 0.0, 0.0, 0.0, 0.0, 0.0, 0.0, 0.0, 0.0, 0.0, 0.0, 0.0, 0.0, 0.0, 0.0, 0.0, 0.0, 0.0, 0.0, 0.0, 0.0, 0.0, 0.0, 0.0, 0.0, 0.0, 0.0, 0.0, 0.0, 0.0, 0.0, 0.0, 0.0, 0.0, 0.0, 0.0, 0.0, 0.0, 0.0, 0.0, 0.0, 0.0, 0.0, 0.0, 0.0, 0.0, 0.0, 0.0, 0.0, 0.0, 0.0, 0.0, 0.0, 0.0, 0.0, 0.0, 0.0, 0.0, 0.0, 0.0, 0.0, 0.0, 0.0, 0.0, 0.0, 0.0, 0.0, 0.0, 0.0, 0.0, 0.0, 0.0, 0.0, 1.0, 0.0, 0.22, 0.17428571428384285, 0.007998737063943842, 0.14666666666666667, 0.8514285714284743, 0.2563747341527021, 0.3, 0.8599999999997572, 0.013178405114411625, 0.24666666666666667, 0.47999999999952, 0.0038741969089500553, 0.31333333333333335, 0.3657142857127886, 0.004841042031844634, 0.2733333333333333, 0.7942857142853571, 0.16085936063077083, 0.14, 0.43999999999992, 0.03799279201348523, 0.16, 0.30428571428537143, 0.004062702531633132, 0.18, 0.9771428571426515, 0.019727990239609607, 0.23333333333333334, 0.1571428571426, 0.0011782234176249621, 0.2733333333333333, 0.6871428571427886, 0.06914648513962361, 0.31333333333333335, 0.80571428571348, 0.008997342461869073, 0.20666666666666667, 0.7242857142837028, 0.023515672448673634, 0.26, 0.7199999999997257, 0.009364639283831076, 0.24666666666666667, 0.9085714285711014, 0.029013954704440438, 0.32, 0.8542857142848, 0.04932790975647819, 0.26666666666666666, 0.5228571428571429, 0.022909483243557033, 0.2866666666666667, 0.95999999999962, 0.011717469252673777, 0.16666666666666666, 0.4342857142847143, 0.002900961327095825, 0.06, 0.6385714285712143, 0.015798363952416964, 0.26666666666666666, 0.8799999999994286, 0.006248231983901149, 0.16666666666666666, 0.22571428571357144, 0.003768792676816021, 0.10666666666666667, 0.21, 0.0016073377418875925, 0.22, 0.6014285714285357, 0.1339149910866318, 0.18, 0.8985714285714171, 0.24453888184968292, 0.32666666666666666, 0.19428571428525, 0.0032371390868055376, 0.31333333333333335, 0.6442857142856429, 0.010133253149417069, 0.21333333333333335, 0.49142857142857144, 0.03377213929035598, 0.06, 0.2071428571427143, 0.00994804204662303, 0.28, 0.80571428571384, 0.011746530436334314, 0.29333333333333333, 0.4742857142835429, 0.0014667384877461351, 0.2866666666666667, 0.9399999999995485, 0.004461860398297855, 0.2733333333333333, 0.47428571428561145, 0.042499642035366055, 0.03333333333333333, 0.5942857142857, 0.06238157440235311, 0.3333333333333333, 0.28, 0.001285870193510074, 0.22666666666666666, 0.22999999999999715, 0.0165686355466282, 0.26666666666666666, 0.6185714285691428, 0.0016710137868781653, 0.0, 0.0, 0.0, 0.0, 0.0, 0.0, 0.0, 0.0, 0.0, 0.0, 0.0, 0.0, 0.0, 0.0, 0.0, 0.0, 0.0, 0.0, 0.0, 0.0, 0.0, 0.0, 0.0, 0.0, 0.0, 0.0, 0.0, 0.0, 0.0, 0.0, 0.0, 0.0, 0.0, 0.0, 0.0, 0.0, 0.0, 0.0, 0.0, 0.0, 0.0, 0.0, 0.0, 0.0, 0.0, 0.0, 0.0, 0.0, 0.0, 0.0, 0.0, 0.0, 0.0, 0.0, 0.0, 0.0, 0.0, 0.0, 0.0, 0.0, 0.0, 0.0, 0.0, 0.0, 0.0, 0.0, 0.0, 0.0, 0.0, 0.0, 0.0, 0.0, 0.0, 0.0, 0.0, 0.0, 0.0, 0.0, 0.0, 0.0, 0.0],[0, 0, 0, 0, 0, 0, 0, 0, 0, 0, 0, 0, 0, 0, 0, 0, 0, 0, 0, 0, 0, 0, 0, 0, 0, 0, 0, 0, 0, 0, 0, 0, 0, 0, 0, 0, 0, 0, 0, 0, 0, 0, 0, 0, 0, 0, 0, 0, 0, 0, 0, 0, 0, 0, 0, 0, 0, 0, 0, 0, 0, 0, 0, 0]
[0.0, 0.0, 0.0, 0.0, 0.0, 0.0, 0.0, 0.0, 0.0, 0.0, 0.0, 0.0, 0.0, 0.0, 0.0, 0.0, 0.0, 0.0, 0.0, 0.0, 0.0, 0.0, 0.0, 0.0, 0.0, 0.0, 0.0, 0.0, 1.0, 1.0, 1.0, 0.0, 0.0, 0.0, 0.0, 0.0, 0.0, 0.0, 0.0, 0.0, 0.0, 0.0, 0.0, 0.0, 0.0, 0.0, 0.0, 0.0, 0.0, 0.0, 0.0, 0.0, 0.0, 0.0, 0.0, 0.0, 0.0, 0.0, 0.0, 0.0, 0.0, 0.0, 0.0, 0.0, 0.0, 0.0, 0.0, 0.0, 0.0, 0.0, 0.0, 0.0, 0.0, 0.0, 0.0, 0.0, 0.0, 0.0, 0.0, 0.0, 0.0, 0.0, 0.0, 0.0, 0.0, 0.0, 0.0, 0.0, 0.0, 0.0, 1.0, 1.0, 1.0, 1.0, 1.0, 1.0, 1.0, 1.0, 1.0, 1.0, 1.0, 1.0, 1.0, 1.0, 1.0, 1.0, 1.0, 1.0, 1.0, 1.0, 1.0, 1.0, 1.0, 1.0, 1.0, 0.0, 0.0, 0.0, 0.0, 0.0, 0.0, 0.0, 0.0, 0.0, 0.0, 0.0, 0.0, 0.0, 0.0, 0.0, 0.0, 0.0, 0.0, 0.0, 0.0, 0.0, 0.0, 0.0, 0.0, 0.0, 0.0, 0.0, 0.0, 0.0, 0.0, 0.0, 0.0, 0.0, 1.0, 0.0, 0.22, 0.17428571428384285, 0.007998737063943842, 0.14666666666666667, 0.8514285714284743, 0.2563747341527021, 0.013333333333333334, 0.44571428571428573, 0.12913033772018517, 0.07333333333333333, 0.78571428571416, 0.030241068794368733, 0.3, 0.8599999999997572, 0.013178405114411625, 0.24666666666666667, 0.47999999999952, 0.0038741969089500553, 0.31333333333333335, 0.3657142857127886, 0.004841042031844634, 0.2733333333333333, 0.7942857142853571, 0.16085936063077083, 0.14, 0.43999999999992, 0.03799279201348523, 0.16, 0.30428571428537143, 0.004062702531633132, 0.18, 0.9771428571426515, 0.019727990239609607, 0.23333333333333334, 0.1571428571426, 0.0011782234176249621, 0.2733333333333333, 0.6871428571427886, 0.06914648513962361, 0.31333333333333335, 0.80571428571348, 0.008997342461869073, 0.20666666666666667, 0.7242857142837028, 0.023515672448673634, 0.26, 0.7199999999997257, 0.009364639283831076, 0.24666666666666667, 0.9085714285711014, 0.029013954704440438, 0.32, 0.8542857142848, 0.04932790975647819, 0.26666666666666666, 0.5228571428571429, 0.022909483243557033, 0.2866666666666667, 0.95999999999962, 0.011717469252673777, 0.16666666666666666, 0.4342857142847143, 0.002900961327095825, 0.06, 0.6385714285712143, 0.015798363952416964, 0.26666666666666666, 0.8799999999994286, 0.006248231983901149, 0.16666666666666666, 0.22571428571357144, 0.003768792676816021, 0.10666666666666667, 0.21, 0.0016073377418875925, 0.22, 0.6014285714285357, 0.1339149910866318, 0.18, 0.8985714285714171, 0.24453888184968292, 0.32666666666666666, 0.19428571428525, 0.0032371390868055376, 0.31333333333333335, 0.6442857142856429, 0.010133253149417069, 0.21333333333333335, 0.49142857142857144, 0.03377213929035598, 0.06, 0.2071428571427143, 0.00994804204662303, 0.28, 0.80571428571384, 0.011746530436334314, 0.29333333333333333, 0.4742857142835429, 0.0014667384877461351, 0.2866666666666667, 0.9399999999995485, 0.004461860398297855, 0.2733333333333333, 0.47428571428561145, 0.042499642035366055, 0.03333333333333333, 0.5942857142857, 0.06238157440235311, 0.3333333333333333, 0.28, 0.001285870193510074, 0.22666666666666666, 0.22999999999999715, 0.0165686355466282, 0.26666666666666666, 0.6185714285691428, 0.0016710137868781653, 0.0, 0.0, 0.0, 0.0, 0.0, 0.0, 0.0, 0.0, 0.0, 0.0, 0.0, 0.0, 0.0, 0.0, 0.0, 0.0, 0.0, 0.0, 0.0, 0.0, 0.0, 0.0, 0.0, 0.0, 0.0, 0.0, 0.0, 0.0, 0.0, 0.0, 0.0, 0.0, 0.0, 0.0, 0.0, 0.0, 0.0, 0.0, 0.0, 0.0, 0.0, 0.0, 0.0, 0.0, 0.0, 0.0, 0.0, 0.0, 0.0, 0.0, 0.0, 0.0, 0.0, 0.0, 0.0, 0.0, 0.0, 0.0, 0.0, 0.0, 0.0, 0.0, 0.0, 0.0, 0.0, 0.0, 0.0, 0.0, 0.0, 0.0, 0.0, 0.0, 0.0, 0.0, 0.0],[0, 1, 1, 0, 0, 0, 0, 0, 0, 0, 0, 0, 0, 0, 0, 0, 0, 0, 0, 0, 0, 0, 0, 0, 0, 0, 0, 0, 0, 0, 0, 0, 0, 0, 0, 1, 0, 0, 0, 0, 0, 0, 0, 0, 0, 0, 0, 0, 0, 0, 0, 0, 0, 0, 0, 0, 0, 0, 0, 0, 0, 0, 0, 0]
[0.0, 0.0, 0.0, 0.0, 0.0, 0.0, 0.0, 0.0, 0.0, 0.0, 0.0, 0.0, 0.0, 0.0, 0.0, 0.0, 0.0, 0.0, 0.0, 0.0, 0.0, 0.0, 0.0, 0.0, 0.0, 0.0, 0.0, 0.0, 0.0, 0.0, 0.0, 0.0, 0.0, 0.0, 0.0, 0.0, 0.0, 0.0, 0.0, 0.0, 0.0, 0.0, 0.0, 0.0, 0.0, 0.0, 0.0, 0.0, 0.0, 0.0, 0.0, 0.0, 0.0, 0.0, 0.0, 0.0, 0.0, 0.0, 0.0, 0.0, 0.0, 0.0, 0.0, 0.0, 0.0, 0.0, 0.0, 0.0, 0.0, 0.0, 0.0, 0.0, 0.0, 0.0, 0.0, 0.0, 0.0, 0.0, 0.0, 0.0, 0.0, 0.0, 0.0, 0.0, 0.0, 0.0, 0.0, 0.0, 0.0, 0.0, 0.0, 0.0, 0.0, 0.0, 0.0, 0.0, 0.0, 0.0, 0.0, 0.0, 0.0, 0.0, 0.0, 0.0, 0.0, 0.0, 0.0, 0.0, 0.0, 0.0, 0.0, 0.0, 0.0, 0.0, 0.0, 0.0, 0.0, 0.0, 0.0, 0.0, 0.0, 0.0, 0.0, 0.0, 0.0, 0.0, 0.0, 0.0, 0.0, 0.0, 0.0, 0.0, 0.0, 0.0, 0.0, 0.0, 0.0, 0.0, 0.0, 0.0, 0.0, 0.0, 0.0, 0.0, 0.0, 0.0, 0.0, 0.0, 0.0, 0.0, 0.22, 0.17428571428384285, 0.007998737063943842, 0.07333333333333333, 0.78571428571416, 0.030241068794368733, 0.3, 0.8599999999997572, 0.013178405114411625, 0.24666666666666667, 0.47999999999952, 0.0038741969089500553, 0.31333333333333335, 0.3657142857127886, 0.004841042031844634, 0.2733333333333333, 0.7942857142853571, 0.16085936063077083, 0.14, 0.43999999999992, 0.03799279201348523, 0.16, 0.30428571428537143, 0.004062702531633132, 0.18, 0.9771428571426515, 0.019727990239609607, 0.23333333333333334, 0.1571428571426, 0.0011782234176249621, 0.2733333333333333, 0.6871428571427886, 0.06914648513962361, 0.31333333333333335, 0.80571428571348, 0.008997342461869073, 0.20666666666666667, 0.7242857142837028, 0.023515672448673634, 0.26, 0.7199999999997257, 0.009364639283831076, 0.24666666666666667, 0.9085714285711014, 0.029013954704440438, 0.32, 0.8542857142848, 0.04932790975647819, 0.26666666666666666, 0.5228571428571429, 0.022909483243557033, 0.2866666666666667, 0.95999999999962, 0.011717469252673777, 0.16666666666666666, 0.4342857142847143, 0.002900961327095825, 0.06, 0.6385714285712143, 0.015798363952416964, 0.26666666666666666, 0.8799999999994286, 0.006248231983901149, 0.16666666666666666, 0.22571428571357144, 0.003768792676816021, 0.10666666666666667, 0.21, 0.0016073377418875925, 0.22, 0.6014285714285357, 0.1339149910866318, 0.18, 0.8985714285714171, 0.24453888184968292, 0.32666666666666666, 0.19428571428525, 0.0032371390868055376, 0.31333333333333335, 0.6442857142856429, 0.010133253149417069, 0.21333333333333335, 0.49142857142857144, 0.03377213929035598, 0.06, 0.2071428571427143, 0.00994804204662303, 0.28, 0.80571428571384, 0.011746530436334314, 0.29333333333333333, 0.4742857142835429, 0.0014667384877461351, 0.2866666666666667, 0.9399999999995485, 0.004461860398297855, 0.2733333333333333, 0.47428571428561145, 0.042499642035366055, 0.3333333333333333, 0.28, 0.001285870193510074, 0.22666666666666666, 0.22999999999999715, 0.0165686355466282, 0.26666666666666666, 0.6185714285691428, 0.0016710137868781653, 0.0, 0.0, 0.0, 0.0, 0.0, 0.0, 0.0, 0.0, 0.0, 0.0, 0.0, 0.0, 0.0, 0.0, 0.0, 0.0, 0.0, 0.0, 0.0, 0.0, 0.0, 0.0, 0.0, 0.0, 0.0, 0.0, 0.0, 0.0, 0.0, 0.0, 0.0, 0.0, 0.0, 0.0, 0.0, 0.0, 0.0, 0.0, 0.0, 0.0, 0.0, 0.0, 0.0, 0.0, 0.0, 0.0, 0.0, 0.0, 0.0, 0.0, 0.0, 0.0, 0.0, 0.0, 0.0, 0.0, 0.0, 0.0, 0.0, 0.0, 0.0, 0.0, 0.0, 0.0, 0.0, 0.0, 0.0, 0.0, 0.0, 0.0, 0.0, 0.0, 0.0, 0.0, 0.0, 0.0, 0.0, 0.0, 0.0, 0.0, 0.0, 0.0, 0.0, 0.0],[0, 0, 0, 0, 0, 0, 0, 0, 0, 0, 0, 0, 0, 0, 0, 0, 0, 0, 0, 0, 0, 0, 0, 0, 0, 0, 0, 0, 0, 0, 0, 0, 0, 0, 0, 0, 0, 0, 0, 0, 0, 0, 0, 0, 0, 0, 0, 0, 0, 0, 0, 0, 0, 0, 0, 0, 0, 0, 0, 0, 0, 0, 0, 0]
[0.0, 0.0, 0.0, 0.0, 0.0, 0.0, 0.0, 0.0, 0.0, 0.0, 0.0, 0.0, 0.0, 0.0, 0.0, 0.0, 0.0, 0.0, 0.0, 0.0, 0.0, 0.0, 0.0, 0.0, 0.0, 0.0, 0.0, 0.0, 0.0, 0.0, 0.0, 0.0, 0.0, 0.0, 0.0, 0.0, 0.0, 0.0, 0.0, 0.0, 0.0, 0.0, 0.0, 0.0, 0.0, 0.0, 0.0, 0.0, 0.0, 0.0, 0.0, 0.0, 0.0, 0.0, 0.0, 0.0, 0.0, 0.0, 0.0, 0.0, 0.0, 0.0, 0.0, 0.0, 0.0, 0.0, 0.0, 0.0, 0.0, 0.0, 1.0, 1.0, 1.0, 1.0, 1.0, 1.0, 1.0, 1.0, 1.0, 1.0, 1.0, 1.0, 0.0, 0.0, 0.0, 0.0, 0.0, 0.0, 0.0, 0.0, 0.0, 0.0, 0.0, 0.0, 0.0, 0.0, 0.0, 0.0, 0.0, 0.0, 0.0, 0.0, 0.0, 0.0, 0.0, 0.0, 0.0, 0.0, 0.0, 0.0, 0.0, 0.0, 0.0, 0.0, 0.0, 0.0, 0.0, 0.0, 0.0, 0.0, 0.0, 0.0, 0.0, 0.0, 0.0, 0.0, 0.0, 0.0, 0.0, 0.0, 0.0, 0.0, 0.0, 0.0, 0.0, 0.0, 0.0, 0.0, 0.0, 0.0, 0.0, 0.0, 0.0, 0.0, 0.0, 0.0, 0.0, 0.0, 0.0, 0.0, 0.22, 0.17428571428384285, 0.007998737063943842, 0.2866666666666667, 0.29285714285701286, 0.07323129372435136, 0.07333333333333333, 0.78571428571416, 0.030241068794368733, 0.3, 0.8599999999997572, 0.013178405114411625, 0.24666666666666667, 0.47999999999952, 0.0038741969089500553, 0.31333333333333335, 0.3657142857127886, 0.004841042031844634, 0.2733333333333333, 0.7942857142853571, 0.16085936063077083, 0.14, 0.43999999999992, 0.03799279201348523, 0.16, 0.30428571428537143, 0.004062702531633132, 0.18, 0.9771428571426515, 0.019727990239609607, 0.23333333333333334, 0.1571428571426, 0.0011782234176249621, 0.2733333333333333, 0.6871428571427886, 0.06914648513962361, 0.31333333333333335, 0.80571428571348, 0.008997342461869073, 0.20666666666666667, 0.7242857142837028, 0.023515672448673634, 0.26, 0.7199999999997257, 0.009364639283831076, 0.24666666666666667, 0.9085714285711014, 0.029013954704440438, 0.32, 0.8542857142848, 0.04932790975647819, 0.26666666666666666, 0.5228571428571429, 0.022909483243557033, 0.2866666666666667, 0.95999999999962, 0.011717469252673777, 0.16666666666666666, 0.4342857142847143, 0.002900961327095825, 0.06, 0.6385714285712143, 0.015798363952416964, 0.26666666666666666, 0.8799999999994286, 0.006248231983901149, 0.16666666666666666, 0.22571428571357144, 0.003768792676816021, 0.10666666666666667, 0.21, 0.0016073377418875925, 0.22, 0.6014285714285357, 0.1339149910866318, 0.18, 0.8985714285714171, 0.24453888184968292, 0.32666666666666666, 0.19428571428525, 0.0032371390868055376, 0.31333333333333335, 0.6442857142856429, 0.010133253149417069, 0.21333333333333335, 0.49142857142857144, 0.03377213929035598, 0.06, 0.2071428571427143, 0.00994804204662303, 0.28, 0.80571428571384, 0.011746530436334314, 0.29333333333333333, 0.4742857142835429, 0.0014667384877461351, 0.2866666666666667, 0.9399999999995485, 0.004461860398297855, 0.2733333333333333, 0.47428571428561145, 0.042499642035366055, 0.3333333333333333, 0.28, 0.001285870193510074, 0.22666666666666666, 0.22999999999999715, 0.0165686355466282, 0.26666666666666666, 0.6185714285691428, 0.0016710137868781653, 0.0, 0.0, 0.0, 0.0, 0.0, 0.0, 0.0, 0.0, 0.0, 0.0, 0.0, 0.0, 0.0, 0.0, 0.0, 0.0, 0.0, 0.0, 0.0, 0.0, 0.0, 0.0, 0.0, 0.0, 0.0, 0.0, 0.0, 0.0, 0.0, 0.0, 0.0, 0.0, 0.0, 0.0, 0.0, 0.0, 0.0, 0.0, 0.0, 0.0, 0.0, 0.0, 0.0, 0.0, 0.0, 0.0, 0.0, 0.0, 0.0, 0.0, 0.0, 0.0, 0.0, 0.0, 0.0, 0.0, 0.0, 0.0, 0.0, 0.0, 0.0, 0.0, 0.0, 0.0, 0.0, 0.0, 0.0, 0.0, 0.0, 0.0, 0.0, 0.0, 0.0, 0.0, 0.0, 0.0, 0.0, 0.0, 0.0, 0.0, 0.0],[0, 0, 1, 0, 0, 0, 0, 0, 0, 0, 0, 0, 0, 0, 0, 0, 0, 0, 0, 0, 0, 0, 0, 0, 0, 0, 0, 0, 0, 0, 0, 0, 0, 0, 0, 0, 0, 0, 0, 0, 0, 0, 0, 0, 0, 0, 0, 0, 0, 0, 0, 0, 0, 0, 0, 0, 0, 0, 0, 0, 0, 0, 0, 0]
[0.0, 0.0, 0.0, 0.0, 0.0, 0.0, 0.0, 0.0, 0.0, 0.0, 0.0, 0.0, 0.0, 0.0, 0.0, 0.0, 0.0, 0.0, 0.0, 0.0, 0.0, 0.0, 0.0, 0.0, 0.0, 0.0, 0.0, 0.0, 0.0, 0.0, 0.0, 0.0, 0.0, 0.0, 0.0, 0.0, 0.0, 0.0, 0.0, 0.0, 0.0, 0.0, 0.0, 0.0, 0.0, 0.0, 0.0, 0.0, 0.0, 0.0, 0.0, 0.0, 0.0, 0.0, 0.0, 0.0, 0.0, 0.0, 0.0, 0.0, 0.0, 0.0, 0.0, 0.0, 0.0, 0.0, 0.0, 0.0, 0.0, 0.0, 0.0, 0.0, 0.0, 0.0, 0.0, 0.0, 0.0, 0.0, 0.0, 0.0, 0.0, 1.0, 0.0, 0.0, 0.0, 0.0, 0.0, 0.0, 0.0, 0.0, 0.0, 0.0, 0.0, 0.0, 0.0, 0.0, 0.0, 0.0, 0.0, 0.0, 0.0, 0.0, 0.0, 0.0, 0.0, 0.0, 0.0, 0.0, 0.0, 0.0, 0.0, 0.0, 0.0, 0.0, 0.0, 0.0, 0.0, 0.0, 0.0, 0.0, 0.0, 0.0, 0.0, 0.0, 0.0, 0.0, 0.0, 0.0, 0.0, 0.0, 0.0, 0.0, 0.0, 0.0, 0.0, 0.0, 0.0, 0.0, 0.0, 0.0, 0.0, 0.0, 0.0, 0.0, 0.0, 0.0, 0.0, 0.0, 0.0, 0.0, 0.22, 0.17428571428384285, 0.007998737063943842, 0.2866666666666667, 0.29285714285701286, 0.07323129372435136, 0.3, 0.8599999999997572, 0.013178405114411625, 0.24666666666666667, 0.47999999999952, 0.0038741969089500553, 0.31333333333333335, 0.3657142857127886, 0.004841042031844634, 0.2733333333333333, 0.7942857142853571, 0.16085936063077083, 0.14, 0.43999999999992, 0.03799279201348523, 0.16, 0.30428571428537143, 0.004062702531633132, 0.18, 0.9771428571426515, 0.019727990239609607, 0.23333333333333334, 0.1571428571426, 0.0011782234176249621, 0.2733333333333333, 0.6871428571427886, 0.06914648513962361, 0.31333333333333335, 0.80571428571348, 0.008997342461869073, 0.20666666666666667, 0.7242857142837028, 0.023515672448673634, 0.26, 0.7199999999997257, 0.009364639283831076, 0.24666666666666667, 0.9085714285711014, 0.029013954704440438, 0.32, 0.8542857142848, 0.04932790975647819, 0.26666666666666666, 0.5228571428571429, 0.022909483243557033, 0.2866666666666667, 0.95999999999962, 0.011717469252673777, 0.16666666666666666, 0.4342857142847143, 0.002900961327095825, 0.06, 0.6385714285712143, 0.015798363952416964, 0.26666666666666666, 0.8799999999994286, 0.006248231983901149, 0.16666666666666666, 0.22571428571357144, 0.003768792676816021, 0.10666666666666667, 0.21, 0.0016073377418875925, 0.22, 0.6014285714285357, 0.1339149910866318, 0.18, 0.8985714285714171, 0.24453888184968292, 0.32666666666666666, 0.19428571428525, 0.0032371390868055376, 0.31333333333333335, 0.6442857142856429, 0.010133253149417069, 0.21333333333333335, 0.49142857142857144, 0.03377213929035598, 0.06, 0.2071428571427143, 0.00994804204662303, 0.28, 0.80571428571384, 0.011746530436334314, 0.29333333333333333, 0.4742857142835429, 0.0014667384877461351, 0.2866666666666667, 0.9399999999995485, 0.004461860398297855, 0.2733333333333333, 0.47428571428561145, 0.042499642035366055, 0.3333333333333333, 0.28, 0.001285870193510074, 0.22666666666666666, 0.22999999999999715, 0.0165686355466282, 0.26666666666666666, 0.6185714285691428, 0.0016710137868781653, 0.0, 0.0, 0.0, 0.0, 0.0, 0.0, 0.0, 0.0, 0.0, 0.0, 0.0, 0.0, 0.0, 0.0, 0.0, 0.0, 0.0, 0.0, 0.0, 0.0, 0.0, 0.0, 0.0, 0.0, 0.0, 0.0, 0.0, 0.0, 0.0, 0.0, 0.0, 0.0, 0.0, 0.0, 0.0, 0.0, 0.0, 0.0, 0.0, 0.0, 0.0, 0.0, 0.0, 0.0, 0.0, 0.0, 0.0, 0.0, 0.0, 0.0, 0.0, 0.0, 0.0, 0.0, 0.0, 0.0, 0.0, 0.0, 0.0, 0.0, 0.0, 0.0, 0.0, 0.0, 0.0, 0.0, 0.0, 0.0, 0.0, 0.0, 0.0, 0.0, 0.0, 0.0, 0.0, 0.0, 0.0, 0.0, 0.0, 0.0, 0.0, 0.0, 0.0, 0.0],[0, 0, 0, 0, 0, 0, 0, 0, 0, 0, 0, 0, 0, 0, 0, 0, 0, 0, 0, 0, 0, 0, 0, 0, 0, 0, 0, 0, 0, 0, 0, 0, 0, 0, 0, 0, 0, 0, 0, 0, 0, 0, 0, 0, 0, 0, 0, 0, 0, 0, 0, 0, 0, 0, 0, 0, 0, 0, 0, 0, 0, 0, 0, 0]
[0.0, 0.0, 0.0, 1.0, 1.0, 1.0, 1.0, 1.0, 1.0, 1.0, 1.0, 1.0, 1.0, 1.0, 1.0, 1.0, 1.0, 1.0, 1.0, 1.0, 1.0, 1.0, 1.0, 1.0, 1.0, 1.0, 1.0, 1.0, 0.0, 0.0, 0.0, 0.0, 0.0, 0.0, 0.0, 0.0, 0.0, 0.0, 0.0, 0.0, 0.0, 0.0, 0.0, 0.0, 0.0, 0.0, 0.0, 0.0, 0.0, 0.0, 0.0, 0.0, 0.0, 0.0, 0.0, 0.0, 0.0, 0.0, 0.0, 0.0, 0.0, 0.0, 0.0, 0.0, 0.0, 0.0, 0.0, 0.0, 0.0, 0.0, 0.0, 0.0, 0.0, 0.0, 0.0, 0.0, 0.0, 0.0, 0.0, 0.0, 0.0, 1.0, 0.0, 0.0, 0.0, 0.0, 0.0, 0.0, 0.0, 0.0, 0.0, 0.0, 0.0, 0.0, 0.0, 0.0, 0.0, 0.0, 0.0, 0.0, 0.0, 0.0, 0.0, 0.0, 0.0, 0.0, 0.0, 0.0, 0.0, 0.0, 0.0, 0.0, 0.0, 0.0, 0.0, 0.0, 0.0, 0.0, 0.0, 0.0, 0.0, 0.0, 0.0, 0.0, 0.0, 0.0, 0.0, 0.0, 0.0, 0.0, 0.0, 0.0, 0.0, 0.0, 0.0, 0.0, 0.0, 0.0, 0.0, 0.0, 0.0, 0.0, 0.0, 0.0, 0.0, 0.0, 0.0, 0.0, 0.0, 0.0, 0.22, 0.17428571428384285, 0.007998737063943842, 0.2866666666666667, 0.29285714285701286, 0.07323129372435136, 0.3, 0.8599999999997572, 0.013178405114411625, 0.24666666666666667, 0.47999999999952, 0.0038741969089500553, 0.31333333333333335, 0.3657142857127886, 0.004841042031844634, 0.2733333333333333, 0.7942857142853571, 0.16085936063077083, 0.14, 0.43999999999992, 0.03799279201348523, 0.16, 0.30428571428537143, 0.004062702531633132, 0.18, 0.9771428571426515, 0.019727990239609607, 0.23333333333333334, 0.1571428571426, 0.0011782234176249621, 0.2733333333333333, 0.6871428571427886, 0.06914648513962361, 0.31333333333333335, 0.80571428571348, 0.008997342461869073, 0.20666666666666667, 0.7242857142837028, 0.023515672448673634, 0.26, 0.7199999999997257, 0.009364639283831076, 0.24666666666666667, 0.9085714285711014, 0.029013954704440438, 0.32, 0.8542857142848, 0.04932790975647819, 0.26666666666666666, 0.5228571428571429, 0.022909483243557033, 0.2866666666666667, 0.95999999999962, 0.011717469252673777, 0.16666666666666666, 0.4342857142847143, 0.002900961327095825, 0.06, 0.6385714285712143, 0.015798363952416964, 0.26666666666666666, 0.8799999999994286, 0.006248231983901149, 0.16666666666666666, 0.22571428571357144, 0.003768792676816021, 0.10666666666666667, 0.21, 0.0016073377418875925, 0.22, 0.6014285714285357, 0.1339149910866318, 0.18, 0.8985714285714171, 0.24453888184968292, 0.32666666666666666, 0.19428571428525, 0.0032371390868055376, 0.31333333333333335, 0.6442857142856429, 0.010133253149417069, 0.21333333333333335, 0.49142857142857144, 0.03377213929035598, 0.06, 0.2071428571427143, 0.00994804204662303, 0.28, 0.80571428571384, 0.011746530436334314, 0.29333333333333333, 0.4742857142835429, 0.0014667384877461351, 0.2866666666666667, 0.9399999999995485, 0.004461860398297855, 0.2733333333333333, 0.47428571428561145, 0.042499642035366055, 0.3333333333333333, 0.28, 0.001285870193510074, 0.22666666666666666, 0.22999999999999715, 0.0165686355466282, 0.26666666666666666, 0.6185714285691428, 0.0016710137868781653, 0.0, 0.0, 0.0, 0.0, 0.0, 0.0, 0.0, 0.0, 0.0, 0.0, 0.0, 0.0, 0.0, 0.0, 0.0, 0.0, 0.0, 0.0, 0.0, 0.0, 0.0, 0.0, 0.0, 0.0, 0.0, 0.0, 0.0, 0.0, 0.0, 0.0, 0.0, 0.0, 0.0, 0.0, 0.0, 0.0, 0.0, 0.0, 0.0, 0.0, 0.0, 0.0, 0.0, 0.0, 0.0, 0.0, 0.0, 0.0, 0.0, 0.0, 0.0, 0.0, 0.0, 0.0, 0.0, 0.0, 0.0, 0.0, 0.0, 0.0, 0.0, 0.0, 0.0, 0.0, 0.0, 0.0, 0.0, 0.0, 0.0, 0.0, 0.0, 0.0, 0.0, 0.0, 0.0, 0.0, 0.0, 0.0, 0.0, 0.0, 0.0, 0.0, 0.0, 0.0],[0, 0, 0, 0, 0, 0, 1, 0, 0, 0, 0, 0, 0, 0, 0, 0, 0, 0, 0, 0, 0, 0, 0, 0, 0, 0, 0, 0, 0, 0, 0, 0, 0, 0, 0, 0, 0, 0, 0, 0, 0, 0, 0, 0, 0, 0, 0, 0, 0, 0, 0, 0, 0, 0, 0, 0, 0, 0, 0, 0, 0, 0, 0, 0]
[0.0, 0.0, 0.0, 0.0, 0.0, 0.0, 0.0, 0.0, 0.0, 0.0, 0.0, 0.0, 0.0, 0.0, 0.0, 0.0, 0.0, 0.0, 0.0, 0.0, 0.0, 0.0, 0.0, 0.0, 1.0, 1.0, 1.0, 1.0, 0.0, 0.0, 0.0, 0.0, 0.0, 0.0, 0.0, 0.0, 0.0, 0.0, 0.0, 0.0, 0.0, 0.0, 0.0, 0.0, 0.0, 0.0, 0.0, 0.0, 0.0, 0.0, 0.0, 0.0, 0.0, 0.0, 0.0, 0.0, 0.0, 0.0, 0.0, 0.0, 0.0, 0.0, 0.0, 0.0, 0.0, 0.0, 0.0, 0.0, 0.0, 0.0, 0.0, 0.0, 0.0, 0.0, 0.0, 0.0, 0.0, 0.0, 0.0, 0.0, 0.0, 1.0, 0.0, 0.0, 0.0, 0.0, 0.0, 0.0, 0.0, 0.0, 0.0, 0.0, 0.0, 0.0, 0.0, 0.0, 0.0, 0.0, 0.0, 0.0, 0.0, 0.0, 0.0, 0.0, 0.0, 0.0, 0.0, 0.0, 0.0, 0.0, 0.0, 0.0, 0.0, 0.0, 0.0, 0.0, 0.0, 0.0, 0.0, 0.0, 0.0, 0.0, 0.0, 0.0, 0.0, 0.0, 0.0, 0.0, 0.0, 0.0, 0.0, 0.0, 0.0, 0.0, 0.0, 0.0, 0.0, 0.0, 0.0, 0.0, 0.0, 0.0, 0.0, 0.0, 0.0, 0.0, 0.0, 0.0, 0.0, 0.0, 0.22, 0.17428571428384285, 0.007998737063943842, 0.2866666666666667, 0.29285714285701286, 0.07323129372435136, 0.3, 0.8599999999997572, 0.013178405114411625, 0.24666666666666667, 0.47999999999952, 0.0038741969089500553, 0.31333333333333335, 0.3657142857127886, 0.004841042031844634, 0.2733333333333333, 0.7942857142853571, 0.16085936063077083, 0.16, 0.30428571428537143, 0.004062702531633132, 0.18, 0.9771428571426515, 0.019727990239609607, 0.23333333333333334, 0.1571428571426, 0.0011782234176249621, 0.2733333333333333, 0.6871428571427886, 0.06914648513962361, 0.31333333333333335, 0.80571428571348, 0.008997342461869073, 0.20666666666666667, 0.7242857142837028, 0.023515672448673634, 0.26, 0.7199999999997257, 0.009364639283831076, 0.24666666666666667, 0.9085714285711014, 0.029013954704440438, 0.32, 0.8542857142848, 0.04932790975647819, 0.26666666666666666, 0.5228571428571429, 0.022909483243557033, 0.2866666666666667, 0.95999999999962, 0.011717469252673777, 0.16666666666666666, 0.4342857142847143, 0.002900961327095825, 0.06, 0.6385714285712143, 0.015798363952416964, 0.26666666666666666, 0.8799999999994286, 0.006248231983901149, 0.16666666666666666, 0.22571428571357144, 0.003768792676816021, 0.10666666666666667, 0.21, 0.0016073377418875925, 0.22, 0.6014285714285357, 0.1339149910866318, 0.18, 0.8985714285714171, 0.24453888184968292, 0.32666666666666666, 0.19428571428525, 0.0032371390868055376, 0.31333333333333335, 0.6442857142856429, 0.010133253149417069, 0.21333333333333335, 0.49142857142857144, 0.03377213929035598, 0.06, 0.2071428571427143, 0.00994804204662303, 0.28, 0.80571428571384, 0.011746530436334314, 0.29333333333333333, 0.4742857142835429, 0.0014667384877461351, 0.2866666666666667, 0.9399999999995485, 0.004461860398297855, 0.2733333333333333, 0.47428571428561145, 0.042499642035366055, 0.3333333333333333, 0.28, 0.001285870193510074, 0.22666666666666666, 0.22999999999999715, 0.0165686355466282, 0.26666666666666666, 0.6185714285691428, 0.0016710137868781653, 0.0, 0.0, 0.0, 0.0, 0.0, 0.0, 0.0, 0.0, 0.0, 0.0, 0.0, 0.0, 0.0, 0.0, 0.0, 0.0, 0.0, 0.0, 0.0, 0.0, 0.0, 0.0, 0.0, 0.0, 0.0, 0.0, 0.0, 0.0, 0.0, 0.0, 0.0, 0.0, 0.0, 0.0, 0.0, 0.0, 0.0, 0.0, 0.0, 0.0, 0.0, 0.0, 0.0, 0.0, 0.0, 0.0, 0.0, 0.0, 0.0, 0.0, 0.0, 0.0, 0.0, 0.0, 0.0, 0.0, 0.0, 0.0, 0.0, 0.0, 0.0, 0.0, 0.0, 0.0, 0.0, 0.0, 0.0, 0.0, 0.0, 0.0, 0.0, 0.0, 0.0, 0.0, 0.0, 0.0, 0.0, 0.0, 0.0, 0.0, 0.0, 0.0, 0.0, 0.0, 0.0, 0.0, 0.0],[0, 0, 0, 0, 0, 0, 0, 0, 0, 0, 0, 0, 0, 0, 0, 0, 0, 0, 0, 0, 0, 0, 0, 0, 0, 0, 0, 0, 0, 0, 0, 0, 0, 0, 0, 0, 0, 0, 0, 0, 0, 0, 0, 0, 0, 0, 0, 0, 0, 0, 0, 0, 0, 0, 0, 0, 0, 0, 0, 0, 0, 0, 0, 0]
[0.0, 0.0, 0.0, 0.0, 0.0, 0.0, 0.0, 0.0, 0.0, 0.0, 0.0, 0.0, 0.0, 0.0, 0.0, 0.0, 0.0, 0.0, 0.0, 0.0, 0.0, 0.0, 0.0, 0.0, 1.0, 1.0, 1.0, 1.0, 0.0, 0.0, 0.0, 1.0, 1.0, 1.0, 1.0, 1.0, 1.0, 1.0, 1.0, 1.0, 1.0, 1.0, 1.0, 1.0, 1.0, 1.0, 1.0, 1.0, 1.0, 1.0, 1.0, 1.0, 1.0, 1.0, 1.0, 1.0, 1.0, 1.0, 1.0, 1.0, 1.0, 1.0, 1.0, 1.0, 1.0, 1.0, 1.0, 1.0, 1.0, 1.0, 0.0, 0.0, 0.0, 0.0, 0.0, 0.0, 0.0, 0.0, 0.0, 0.0, 0.0, 1.0, 0.0, 0.0, 0.0, 0.0, 0.0, 0.0, 0.0, 0.0, 0.0, 0.0, 0.0, 0.0, 0.0, 0.0, 0.0, 0.0, 0.0, 0.0, 0.0, 0.0, 0.0, 0.0, 0.0, 0.0, 0.0, 0.0, 0.0, 0.0, 0.0, 0.0, 0.0, 0.0, 0.0, 0.0, 0.0, 0.0, 0.0, 0.0, 0.0, 0.0, 0.0, 0.0, 0.0, 0.0, 0.0, 0.0, 0.0, 0.0, 0.0, 0.0, 0.0, 0.0, 0.0, 0.0, 0.0, 0.0, 0.0, 0.0, 0.0, 0.0, 0.0, 0.0, 0.0, 0.0, 0.0, 0.0, 0.0, 1.0, 0.22, 0.17428571428384285, 0.007998737063943842, 0.2866666666666667, 0.29285714285701286, 0.07323129372435136, 0.3, 0.8599999999997572, 0.013178405114411625, 0.24666666666666667, 0.47999999999952, 0.0038741969089500553, 0.31333333333333335, 0.3657142857127886, 0.004841042031844634, 0.2733333333333333, 0.7942857142853571, 0.16085936063077083, 0.16, 0.30428571428537143, 0.004062702531633132, 0.18, 0.9771428571426515, 0.019727990239609607, 0.23333333333333334, 0.1571428571426, 0.0011782234176249621, 0.2733333333333333, 0.6871428571427886, 0.06914648513962361, 0.31333333333333335, 0.80571428571348, 0.008997342461869073, 0.20666666666666667, 0.7242857142837028, 0.023515672448673634, 0.26, 0.7199999999997257, 0.009364639283831076, 0.24666666666666667, 0.9085714285711014, 0.029013954704440438, 0.32, 0.8542857142848, 0.04932790975647819, 0.26666666666666666, 0.5228571428571429, 0.022909483243557033, 0.2866666666666667, 0.95999999999962, 0.011717469252673777, 0.16666666666666666, 0.4342857142847143, 0.002900961327095825, 0.06, 0.6385714285712143, 0.015798363952416964, 0.26666666666666666, 0.8799999999994286, 0.006248231983901149, 0.16666666666666666, 0.22571428571357144, 0.003768792676816021, 0.10666666666666667, 0.21, 0.0016073377418875925, 0.22, 0.6014285714285357, 0.1339149910866318, 0.18, 0.8985714285714171, 0.24453888184968292, 0.32666666666666666, 0.19428571428525, 0.0032371390868055376, 0.31333333333333335, 0.6442857142856429, 0.010133253149417069, 0.21333333333333335, 0.49142857142857144, 0.03377213929035598, 0.06, 0.2071428571427143, 0.00994804204662303, 0.28, 0.80571428571384, 0.011746530436334314, 0.29333333333333333, 0.4742857142835429, 0.0014667384877461351, 0.2866666666666667, 0.9399999999995485, 0.004461860398297855, 0.2733333333333333, 0.47428571428561145, 0.042499642035366055, 0.3333333333333333, 0.28, 0.001285870193510074, 0.22666666666666666, 0.22999999999999715, 0.0165686355466282, 0.26666666666666666, 0.6185714285691428, 0.0016710137868781653, 0.0, 0.0, 0.0, 0.0, 0.0, 0.0, 0.0, 0.0, 0.0, 0.0, 0.0, 0.0, 0.0, 0.0, 0.0, 0.0, 0.0, 0.0, 0.0, 0.0, 0.0, 0.0, 0.0, 0.0, 0.0, 0.0, 0.0, 0.0, 0.0, 0.0, 0.0, 0.0, 0.0, 0.0, 0.0, 0.0, 0.0, 0.0, 0.0, 0.0, 0.0, 0.0, 0.0, 0.0, 0.0, 0.0, 0.0, 0.0, 0.0, 0.0, 0.0, 0.0, 0.0, 0.0, 0.0, 0.0, 0.0, 0.0, 0.0, 0.0, 0.0, 0.0, 0.0, 0.0, 0.0, 0.0, 0.0, 0.0, 0.0, 0.0, 0.0, 0.0, 0.0, 0.0, 0.0, 0.0, 0.0, 0.0, 0.0, 0.0, 0.0, 0.0, 0.0, 0.0, 0.0, 0.0, 0.0],[1, 0, 0, 0, 0, 0, 0, 0, 0, 0, 0, 0, 0, 0, 0, 0, 0, 0, 1, 0, 0, 0, 0, 0, 0, 0, 0, 0, 0, 0, 0, 0, 0, 0, 0, 0, 0, 0, 0, 0, 0, 0, 0, 0, 0, 0, 0, 0, 0, 0, 0, 0, 0, 0, 0, 0, 0, 0, 0, 0, 0, 0, 0, 0]
[0.0, 0.0, 0.0, 0.0, 0.0, 0.0, 0.0, 0.0, 0.0, 0.0, 0.0, 0.0, 0.0, 0.0, 0.0, 0.0, 0.0, 0.0, 0.0, 0.0, 0.0, 0.0, 0.0, 0.0, 0.0, 0.0, 0.0, 0.0, 0.0, 0.0, 0.0, 0.0, 0.0, 0.0, 0.0, 0.0, 0.0, 0.0, 0.0, 0.0, 0.0, 0.0, 0.0, 0.0, 0.0, 0.0, 0.0, 0.0, 0.0, 0.0, 0.0, 0.0, 0.0, 0.0, 0.0, 0.0, 0.0, 0.0, 0.0, 0.0, 0.0, 0.0, 0.0, 0.0, 0.0, 0.0, 0.0, 0.0, 0.0, 1.0, 0.0, 0.0, 0.0, 0.0, 0.0, 0.0, 0.0, 0.0, 0.0, 0.0, 0.0, 1.0, 0.0, 0.0, 0.0, 0.0, 0.0, 0.0, 0.0, 0.0, 0.0, 0.0, 0.0, 0.0, 0.0, 0.0, 0.0, 0.0, 0.0, 0.0, 0.0, 0.0, 0.0, 0.0, 0.0, 0.0, 0.0, 0.0, 0.0, 0.0, 0.0, 0.0, 0.0, 0.0, 0.0, 0.0, 0.0, 0.0, 0.0, 0.0, 0.0, 0.0, 0.0, 0.0, 0.0, 0.0, 0.0, 0.0, 0.0, 0.0, 0.0, 0.0, 0.0, 0.0, 0.0, 0.0, 0.0, 0.0, 0.0, 0.0, 0.0, 0.0, 0.0, 0.0, 0.0, 0.0, 0.0, 0.0, 0.0, 1.0, 0.2866666666666667, 0.29285714285701286, 0.07323129372435136, 0.3, 0.8599999999997572, 0.013178405114411625, 0.24666666666666667, 0.47999999999952, 0.0038741969089500553, 0.31333333333333335, 0.3657142857127886, 0.004841042031844634, 0.2733333333333333, 0.7942857142853571, 0.16085936063077083, 0.16, 0.30428571428537143, 0.004062702531633132, 0.18, 0.9771428571426515, 0.019727990239609607, 0.23333333333333334, 0.1571428571426, 0.0011782234176249621, 0.2733333333333333, 0.6871428571427886, 0.06914648513962361, 0.31333333333333335, 0.80571428571348, 0.008997342461869073, 0.20666666666666667, 0.7242857142837028, 0.023515672448673634, 0.26, 0.7199999999997257, 0.009364639283831076, 0.24666666666666667, 0.9085714285711014, 0.029013954704440438, 0.32, 0.8542857142848, 0.04932790975647819, 0.26666666666666666, 0.5228571428571429, 0.022909483243557033, 0.2866666666666667, 0.95999999999962, 0.011717469252673777, 0.16666666666666666, 0.4342857142847143, 0.002900961327095825, 0.26666666666666666, 0.8799999999994286, 0.006248231983901149, 0.16666666666666666, 0.22571428571357144, 0.003768792676816021, 0.10666666666666667, 0.21, 0.0016073377418875925, 0.22, 0.6014285714285357, 0.1339149910866318, 0.18, 0.8985714285714171, 0.24453888184968292, 0.32666666666666666, 0.19428571428525, 0.0032371390868055376, 0.31333333333333335, 0.6442857142856429, 0.010133253149417069, 0.21333333333333335, 0.49142857142857144, 0.03377213929035598, 0.06, 0.2071428571427143, 0.00994804204662303, 0.28, 0.80571428571384, 0.011746530436334314, 0.29333333333333333, 0.4742857142835429, 0.0014667384877461351, 0.2866666666666667, 0.9399999999995485, 0.004461860398297855, 0.2733333333333333, 0.47428571428561145, 0.042499642035366055, 0.3333333333333333, 0.28, 0.001285870193510074, 0.22666666666666666, 0.22999999999999715, 0.0165686355466282, 0.26666666666666666, 0.6185714285691428, 0.0016710137868781653, 0.0, 0.0, 0.0, 0.0, 0.0, 0.0, 0.0, 0.0, 0.0, 0.0, 0.0, 0.0, 0.0, 0.0, 0.0, 0.0, 0.0, 0.0, 0.0, 0.0, 0.0, 0.0, 0.0, 0.0, 0.0, 0.0, 0.0, 0.0, 0.0, 0.0, 0.0, 0.0, 0.0, 0.0, 0.0, 0.0, 0.0, 0.0, 0.0, 0.0, 0.0, 0.0, 0.0, 0.0, 0.0, 0.0, 0.0, 0.0, 0.0, 0.0, 0.0, 0.0, 0.0, 0.0, 0.0, 0.0, 0.0, 0.0, 0.0, 0.0, 0.0, 0.0, 0.0, 0.0, 0.0, 0.0, 0.0, 0.0, 0.0, 0.0, 0.0, 0.0, 0.0, 0.0, 0.0, 0.0, 0.0, 0.0, 0.0, 0.0, 0.0, 0.0, 0.0, 0.0, 0.0, 0.0, 0.0, 0.0, 0.0, 0.0, 0.0, 0.0, 0.0],[0, 0, 0, 0, 0, 0, 0, 0, 0, 0, 0, 0, 0, 0, 0, 0, 0, 0, 0, 0, 0, 0, 0, 0, 0, 0, 0, 0, 0, 0, 0, 0, 0, 0, 0, 0, 0, 0, 0, 0, 0, 0, 0, 0, 0, 0, 0, 0, 0, 0, 0, 0, 0, 0, 0, 0, 0, 0, 0, 0, 0, 0, 0, 0]
[0.0, 0.0, 0.0, 0.0, 0.0, 0.0, 0.0, 0.0, 0.0, 0.0, 0.0, 0.0, 0.0, 0.0, 0.0, 0.0, 0.0, 0.0, 0.0, 0.0, 0.0, 0.0, 0.0, 0.0, 1.0, 1.0, 1.0, 1.0, 0.0, 0.0, 0.0, 1.0, 1.0, 1.0, 1.0, 1.0, 1.0, 1.0, 1.0, 1.0, 1.0, 1.0, 1.0, 1.0, 1.0, 1.0, 1.0, 1.0, 1.0, 1.0, 1.0, 1.0, 1.0, 1.0, 1.0, 1.0, 1.0, 1.0, 1.0, 1.0, 0.0, 0.0, 0.0, 0.0, 0.0, 0.0, 0.0, 0.0, 0.0, 1.0, 0.0, 0.0, 0.0, 0.0, 0.0, 0.0, 0.0, 0.0, 0.0, 0.0, 0.0, 1.0, 0.0, 0.0, 0.0, 0.0, 0.0, 0.0, 0.0, 0.0, 0.0, 0.0, 0.0, 0.0, 0.0, 0.0, 0.0, 0.0, 0.0, 0.0, 0.0, 0.0, 0.0, 0.0, 0.0, 0.0, 0.0, 0.0, 0.0, 0.0, 0.0, 0.0, 0.0, 0.0, 0.0, 0.0, 0.0, 0.0, 0.0, 0.0, 0.0, 0.0, 0.0, 0.0, 0.0, 0.0, 0.0, 0.0, 0.0, 0.0, 0.0, 0.0, 0.0, 0.0, 0.0, 0.0, 0.0, 0.0, 0.0, 0.0, 0.0, 0.0, 0.0, 0.0, 0.0, 0.0, 0.0, 0.0, 0.0, 1.0, 0.2866666666666667, 0.29285714285701286, 0.07323129372435136, 0.3, 0.8599999999997572, 0.013178405114411625, 0.24666666666666667, 0.47999999999952, 0.0038741969089500553, 0.31333333333333335, 0.3657142857127886, 0.004841042031844634, 0.2733333333333333, 0.7942857142853571, 0.16085936063077083, 0.16, 0.30428571428537143, 0.004062702531633132, 0.18, 0.9771428571426515, 0.019727990239609607, 0.23333333333333334, 0.1571428571426, 0.0011782234176249621, 0.2733333333333333, 0.6871428571427886, 0.06914648513962361, 0.31333333333333335, 0.80571428571348, 0.008997342461869073, 0.20666666666666667, 0.7242857142837028, 0.023515672448673634, 0.26, 0.7199999999997257, 0.009364639283831076, 0.24666666666666667, 0.9085714285711014, 0.029013954704440438, 0.32, 0.8542857142848, 0.04932790975647819, 0.26666666666666666, 0.5228571428571429, 0.022909483243557033, 0.2866666666666667, 0.95999999999962, 0.011717469252673777, 0.16666666666666666, 0.4342857142847143, 0.002900961327095825, 0.26666666666666666, 0.8799999999994286, 0.006248231983901149, 0.16666666666666666, 0.22571428571357144, 0.003768792676816021, 0.10666666666666667, 0.21, 0.0016073377418875925, 0.22, 0.6014285714285357, 0.1339149910866318, 0.18, 0.8985714285714171, 0.24453888184968292, 0.32666666666666666, 0.19428571428525, 0.0032371390868055376, 0.31333333333333335, 0.6442857142856429, 0.010133253149417069, 0.21333333333333335, 0.49142857142857144, 0.03377213929035598, 0.06, 0.2071428571427143, 0.00994804204662303, 0.28, 0.80571428571384, 0.011746530436334314, 0.29333333333333333, 0.4742857142835429, 0.0014667384877461351, 0.2866666666666667, 0.9399999999995485, 0.004461860398297855, 0.2733333333333333, 0.47428571428561145, 0.042499642035366055, 0.3333333333333333, 0.28, 0.001285870193510074, 0.22666666666666666, 0.22999999999999715, 0.0165686355466282, 0.26666666666666666, 0.6185714285691428, 0.0016710137868781653, 0.0, 0.0, 0.0, 0.0, 0.0, 0.0, 0.0, 0.0, 0.0, 0.0, 0.0, 0.0, 0.0, 0.0, 0.0, 0.0, 0.0, 0.0, 0.0, 0.0, 0.0, 0.0, 0.0, 0.0, 0.0, 0.0, 0.0, 0.0, 0.0, 0.0, 0.0, 0.0, 0.0, 0.0, 0.0, 0.0, 0.0, 0.0, 0.0, 0.0, 0.0, 0.0, 0.0, 0.0, 0.0, 0.0, 0.0, 0.0, 0.0, 0.0, 0.0, 0.0, 0.0, 0.0, 0.0, 0.0, 0.0, 0.0, 0.0, 0.0, 0.0, 0.0, 0.0, 0.0, 0.0, 0.0, 0.0, 0.0, 0.0, 0.0, 0.0, 0.0, 0.0, 0.0, 0.0, 0.0, 0.0, 0.0, 0.0, 0.0, 0.0, 0.0, 0.0, 0.0, 0.0, 0.0, 0.0, 0.0, 0.0, 0.0, 0.0, 0.0, 0.0],[0, 0, 0, 0, 0, 1, 0, 0, 0, 0, 0, 0, 0, 0, 0, 0, 0, 0, 0, 0, 0, 0, 0, 0, 0, 1, 0, 0, 0, 0, 0, 0, 0, 0, 0, 0, 0, 0, 0, 0, 0, 0, 0, 0, 0, 0, 0, 0, 0, 0, 0, 0, 0, 0, 0, 0, 0, 0, 0, 0, 0, 0, 0, 0]
[0.0, 0.0, 0.0, 0.0, 0.0, 0.0, 0.0, 0.0, 0.0, 0.0, 0.0, 0.0, 0.0, 0.0, 0.0, 0.0, 0.0, 0.0, 0.0, 0.0, 0.0, 0.0, 0.0, 0.0, 0.0, 0.0, 0.0, 0.0, 0.0, 0.0, 0.0, 0.0, 0.0, 0.0, 0.0, 0.0, 0.0, 0.0, 0.0, 0.0, 0.0, 0.0, 0.0, 0.0, 0.0, 0.0, 0.0, 0.0, 0.0, 0.0, 0.0, 0.0, 0.0, 0.0, 0.0, 0.0, 0.0, 0.0, 0.0, 0.0, 0.0, 0.0, 0.0, 0.0, 0.0, 0.0, 0.0, 0.0, 0.0, 1.0, 0.0, 0.0, 0.0, 0.0, 0.0, 0.0, 0.0, 0.0, 0.0, 0.0, 0.0, 1.0, 0.0, 0.0, 0.0, 0.0, 0.0, 0.0, 0.0, 0.0, 0.0, 0.0, 0.0, 0.0, 0.0, 0.0, 0.0, 0.0, 0.0, 0.0, 0.0, 0.0, 0.0, 0.0, 0.0, 0.0, 0.0, 0.0, 0.0, 0.0, 0.0, 0.0, 0.0, 0.0, 0.0, 0.0, 0.0, 0.0, 0.0, 0.0, 0.0, 0.0, 0.0, 0.0, 0.0, 0.0, 0.0, 0.0, 0.0, 0.0, 0.0, 0.0, 0.0, 0.0, 0.0, 0.0, 0.0, 0.0, 0.0, 0.0, 0.0, 0.0, 0.0, 0.0, 0.0, 0.0, 0.0, 0.0, 0.0, 1.0, 0.2866666666666667, 0.29285714285701286, 0.07323129372435136, 0.3, 0.8599999999997572, 0.013178405114411625, 0.24666666666666667, 0.47999999999952, 0.0038741969089500553, 0.31333333333333335, 0.3657142857127886, 0.004841042031844634, 0.2733333333333333, 0.7942857142853571, 0.16085936063077083, 0.18, 0.9771428571426515, 0.019727990239609607, 0.23333333333333334, 0.1571428571426, 0.0011782234176249621, 0.2733333333333333, 0.6871428571427886, 0.06914648513962361, 0.31333333333333335, 0.80571428571348, 0.008997342461869073, 0.20666666666666667, 0.7242857142837028, 0.023515672448673634, 0.26, 0.7199999999997257, 0.009364639283831076, 0.24666666666666667, 0.9085714285711014, 0.029013954704440438, 0.32, 0.8542857142848, 0.04932790975647819, 0.26666666666666666, 0.5228571428571429, 0.022909483243557033, 0.2866666666666667, 0.95999999999962, 0.011717469252673777, 0.16666666666666666, 0.4342857142847143, 0.002900961327095825, 0.26666666666666666, 0.8799999999994286, 0.006248231983901149, 0.16666666666666666, 0.22571428571357144, 0.003768792676816021, 0.10666666666666667, 0.21, 0.0016073377418875925, 0.22, 0.6014285714285357, 0.1339149910866318, 0.18, 0.8985714285714171, 0.24453888184968292, 0.32666666666666666, 0.19428571428525, 0.0032371390868055376, 0.31333333333333335, 0.6442857142856429, 0.010133253149417069, 0.21333333333333335, 0.49142857142857144, 0.03377213929035598, 0.28, 0.80571428571384, 0.011746530436334314, 0.29333333333333333, 0.4742857142835429, 0.0014667384877461351, 0.2866666666666667, 0.9399999999995485, 0.004461860398297855, 0.2733333333333333, 0.47428571428561145, 0.042499642035366055, 0.3333333333333333, 0.28, 0.001285870193510074, 0.22666666666666666, 0.22999999999999715, 0.0165686355466282, 0.26666666666666666, 0.6185714285691428, 0.0016710137868781653, 0.0, 0.0, 0.0, 0.0, 0.0, 0.0, 0.0, 0.0, 0.0, 0.0, 0.0, 0.0, 0.0, 0.0, 0.0, 0.0, 0.0, 0.0, 0.0, 0.0, 0.0, 0.0, 0.0, 0.0, 0.0, 0.0, 0.0, 0.0, 0.0, 0.0, 0.0, 0.0, 0.0, 0.0, 0.0, 0.0, 0.0, 0.0, 0.0, 0.0, 0.0, 0.0, 0.0, 0.0, 0.0, 0.0, 0.0, 0.0, 0.0, 0.0, 0.0, 0.0, 0.0, 0.0, 0.0, 0.0, 0.0, 0.0, 0.0, 0.0, 0.0, 0.0, 0.0, 0.0, 0.0, 0.0, 0.0, 0.0, 0.0, 0.0, 0.0, 0.0, 0.0, 0.0, 0.0, 0.0, 0.0, 0.0, 0.0, 0.0, 0.0, 0.0, 0.0, 0.0, 0.0, 0.0, 0.0, 0.0, 0.0, 0.0, 0.0, 0.0, 0.0, 0.0, 0.0, 0.0, 0.0, 0.0, 0.0],[0, 0, 0, 0, 0, 0, 0, 0, 0, 0, 0, 0, 0, 0, 0, 0, 0, 0, 0, 0, 0, 0, 0, 0, 0, 0, 0, 0, 0, 0, 0, 0, 0, 0, 0, 0, 0, 0, 0, 0, 0, 0, 0, 0, 0, 0, 0, 0, 0, 0, 0, 0, 0, 0, 0, 0, 0, 0, 0, 0, 0, 0, 0, 0]
[0.0, 0.0, 0.0, 0.0, 0.0, 0.0, 0.0, 0.0, 0.0, 0.0, 0.0, 0.0, 0.0, 0.0, 0.0, 0.0, 0.0, 0.0, 0.0, 0.0, 0.0, 0.0, 0.0, 0.0, 0.0, 0.0, 0.0, 0.0, 0.0, 0.0, 0.0, 0.0, 0.0, 0.0, 0.0, 0.0, 0.0, 0.0, 0.0, 0.0, 0.0, 0.0, 0.0, 0.0, 0.0, 0.0, 0.0, 0.0, 0.0, 0.0, 0.0, 0.0, 0.0, 0.0, 0.0, 0.0, 0.0, 0.0, 0.0, 0.0, 0.0, 0.0, 0.0, 0.0, 0.0, 0.0, 0.0, 0.0, 0.0, 1.0, 0.0, 0.0, 0.0, 0.0, 0.0, 0.0, 0.0, 0.0, 0.0, 0.0, 0.0, 1.0, 0.0, 0.0, 0.0, 0.0, 0.0, 0.0, 0.0, 0.0, 0.0, 0.0, 0.0, 0.0, 0.0, 0.0, 0.0, 0.0, 0.0, 0.0, 0.0, 0.0, 0.0, 0.0, 0.0, 0.0, 0.0, 0.0, 0.0, 0.0, 0.0, 0.0, 0.0, 0.0, 0.0, 0.0, 0.0, 0.0, 0.0, 0.0, 0.0, 0.0, 0.0, 0.0, 0.0, 0.0, 0.0, 0.0, 0.0, 0.0, 0.0, 0.0, 0.0, 0.0, 0.0, 0.0, 0.0, 0.0, 0.0, 0.0, 0.0, 0.0, 0.0, 0.0, 0.0, 1.0, 1.0, 1.0, 0.0, 1.0, 0.2866666666666667, 0.29285714285701286, 0.07323129372435136, 0.3, 0.8599999999997572, 0.013178405114411625, 0.24666666666666667, 0.47999999999952, 0.0038741969089500553, 0.31333333333333335, 0.3657142857127886, 0.004841042031844634, 0.2733333333333333, 0.7942857142853571, 0.16085936063077083, 0.18, 0.9771428571426515, 0.019727990239609607, 0.23333333333333334, 0.1571428571426, 0.0011782234176249621, 0.2733333333333333, 0.6871428571427886, 0.06914648513962361, 0.31333333333333335, 0.80571428571348, 0.008997342461869073, 0.20666666666666667, 0.7242857142837028, 0.023515672448673634, 0.26, 0.7199999999997257, 0.009364639283831076, 0.24666666666666667, 0.9085714285711014, 0.029013954704440438, 0.32, 0.8542857142848, 0.04932790975647819, 0.26666666666666666, 0.5228571428571429, 0.022909483243557033, 0.2866666666666667, 0.95999999999962, 0.011717469252673777, 0.16666666666666666, 0.4342857142847143, 0.002900961327095825, 0.26666666666666666, 0.8799999999994286, 0.006248231983901149, 0.16666666666666666, 0.22571428571357144, 0.003768792676816021, 0.10666666666666667, 0.21, 0.0016073377418875925, 0.22, 0.6014285714285357, 0.1339149910866318, 0.18, 0.8985714285714171, 0.24453888184968292, 0.32666666666666666, 0.19428571428525, 0.0032371390868055376, 0.31333333333333335, 0.6442857142856429, 0.010133253149417069, 0.21333333333333335, 0.49142857142857144, 0.03377213929035598, 0.28, 0.80571428571384, 0.011746530436334314, 0.29333333333333333, 0.4742857142835429, 0.0014667384877461351, 0.2866666666666667, 0.9399999999995485, 0.004461860398297855, 0.2733333333333333, 0.47428571428561145, 0.042499642035366055, 0.3333333333333333, 0.28, 0.001285870193510074, 0.22666666666666666, 0.22999999999999715, 0.0165686355466282, 0.26666666666666666, 0.6185714285691428, 0.0016710137868781653, 0.0, 0.0, 0.0, 0.0, 0.0, 0.0, 0.0, 0.0, 0.0, 0.0, 0.0, 0.0, 0.0, 0.0, 0.0, 0.0, 0.0, 0.0, 0.0, 0.0, 0.0, 0.0, 0.0, 0.0, 0.0, 0.0, 0.0, 0.0, 0.0, 0.0, 0.0, 0.0, 0.0, 0.0, 0.0, 0.0, 0.0, 0.0, 0.0, 0.0, 0.0, 0.0, 0.0, 0.0, 0.0, 0.0, 0.0, 0.0, 0.0, 0.0, 0.0, 0.0, 0.0, 0.0, 0.0, 0.0, 0.0, 0.0, 0.0, 0.0, 0.0, 0.0, 0.0, 0.0, 0.0, 0.0, 0.0, 0.0, 0.0, 0.0, 0.0, 0.0, 0.0, 0.0, 0.0, 0.0, 0.0, 0.0, 0.0, 0.0, 0.0, 0.0, 0.0, 0.0, 0.0, 0.0, 0.0, 0.0, 0.0, 0.0, 0.0, 0.0, 0.0, 0.0, 0.0, 0.0, 0.0, 0.0, 0.0],[0, 0, 0, 0, 0, 0, 0, 0, 0, 0, 0, 0, 0, 0, 0, 0, 0, 0, 0, 0, 0, 0, 0, 0, 0, 0, 0, 0, 0, 0, 0, 0, 0, 0, 0, 0, 0, 0, 0, 0, 0, 0, 0, 0, 0, 0, 0, 0, 0, 0, 0, 0, 0, 0, 0, 0, 0, 0, 0, 0, 0, 0, 0, 0]
[0.0, 0.0, 0.0, 0.0, 0.0, 0.0, 0.0, 0.0, 0.0, 0.0, 0.0, 0.0, 0.0, 0.0, 0.0, 0.0, 0.0, 0.0, 0.0, 0.0, 0.0, 0.0, 0.0, 0.0, 1.0, 1.0, 1.0, 1.0, 0.0, 0.0, 0.0, 1.0, 1.0, 1.0, 1.0, 1.0, 1.0, 1.0, 1.0, 1.0, 1.0, 1.0, 1.0, 1.0, 1.0, 1.0, 1.0, 1.0, 1.0, 1.0, 1.0, 0.0, 0.0, 0.0, 0.0, 0.0, 0.0, 0.0, 0.0, 0.0, 0.0, 0.0, 0.0, 0.0, 0.0, 0.0, 0.0, 0.0, 0.0, 1.0, 0.0, 0.0, 0.0, 0.0, 0.0, 0.0, 0.0, 0.0, 0.0, 0.0, 0.0, 1.0, 0.0, 0.0, 0.0, 0.0, 0.0, 0.0, 0.0, 0.0, 0.0, 0.0, 0.0, 0.0, 0.0, 0.0, 0.0, 0.0, 0.0, 0.0, 0.0, 0.0, 0.0, 0.0, 0.0, 0.0, 0.0, 0.0, 0.0, 0.0, 0.0, 0.0, 0.0, 0.0, 0.0, 0.0, 0.0, 0.0, 0.0, 0.0, 0.0, 0.0, 0.0, 0.0, 0.0, 0.0, 0.0, 0.0, 0.0, 0.0, 0.0, 0.0, 0.0, 0.0, 0.0, 0.0, 0.0, 0.0, 0.0, 0.0, 0.0, 0.0, 0.0, 0.0, 0.0, 1.0, 1.0, 1.0, 0.0, 1.0, 0.2866666666666667, 0.29285714285701286, 0.07323129372435136, 0.3, 0.8599999999997572, 0.013178405114411625, 0.24666666666666667, 0.47999999999952, 0.0038741969089500553, 0.31333333333333335, 0.3657142857127886, 0.004841042031844634, 0.2733333333333333, 0.7942857142853571, 0.16085936063077083, 0.18, 0.9771428571426515, 0.019727990239609607, 0.23333333333333334, 0.1571428571426, 0.0011782234176249621, 0.2733333333333333, 0.6871428571427886, 0.06914648513962361, 0.31333333333333335, 0.80571428571348, 0.008997342461869073, 0.20666666666666667, 0.7242857142837028, 0.023515672448673634, 0.26, 0.7199999999997257, 0.009364639283831076, 0.24666666666666667, 0.9085714285711014, 0.029013954704440438, 0.32, 0.8542857142848, 0.04932790975647819, 0.26666666666666666, 0.5228571428571429, 0.022909483243557033, 0.2866666666666667, 0.95999999999962, 0.011717469252673777, 0.16666666666666666, 0.4342857142847143, 0.002900961327095825, 0.26666666666666666, 0.8799999999994286, 0.006248231983901149, 0.16666666666666666, 0.22571428571357144, 0.003768792676816021, 0.10666666666666667, 0.21, 0.0016073377418875925, 0.22, 0.6014285714285357, 0.1339149910866318, 0.18, 0.8985714285714171, 0.24453888184968292, 0.32666666666666666, 0.19428571428525, 0.0032371390868055376, 0.31333333333333335, 0.6442857142856429, 0.010133253149417069, 0.21333333333333335, 0.49142857142857144, 0.03377213929035598, 0.28, 0.80571428571384, 0.011746530436334314, 0.29333333333333333, 0.4742857142835429, 0.0014667384877461351, 0.2866666666666667, 0.9399999999995485, 0.004461860398297855, 0.2733333333333333, 0.47428571428561145, 0.042499642035366055, 0.3333333333333333, 0.28, 0.001285870193510074, 0.22666666666666666, 0.22999999999999715, 0.0165686355466282, 0.26666666666666666, 0.6185714285691428, 0.0016710137868781653, 0.0, 0.0, 0.0, 0.0, 0.0, 0.0, 0.0, 0.0, 0.0, 0.0, 0.0, 0.0, 0.0, 0.0, 0.0, 0.0, 0.0, 0.0, 0.0, 0.0, 0.0, 0.0, 0.0, 0.0, 0.0, 0.0, 0.0, 0.0, 0.0, 0.0, 0.0, 0.0, 0.0, 0.0, 0.0, 0.0, 0.0, 0.0, 0.0, 0.0, 0.0, 0.0, 0.0, 0.0, 0.0, 0.0, 0.0, 0.0, 0.0, 0.0, 0.0, 0.0, 0.0, 0.0, 0.0, 0.0, 0.0, 0.0, 0.0, 0.0, 0.0, 0.0, 0.0, 0.0, 0.0, 0.0, 0.0, 0.0, 0.0, 0.0, 0.0, 0.0, 0.0, 0.0, 0.0, 0.0, 0.0, 0.0, 0.0, 0.0, 0.0, 0.0, 0.0, 0.0, 0.0, 0.0, 0.0, 0.0, 0.0, 0.0, 0.0, 0.0, 0.0, 0.0, 0.0, 0.0, 0.0, 0.0, 0.0],[0, 0, 0, 0, 0, 1, 0, 0, 0, 0, 0, 0, 0, 0, 0, 0, 0, 0, 0, 0, 0, 0, 0, 0, 0, 0, 0, 0, 0, 0, 0, 0, 0, 0, 0, 0, 0, 0, 0, 0, 0, 0, 0, 0, 0, 0, 0, 0, 0, 0, 0, 0, 0, 0, 0, 0, 0, 0, 0, 0, 0, 0, 0, 0]
[0.0, 0.0, 0.0, 0.0, 0.0, 0.0, 0.0, 0.0, 0.0, 0.0, 0.0, 0.0, 0.0, 0.0, 0.0, 0.0, 0.0, 0.0, 0.0, 0.0, 0.0, 0.0, 0.0, 0.0, 0.0, 0.0, 0.0, 0.0, 0.0, 0.0, 0.0, 0.0, 0.0, 0.0, 0.0, 0.0, 0.0, 0.0, 0.0, 0.0, 0.0, 0.0, 0.0, 0.0, 0.0, 0.0, 0.0, 0.0, 0.0, 0.0, 0.0, 0.0, 0.0, 0.0, 0.0, 0.0, 0.0, 0.0, 0.0, 0.0, 0.0, 0.0, 0.0, 0.0, 0.0, 0.0, 0.0, 0.0, 0.0, 0.0, 0.0, 0.0, 0.0, 0.0, 0.0, 0.0, 0.0, 0.0, 0.0, 0.0, 0.0, 0.0, 0.0, 0.0, 0.0, 0.0, 0.0, 0.0, 0.0, 0.0, 0.0, 0.0, 0.0, 0.0, 0.0, 0.0, 0.0, 0.0, 0.0, 0.0, 0.0, 0.0, 0.0, 0.0, 0.0, 0.0, 0.0, 0.0, 0.0, 0.0, 0.0, 0.0, 0.0, 0.0, 0.0, 0.0, 0.0, 0.0, 0.0, 0.0, 0.0, 0.0, 0.0, 0.0, 0.0, 0.0, 0.0, 0.0, 0.0, 0.0, 0.0, 0.0, 0.0, 0.0, 0.0, 0.0, 0.0, 0.0, 0.0, 0.0, 0.0, 0.0, 0.0, 0.0, 0.0, 0.0, 1.0, 1.0, 0.0, 1.0, 0.2866666666666667, 0.29285714285701286, 0.07323129372435136, 0.3, 0.8599999999997572, 0.013178405114411625, 0.24666666666666667, 0.47999999999952, 0.0038741969089500553, 0.31333333333333335, 0.3657142857127886, 0.004841042031844634, 0.2733333333333333, 0.7942857142853571, 0.16085936063077083, 0.23333333333333334, 0.1571428571426, 0.0011782234176249621, 0.2733333333333333, 0.6871428571427886, 0.06914648513962361, 0.31333333333333335, 0.80571428571348, 0.008997342461869073, 0.20666666666666667, 0.7242857142837028, 0.023515672448673634, 0.26, 0.7199999999997257, 0.009364639283831076, 0.24666666666666667, 0.9085714285711014, 0.029013954704440438, 0.32, 0.8542857142848, 0.04932790975647819, 0.26666666666666666, 0.5228571428571429, 0.022909483243557033, 0.2866666666666667, 0.95999999999962, 0.011717469252673777, 0.16666666666666666, 0.4342857142847143, 0.002900961327095825, 0.26666666666666666, 0.8799999999994286, 0.006248231983901149, 0.16666666666666666, 0.22571428571357144, 0.003768792676816021, 0.10666666666666667, 0.21, 0.0016073377418875925, 0.22, 0.6014285714285357, 0.1339149910866318, 0.18, 0.8985714285714171, 0.24453888184968292, 0.32666666666666666, 0.19428571428525, 0.0032371390868055376, 0.31333333333333335, 0.6442857142856429, 0.010133253149417069, 0.21333333333333335, 0.49142857142857144, 0.03377213929035598, 0.28, 0.80571428571384, 0.011746530436334314, 0.29333333333333333, 0.4742857142835429, 0.0014667384877461351, 0.2866666666666667, 0.9399999999995485, 0.004461860398297855, 0.2733333333333333, 0.47428571428561145, 0.042499642035366055, 0.3333333333333333, 0.28, 0.001285870193510074, 0.22666666666666666, 0.22999999999999715, 0.0165686355466282, 0.26666666666666666, 0.6185714285691428, 0.0016710137868781653, 0.0, 0.0, 0.0, 0.0, 0.0, 0.0, 0.0, 0.0, 0.0, 0.0, 0.0, 0.0, 0.0, 0.0, 0.0, 0.0, 0.0, 0.0, 0.0, 0.0, 0.0, 0.0, 0.0, 0.0, 0.0, 0.0, 0.0, 0.0, 0.0, 0.0, 0.0, 0.0, 0.0, 0.0, 0.0, 0.0, 0.0, 0.0, 0.0, 0.0, 0.0, 0.0, 0.0, 0.0, 0.0, 0.0, 0.0, 0.0, 0.0, 0.0, 0.0, 0.0, 0.0, 0.0, 0.0, 0.0, 0.0, 0.0, 0.0, 0.0, 0.0, 0.0, 0.0, 0.0, 0.0, 0.0, 0.0, 0.0, 0.0, 0.0, 0.0, 0.0, 0.0, 0.0, 0.0, 0.0, 0.0, 0.0, 0.0, 0.0, 0.0, 0.0, 0.0, 0.0, 0.0, 0.0, 0.0, 0.0, 0.0, 0.0, 0.0, 0.0, 0.0, 0.0, 0.0, 0.0, 0.0, 0.0, 0.0, 0.0, 0.0, 0.0],[0, 0, 0, 0, 0, 0, 0, 0, 0, 0, 0, 0, 0, 0, 0, 0, 0, 0, 0, 0, 0, 0, 0, 0, 0, 0, 0, 0, 0, 0, 0, 0, 0, 0, 0, 0, 0, 0, 0, 0, 0, 0, 0, 0, 0, 0, 0, 0, 0, 0, 0, 0, 0, 0, 0, 0, 0, 0, 0, 0, 0, 0, 0, 0]
[0.0, 0.0, 0.0, 0.0, 0.0, 0.0, 0.0, 0.0, 0.0, 0.0, 0.0, 0.0, 0.0, 0.0, 0.0, 0.0, 0.0, 0.0, 0.0, 0.0, 0.0, 0.0, 0.0, 0.0, 0.0, 0.0, 0.0, 0.0, 0.0, 0.0, 0.0, 0.0, 0.0, 0.0, 0.0, 0.0, 0.0, 0.0, 0.0, 0.0, 0.0, 0.0, 0.0, 0.0, 0.0, 0.0, 0.0, 0.0, 0.0, 0.0, 0.0, 0.0, 0.0, 0.0, 0.0, 0.0, 0.0, 0.0, 0.0, 0.0, 0.0, 0.0, 0.0, 0.0, 0.0, 0.0, 0.0, 0.0, 0.0, 0.0, 0.0, 0.0, 0.0, 0.0, 0.0, 0.0, 0.0, 0.0, 0.0, 0.0, 0.0, 0.0, 0.0, 0.0, 0.0, 0.0, 0.0, 0.0, 0.0, 0.0, 0.0, 0.0, 0.0, 0.0, 0.0, 0.0, 0.0, 0.0, 0.0, 0.0, 0.0, 0.0, 0.0, 0.0, 0.0, 0.0, 0.0, 0.0, 0.0, 0.0, 0.0, 0.0, 0.0, 0.0, 0.0, 1.0, 1.0, 1.0, 1.0, 1.0, 1.0, 1.0, 1.0, 1.0, 1.0, 1.0, 0.0, 0.0, 0.0, 0.0, 0.0, 0.0, 0.0, 0.0, 0.0, 0.0, 0.0, 0.0, 0.0, 0.0, 0.0, 0.0, 0.0, 0.0, 0.0, 0.0, 1.0, 1.0, 0.0, 1.0, 0.2866666666666667, 0.29285714285701286, 0.07323129372435136, 0.3, 0.8599999999997572, 0.013178405114411625, 0.24666666666666667, 0.47999999999952, 0.0038741969089500553, 0.31333333333333335, 0.3657142857127886, 0.004841042031844634, 0.2733333333333333, 0.7942857142853571, 0.16085936063077083, 0.23333333333333334, 0.1571428571426, 0.0011782234176249621, 0.2733333333333333, 0.6871428571427886, 0.06914648513962361, 0.31333333333333335, 0.80571428571348, 0.008997342461869073, 0.20666666666666667, 0.7242857142837028, 0.023515672448673634, 0.26, 0.7199999999997257, 0.009364639283831076, 0.24666666666666667, 0.9085714285711014, 0.029013954704440438, 0.32, 0.8542857142848, 0.04932790975647819, 0.26666666666666666, 0.5228571428571429, 0.022909483243557033, 0.2866666666666667, 0.95999999999962, 0.011717469252673777, 0.16666666666666666, 0.4342857142847143, 0.002900961327095825, 0.26666666666666666, 0.8799999999994286, 0.006248231983901149, 0.16666666666666666, 0.22571428571357144, 0.003768792676816021, 0.10666666666666667, 0.21, 0.0016073377418875925, 0.22, 0.6014285714285357, 0.1339149910866318, 0.18, 0.8985714285714171, 0.24453888184968292, 0.32666666666666666, 0.19428571428525, 0.0032371390868055376, 0.31333333333333335, 0.6442857142856429, 0.010133253149417069, 0.21333333333333335, 0.49142857142857144, 0.03377213929035598, 0.28, 0.80571428571384, 0.011746530436334314, 0.29333333333333333, 0.4742857142835429, 0.0014667384877461351, 0.2866666666666667, 0.9399999999995485, 0.004461860398297855, 0.2733333333333333, 0.47428571428561145, 0.042499642035366055, 0.3333333333333333, 0.28, 0.001285870193510074, 0.22666666666666666, 0.22999999999999715, 0.0165686355466282, 0.26666666666666666, 0.6185714285691428, 0.0016710137868781653, 0.0, 0.0, 0.0, 0.0, 0.0, 0.0, 0.0, 0.0, 0.0, 0.0, 0.0, 0.0, 0.0, 0.0, 0.0, 0.0, 0.0, 0.0, 0.0, 0.0, 0.0, 0.0, 0.0, 0.0, 0.0, 0.0, 0.0, 0.0, 0.0, 0.0, 0.0, 0.0, 0.0, 0.0, 0.0, 0.0, 0.0, 0.0, 0.0, 0.0, 0.0, 0.0, 0.0, 0.0, 0.0, 0.0, 0.0, 0.0, 0.0, 0.0, 0.0, 0.0, 0.0, 0.0, 0.0, 0.0, 0.0, 0.0, 0.0, 0.0, 0.0, 0.0, 0.0, 0.0, 0.0, 0.0, 0.0, 0.0, 0.0, 0.0, 0.0, 0.0, 0.0, 0.0, 0.0, 0.0, 0.0, 0.0, 0.0, 0.0, 0.0, 0.0, 0.0, 0.0, 0.0, 0.0, 0.0, 0.0, 0.0, 0.0, 0.0, 0.0, 0.0, 0.0, 0.0, 0.0, 0.0, 0.0, 0.0, 0.0, 0.0, 0.0],[0, 0, 0, 0, 0, 0, 0, 0, 0, 0, 0, 0, 0, 0, 0, 0, 0, 0, 0, 0, 0, 0, 0, 0, 0, 0, 0, 0, 0, 0, 0, 0, 0, 0, 0, 0, 0, 0, 0, 0, 0, 0, 0, 0, 0, 0, 0, 0, 0, 0, 0, 0, 0, 0, 0, 0, 0, 0, 0, 0, 0, 0, 0, 0]
[0.0, 0.0, 0.0, 0.0, 0.0, 0.0, 0.0, 0.0, 0.0, 0.0, 0.0, 0.0, 0.0, 0.0, 0.0, 0.0, 0.0, 0.0, 0.0, 0.0, 0.0, 0.0, 0.0, 0.0, 0.0, 0.0, 0.0, 0.0, 0.0, 0.0, 0.0, 0.0, 0.0, 0.0, 0.0, 0.0, 0.0, 0.0, 0.0, 0.0, 0.0, 0.0, 0.0, 0.0, 0.0, 0.0, 0.0, 0.0, 0.0, 0.0, 0.0, 1.0, 1.0, 1.0, 1.0, 1.0, 1.0, 1.0, 1.0, 1.0, 0.0, 0.0, 0.0, 0.0, 0.0, 0.0, 0.0, 0.0, 0.0, 0.0, 0.0, 0.0, 0.0, 0.0, 0.0, 0.0, 0.0, 0.0, 0.0, 0.0, 0.0, 0.0, 0.0, 0.0, 0.0, 0.0, 0.0, 0.0, 0.0, 0.0, 0.0, 0.0, 0.0, 0.0, 0.0, 0.0, 0.0, 0.0, 0.0, 0.0, 0.0, 0.0, 0.0, 0.0, 0.0, 0.0, 0.0, 0.0, 0.0, 0.0, 0.0, 0.0, 0.0, 0.0, 0.0, 1.0, 1.0, 1.0, 1.0, 1.0, 1.0, 1.0, 1.0, 1.0, 1.0, 1.0, 0.0, 0.0, 0.0, 0.0, 0.0, 0.0, 0.0, 0.0, 0.0, 0.0, 0.0, 0.0, 0.0, 0.0, 0.0, 0.0, 0.0, 0.0, 0.0, 0.0, 1.0, 1.0, 0.0, 1.0, 0.2866666666666667, 0.29285714285701286, 0.07323129372435136, 0.3, 0.8599999999997572, 0.013178405114411625, 0.24666666666666667, 0.47999999999952, 0.0038741969089500553, 0.31333333333333335, 0.3657142857127886, 0.004841042031844634, 0.2733333333333333, 0.7942857142853571, 0.16085936063077083, 0.23333333333333334, 0.1571428571426, 0.0011782234176249621, 0.2733333333333333, 0.6871428571427886, 0.06914648513962361, 0.31333333333333335, 0.80571428571348, 0.008997342461869073, 0.20666666666666667, 0.7242857142837028, 0.023515672448673634, 0.26, 0.7199999999997257, 0.009364639283831076, 0.24666666666666667, 0.9085714285711014, 0.029013954704440438, 0.32, 0.8542857142848, 0.04932790975647819, 0.26666666666666666, 0.5228571428571429, 0.022909483243557033, 0.2866666666666667, 0.95999999999962, 0.011717469252673777, 0.16666666666666666, 0.4342857142847143, 0.002900961327095825, 0.26666666666666666, 0.8799999999994286, 0.006248231983901149, 0.16666666666666666, 0.22571428571357144, 0.003768792676816021, 0.10666666666666667, 0.21, 0.0016073377418875925, 0.22, 0.6014285714285357, 0.1339149910866318, 0.18, 0.8985714285714171, 0.24453888184968292, 0.32666666666666666, 0.19428571428525, 0.0032371390868055376, 0.31333333333333335, 0.6442857142856429, 0.010133253149417069, 0.21333333333333335, 0.49142857142857144, 0.03377213929035598, 0.28, 0.80571428571384, 0.011746530436334314, 0.29333333333333333, 0.4742857142835429, 0.0014667384877461351, 0.2866666666666667, 0.9399999999995485, 0.004461860398297855, 0.2733333333333333, 0.47428571428561145, 0.042499642035366055, 0.3333333333333333, 0.28, 0.001285870193510074, 0.22666666666666666, 0.22999999999999715, 0.0165686355466282, 0.26666666666666666, 0.6185714285691428, 0.0016710137868781653, 0.0, 0.0, 0.0, 0.0, 0.0, 0.0, 0.0, 0.0, 0.0, 0.0, 0.0, 0.0, 0.0, 0.0, 0.0, 0.0, 0.0, 0.0, 0.0, 0.0, 0.0, 0.0, 0.0, 0.0, 0.0, 0.0, 0.0, 0.0, 0.0, 0.0, 0.0, 0.0, 0.0, 0.0, 0.0, 0.0, 0.0, 0.0, 0.0, 0.0, 0.0, 0.0, 0.0, 0.0, 0.0, 0.0, 0.0, 0.0, 0.0, 0.0, 0.0, 0.0, 0.0, 0.0, 0.0, 0.0, 0.0, 0.0, 0.0, 0.0, 0.0, 0.0, 0.0, 0.0, 0.0, 0.0, 0.0, 0.0, 0.0, 0.0, 0.0, 0.0, 0.0, 0.0, 0.0, 0.0, 0.0, 0.0, 0.0, 0.0, 0.0, 0.0, 0.0, 0.0, 0.0, 0.0, 0.0, 0.0, 0.0, 0.0, 0.0, 0.0, 0.0, 0.0, 0.0, 0.0, 0.0, 0.0, 0.0, 0.0, 0.0, 0.0],[0, 0, 0, 0, 0, 0, 0, 0, 0, 0, 0, 0, 0, 0, 0, 0, 0, 1, 0, 0, 0, 0, 0, 0, 0, 0, 0, 0, 0, 0, 0, 0, 0, 0, 0, 0, 0, 0, 0, 0, 0, 0, 0, 0, 0, 0, 0, 0, 0, 0, 0, 0, 0, 0, 0, 0, 0, 0, 0, 0, 0, 0, 0, 0]
[0.0, 0.0, 0.0, 0.0, 0.0, 0.0, 0.0, 0.0, 0.0, 0.0, 0.0, 0.0, 0.0, 0.0, 0.0, 0.0, 0.0, 0.0, 0.0, 0.0, 0.0, 0.0, 0.0, 0.0, 0.0, 0.0, 0.0, 0.0, 0.0, 0.0, 0.0, 0.0, 0.0, 0.0, 0.0, 0.0, 0.0, 0.0, 0.0, 0.0, 0.0, 0.0, 0.0, 0.0, 0.0, 0.0, 0.0, 0.0, 0.0, 0.0, 0.0, 0.0, 0.0, 0.0, 0.0, 0.0, 0.0, 0.0, 0.0, 0.0, 0.0, 0.0, 0.0, 0.0, 0.0, 0.0, 0.0, 0.0, 0.0, 0.0, 0.0, 0.0, 0.0, 0.0, 0.0, 0.0, 0.0, 0.0, 0.0, 0.0, 0.0, 0.0, 0.0, 0.0, 0.0, 0.0, 0.0, 0.0, 0.0, 0.0, 0.0, 0.0, 0.0, 0.0, 0.0, 0.0, 0.0, 0.0, 0.0, 0.0, 0.0, 0.0, 0.0, 0.0, 0.0, 0.0, 0.0, 0.0, 0.0, 0.0, 0.0, 0.0, 0.0, 0.0, 0.0, 0.0, 0.0, 0.0, 0.0, 0.0, 0.0, 0.0, 1.0, 1.0, 1.0, 1.0, 0.0, 0.0, 0.0, 0.0, 0.0, 0.0, 0.0, 0.0, 0.0, 0.0, 0.0, 0.0, 0.0, 0.0, 0.0, 0.0, 0.0, 0.0, 0.0, 0.0, 1.0, 1.0, 0.0, 1.0, 0.2866666666666667, 0.29285714285701286, 0.07323129372435136, 0.3, 0.8599999999997572, 0.013178405114411625, 0.24666666666666667, 0.47999999999952, 0.0038741969089500553, 0.31333333333333335, 0.3657142857127886, 0.004841042031844634, 0.2733333333333333, 0.7942857142853571, 0.16085936063077083, 0.23333333333333334, 0.1571428571426, 0.0011782234176249621, 0.2733333333333333, 0.6871428571427886, 0.06914648513962361, 0.31333333333333335, 0.80571428571348, 0.008997342461869073, 0.20666666666666667, 0.7242857142837028, 0.023515672448673634, 0.26, 0.7199999999997257, 0.009364639283831076, 0.24666666666666667, 0.9085714285711014, 0.029013954704440438, 0.32, 0.8542857142848, 0.04932790975647819, 0.26666666666666666, 0.5228571428571429, 0.022909483243557033, 0.2866666666666667, 0.95999999999962, 0.011717469252673777, 0.16666666666666666, 0.4342857142847143, 0.002900961327095825, 0.26666666666666666, 0.8799999999994286, 0.006248231983901149, 0.16666666666666666, 0.22571428571357144, 0.003768792676816021, 0.22, 0.6014285714285357, 0.1339149910866318, 0.18, 0.8985714285714171, 0.24453888184968292, 0.32666666666666666, 0.19428571428525, 0.0032371390868055376, 0.31333333333333335, 0.6442857142856429, 0.010133253149417069, 0.21333333333333335, 0.49142857142857144, 0.03377213929035598, 0.28, 0.80571428571384, 0.011746530436334314, 0.29333333333333333, 0.4742857142835429, 0.0014667384877461351, 0.2866666666666667, 0.9399999999995485, 0.004461860398297855, 0.2733333333333333, 0.47428571428561145, 0.042499642035366055, 0.3333333333333333, 0.28, 0.001285870193510074, 0.22666666666666666, 0.22999999999999715, 0.0165686355466282, 0.26666666666666666, 0.6185714285691428, 0.0016710137868781653, 0.0, 0.0, 0.0, 0.0, 0.0, 0.0, 0.0, 0.0, 0.0, 0.0, 0.0, 0.0, 0.0, 0.0, 0.0, 0.0, 0.0, 0.0, 0.0, 0.0, 0.0, 0.0, 0.0, 0.0, 0.0, 0.0, 0.0, 0.0, 0.0, 0.0, 0.0, 0.0, 0.0, 0.0, 0.0, 0.0, 0.0, 0.0, 0.0, 0.0, 0.0, 0.0, 0.0, 0.0, 0.0, 0.0, 0.0, 0.0, 0.0, 0.0, 0.0, 0.0, 0.0, 0.0, 0.0, 0.0, 0.0, 0.0, 0.0, 0.0, 0.0, 0.0, 0.0, 0.0, 0.0, 0.0, 0.0, 0.0, 0.0, 0.0, 0.0, 0.0, 0.0, 0.0, 0.0, 0.0, 0.0, 0.0, 0.0, 0.0, 0.0, 0.0, 0.0, 0.0, 0.0, 0.0, 0.0, 0.0, 0.0, 0.0, 0.0, 0.0, 0.0, 0.0, 0.0, 0.0, 0.0, 0.0, 0.0, 0.0, 0.0, 0.0, 0.0, 0.0, 0.0],[0, 0, 0, 0, 0, 0, 0, 0, 0, 0, 0, 0, 0, 0, 0, 0, 0, 0, 0, 0, 0, 0, 0, 0, 0, 0, 0, 0, 0, 0, 0, 0, 0, 0, 0, 0, 0, 0, 0, 0, 0, 0, 0, 0, 0, 0, 0, 0, 0, 0, 0, 0, 0, 0, 0, 0, 0, 0, 0, 0, 0, 0, 0, 0]
[0.0, 0.0, 0.0, 0.0, 0.0, 0.0, 0.0, 0.0, 0.0, 0.0, 0.0, 0.0, 0.0, 0.0, 0.0, 0.0, 0.0, 0.0, 0.0, 0.0, 0.0, 0.0, 0.0, 0.0, 0.0, 0.0, 0.0, 0.0, 1.0, 1.0, 1.0, 0.0, 0.0, 0.0, 0.0, 0.0, 0.0, 0.0, 0.0, 0.0, 0.0, 0.0, 0.0, 0.0, 0.0, 0.0, 0.0, 0.0, 0.0, 0.0, 0.0, 0.0, 0.0, 0.0, 0.0, 0.0, 0.0, 0.0, 0.0, 0.0, 0.0, 0.0, 0.0, 0.0, 0.0, 0.0, 0.0, 0.0, 0.0, 0.0, 0.0, 0.0, 0.0, 0.0, 0.0, 0.0, 0.0, 0.0, 0.0, 0.0, 0.0, 0.0, 0.0, 0.0, 0.0, 0.0, 0.0, 0.0, 0.0, 0.0, 1.0, 1.0, 1.0, 1.0, 1.0, 1.0, 1.0, 1.0, 1.0, 1.0, 1.0, 1.0, 1.0, 1.0, 1.0, 1.0, 1.0, 1.0, 1.0, 0.0, 0.0, 0.0, 0.0, 0.0, 0.0, 0.0, 0.0, 0.0, 0.0, 0.0, 0.0, 0.0, 1.0, 1.0, 1.0, 1.0, 0.0, 0.0, 0.0, 0.0, 0.0, 0.0, 0.0, 0.0, 0.0, 0.0, 0.0, 0.0, 0.0, 0.0, 0.0, 0.0, 0.0, 0.0, 0.0, 0.0, 1.0, 1.0, 0.0, 1.0, 0.2866666666666667, 0.29285714285701286, 0.07323129372435136, 0.3, 0.8599999999997572, 0.013178405114411625, 0.24666666666666667, 0.47999999999952, 0.0038741969089500553, 0.31333333333333335, 0.3657142857127886, 0.004841042031844634, 0.2733333333333333, 0.7942857142853571, 0.16085936063077083, 0.23333333333333334, 0.1571428571426, 0.0011782234176249621, 0.2733333333333333, 0.6871428571427886, 0.06914648513962361, 0.31333333333333335, 0.80571428571348, 0.008997342461869073, 0.20666666666666667, 0.7242857142837028, 0.023515672448673634, 0.26, 0.7199999999997257, 0.009364639283831076, 0.24666666666666667, 0.9085714285711014, 0.029013954704440438, 0.32, 0.8542857142848, 0.04932790975647819, 0.26666666666666666, 0.5228571428571429, 0.022909483243557033, 0.2866666666666667, 0.95999999999962, 0.011717469252673777, 0.16666666666666666, 0.4342857142847143, 0.002900961327095825, 0.26666666666666666, 0.8799999999994286, 0.006248231983901149, 0.16666666666666666, 0.22571428571357144, 0.003768792676816021, 0.22, 0.6014285714285357, 0.1339149910866318, 0.18, 0.8985714285714171, 0.24453888184968292, 0.32666666666666666, 0.19428571428525, 0.0032371390868055376, 0.31333333333333335, 0.6442857142856429, 0.010133253149417069, 0.21333333333333335, 0.49142857142857144, 0.03377213929035598, 0.28, 0.80571428571384, 0.011746530436334314, 0.29333333333333333, 0.4742857142835429, 0.0014667384877461351, 0.2866666666666667, 0.9399999999995485, 0.004461860398297855, 0.2733333333333333, 0.47428571428561145, 0.042499642035366055, 0.3333333333333333, 0.28, 0.001285870193510074, 0.22666666666666666, 0.22999999999999715, 0.0165686355466282, 0.26666666666666666, 0.6185714285691428, 0.0016710137868781653, 0.0, 0.0, 0.0, 0.0, 0.0, 0.0, 0.0, 0.0, 0.0, 0.0, 0.0, 0.0, 0.0, 0.0, 0.0, 0.0, 0.0, 0.0, 0.0, 0.0, 0.0, 0.0, 0.0, 0.0, 0.0, 0.0, 0.0, 0.0, 0.0, 0.0, 0.0, 0.0, 0.0, 0.0, 0.0, 0.0, 0.0, 0.0, 0.0, 0.0, 0.0, 0.0, 0.0, 0.0, 0.0, 0.0, 0.0, 0.0, 0.0, 0.0, 0.0, 0.0, 0.0, 0.0, 0.0, 0.0, 0.0, 0.0, 0.0, 0.0, 0.0, 0.0, 0.0, 0.0, 0.0, 0.0, 0.0, 0.0, 0.0, 0.0, 0.0, 0.0, 0.0, 0.0, 0.0, 0.0, 0.0, 0.0, 0.0, 0.0, 0.0, 0.0, 0.0, 0.0, 0.0, 0.0, 0.0, 0.0, 0.0, 0.0, 0.0, 0.0, 0.0, 0.0, 0.0, 0.0, 0.0, 0.0, 0.0, 0.0, 0.0, 0.0, 0.0, 0.0, 0.0],[0, 0, 0, 0, 0, 0, 0, 0, 0, 0, 0, 0, 0, 0, 1, 0, 0, 0, 0, 0, 0, 0, 0, 0, 0, 0, 0, 0, 0, 0, 0, 0, 0, 0, 0, 0, 0, 0, 0, 0, 0, 0, 0, 0, 0, 0, 0, 0, 0, 0, 0, 0, 0, 0, 0, 0, 0, 0, 0, 0, 0, 0, 0, 0]
[0.0, 0.0, 0.0, 0.0, 0.0, 0.0, 0.0, 0.0, 0.0, 0.0, 0.0, 0.0, 0.0, 0.0, 0.0, 0.0, 0.0, 0.0, 0.0, 0.0, 0.0, 0.0, 0.0, 0.0, 0.0, 0.0, 0.0, 0.0, 0.0, 0.0, 0.0, 0.0, 0.0, 0.0, 0.0, 0.0, 0.0, 0.0, 0.0, 0.0, 0.0, 0.0, 0.0, 0.0, 0.0, 0.0, 0.0, 0.0, 0.0, 0.0, 0.0, 0.0, 0.0, 0.0, 0.0, 0.0, 0.0, 0.0, 0.0, 0.0, 0.0, 0.0, 0.0, 0.0, 0.0, 0.0, 0.0, 0.0, 0.0, 0.0, 0.0, 0.0, 0.0, 0.0, 0.0, 0.0, 0.0, 0.0, 0.0, 0.0, 0.0, 0.0, 0.0, 0.0, 0.0, 0.0, 0.0, 0.0, 0.0, 0.0, 0.0, 0.0, 0.0, 0.0, 0.0, 0.0, 0.0, 0.0, 0.0, 0.0, 0.0, 0.0, 0.0, 0.0, 0.0, 0.0, 0.0, 0.0, 0.0, 0.0, 0.0, 0.0, 0.0, 0.0, 0.0, 0.0, 0.0, 0.0, 0.0, 0.0, 0.0, 0.0, 0.0, 0.0, 0.0, 1.0, 0.0, 0.0, 0.0, 0.0, 0.0, 0.0, 0.0, 0.0, 0.0, 0.0, 0.0, 0.0, 0.0, 0.0, 0.0, 0.0, 0.0, 0.0, 0.0, 0.0, 1.0, 1.0, 0.0, 1.0, 0.2866666666666667, 0.29285714285701286, 0.07323129372435136, 0.3, 0.8599999999997572, 0.013178405114411625, 0.24666666666666667, 0.47999999999952, 0.0038741969089500553, 0.31333333333333335, 0.3657142857127886, 0.004841042031844634, 0.2733333333333333, 0.7942857142853571, 0.16085936063077083, 0.23333333333333334, 0.1571428571426, 0.0011782234176249621, 0.2733333333333333, 0.6871428571427886, 0.06914648513962361, 0.31333333333333335, 0.80571428571348, 0.008997342461869073, 0.20666666666666667, 0.7242857142837028, 0.023515672448673634, 0.26, 0.7199999999997257, 0.009364639283831076, 0.24666666666666667, 0.9085714285711014, 0.029013954704440438, 0.32, 0.8542857142848, 0.04932790975647819, 0.26666666666666666, 0.5228571428571429, 0.022909483243557033, 0.2866666666666667, 0.95999999999962, 0.011717469252673777, 0.26666666666666666, 0.8799999999994286, 0.006248231983901149, 0.16666666666666666, 0.22571428571357144, 0.003768792676816021, 0.22, 0.6014285714285357, 0.1339149910866318, 0.18, 0.8985714285714171, 0.24453888184968292, 0.32666666666666666, 0.19428571428525, 0.0032371390868055376, 0.31333333333333335, 0.6442857142856429, 0.010133253149417069, 0.21333333333333335, 0.49142857142857144, 0.03377213929035598, 0.28, 0.80571428571384, 0.011746530436334314, 0.29333333333333333, 0.4742857142835429, 0.0014667384877461351, 0.2866666666666667, 0.9399999999995485, 0.004461860398297855, 0.2733333333333333, 0.47428571428561145, 0.042499642035366055, 0.3333333333333333, 0.28, 0.001285870193510074, 0.22666666666666666, 0.22999999999999715, 0.0165686355466282, 0.26666666666666666, 0.6185714285691428, 0.0016710137868781653, 0.0, 0.0, 0.0, 0.0, 0.0, 0.0, 0.0, 0.0, 0.0, 0.0, 0.0, 0.0, 0.0, 0.0, 0.0, 0.0, 0.0, 0.0, 0.0, 0.0, 0.0, 0.0, 0.0, 0.0, 0.0, 0.0, 0.0, 0.0, 0.0, 0.0, 0.0, 0.0, 0.0, 0.0, 0.0, 0.0, 0.0, 0.0, 0.0, 0.0, 0.0, 0.0, 0.0, 0.0, 0.0, 0.0, 0.0, 0.0, 0.0, 0.0, 0.0, 0.0, 0.0, 0.0, 0.0, 0.0, 0.0, 0.0, 0.0, 0.0, 0.0, 0.0, 0.0, 0.0, 0.0, 0.0, 0.0, 0.0, 0.0, 0.0, 0.0, 0.0, 0.0, 0.0, 0.0, 0.0, 0.0, 0.0, 0.0, 0.0, 0.0, 0.0, 0.0, 0.0, 0.0, 0.0, 0.0, 0.0, 0.0, 0.0, 0.0, 0.0, 0.0, 0.0, 0.0, 0.0, 0.0, 0.0, 0.0, 0.0, 0.0, 0.0, 0.0, 0.0, 0.0, 0.0, 0.0, 0.0],[0, 0, 0, 0, 0, 0, 0, 0, 0, 0, 0, 0, 0, 0, 0, 0, 0, 0, 0, 0, 0, 0, 0, 0, 0, 0, 0, 0, 0, 0, 0, 0, 0, 0, 0, 0, 0, 0, 0, 0, 0, 0, 0, 0, 0, 0, 0, 0, 0, 0, 0, 0, 0, 0, 0, 0, 0, 0, 0, 0, 0, 0, 0, 0]
[0.0, 0.0, 0.0, 0.0, 0.0, 0.0, 0.0, 0.0, 0.0, 0.0, 0.0, 0.0, 0.0, 0.0, 0.0, 0.0, 0.0, 0.0, 0.0, 0.0, 0.0, 0.0, 0.0, 0.0, 0.0, 0.0, 0.0, 0.0, 0.0, 0.0, 0.0, 0.0, 0.0, 0.0, 0.0, 0.0, 0.0, 0.0, 0.0, 0.0, 0.0, 0.0, 0.0, 0.0, 0.0, 0.0, 0.0, 0.0, 0.0, 0.0, 0.0, 0.0, 0.0, 0.0, 0.0, 0.0, 0.0, 0.0, 0.0, 0.0, 0.0, 0.0, 0.0, 0.0, 0.0, 0.0, 0.0, 0.0, 0.0, 0.0, 0.0, 0.0, 0.0, 0.0, 0.0, 0.0, 0.0, 0.0, 0.0, 0.0, 0.0, 0.0, 1.0, 1.0, 1.0, 1.0, 1.0, 1.0, 1.0, 1.0, 0.0, 0.0, 0.0, 0.0, 0.0, 0.0, 0.0, 0.0, 0.0, 0.0, 0.0, 0.0, 0.0, 0.0, 0.0, 0.0, 0.0, 0.0, 0.0, 0.0, 0.0, 0.0, 0.0, 0.0, 0.0, 0.0, 0.0, 0.0, 0.0, 0.0, 0.0, 0.0, 0.0, 0.0, 0.0, 1.0, 0.0, 0.0, 0.0, 0.0, 0.0, 0.0, 0.0, 0.0, 0.0, 0.0, 0.0, 0.0, 0.0, 0.0, 0.0, 0.0, 0.0, 0.0, 0.0, 0.0, 1.0, 1.0, 0.0, 1.0, 0.08666666666666667, 0.6514285714283657, 0.04969984950974668, 0.2866666666666667, 0.29285714285701286, 0.07323129372435136, 0.3, 0.8599999999997572, 0.013178405114411625, 0.24666666666666667, 0.47999999999952, 0.0038741969089500553, 0.31333333333333335, 0.3657142857127886, 0.004841042031844634, 0.2733333333333333, 0.7942857142853571, 0.16085936063077083, 0.23333333333333334, 0.1571428571426, 0.0011782234176249621, 0.2733333333333333, 0.6871428571427886, 0.06914648513962361, 0.31333333333333335, 0.80571428571348, 0.008997342461869073, 0.20666666666666667, 0.7242857142837028, 0.023515672448673634, 0.26, 0.7199999999997257, 0.009364639283831076, 0.24666666666666667, 0.9085714285711014, 0.029013954704440438, 0.32, 0.8542857142848, 0.04932790975647819, 0.26666666666666666, 0.5228571428571429, 0.022909483243557033, 0.2866666666666667, 0.95999999999962, 0.011717469252673777, 0.26666666666666666, 0.8799999999994286, 0.006248231983901149, 0.16666666666666666, 0.22571428571357144, 0.003768792676816021, 0.22, 0.6014285714285357, 0.1339149910866318, 0.18, 0.8985714285714171, 0.24453888184968292, 0.32666666666666666, 0.19428571428525, 0.0032371390868055376, 0.31333333333333335, 0.6442857142856429, 0.010133253149417069, 0.21333333333333335, 0.49142857142857144, 0.03377213929035598, 0.28, 0.80571428571384, 0.011746530436334314, 0.29333333333333333, 0.4742857142835429, 0.0014667384877461351, 0.2866666666666667, 0.9399999999995485, 0.004461860398297855, 0.2733333333333333, 0.47428571428561145, 0.042499642035366055, 0.3333333333333333, 0.28, 0.001285870193510074, 0.22666666666666666, 0.22999999999999715, 0.0165686355466282, 0.26666666666666666, 0.6185714285691428, 0.0016710137868781653, 0.0, 0.0, 0.0, 0.0, 0.0, 0.0, 0.0, 0.0, 0.0, 0.0, 0.0, 0.0, 0.0, 0.0, 0.0, 0.0, 0.0, 0.0, 0.0, 0.0, 0.0, 0.0, 0.0, 0.0, 0.0, 0.0, 0.0, 0.0, 0.0, 0.0, 0.0, 0.0, 0.0, 0.0, 0.0, 0.0, 0.0, 0.0, 0.0, 0.0, 0.0, 0.0, 0.0, 0.0, 0.0, 0.0, 0.0, 0.0, 0.0, 0.0, 0.0, 0.0, 0.0, 0.0, 0.0, 0.0, 0.0, 0.0, 0.0, 0.0, 0.0, 0.0, 0.0, 0.0, 0.0, 0.0, 0.0, 0.0, 0.0, 0.0, 0.0, 0.0, 0.0, 0.0, 0.0, 0.0, 0.0, 0.0, 0.0, 0.0, 0.0, 0.0, 0.0, 0.0, 0.0, 0.0, 0.0, 0.0, 0.0, 0.0, 0.0, 0.0, 0.0, 0.0, 0.0, 0.0, 0.0, 0.0, 0.0, 0.0, 0.0, 0.0, 0.0, 0.0, 0.0],[0, 0, 0, 0, 0, 0, 0, 0, 0, 0, 0, 0, 0, 0, 0, 0, 0, 0, 0, 0, 0, 0, 0, 0, 0, 0, 0, 0, 0, 0, 0, 0, 0, 0, 0, 0, 0, 0, 0, 0, 0, 0, 0, 0, 0, 0, 0, 0, 0, 0, 0, 0, 0, 0, 0, 0, 0, 0, 0, 0, 0, 0, 0, 0]
[0.0, 0.0, 0.0, 1.0, 1.0, 1.0, 1.0, 1.0, 1.0, 1.0, 1.0, 1.0, 1.0, 1.0, 1.0, 1.0, 1.0, 1.0, 1.0, 1.0, 1.0, 1.0, 1.0, 1.0, 0.0, 0.0, 0.0, 0.0, 0.0, 0.0, 0.0, 0.0, 0.0, 0.0, 0.0, 0.0, 0.0, 0.0, 0.0, 0.0, 0.0, 0.0, 0.0, 0.0, 0.0, 0.0, 0.0, 0.0, 0.0, 0.0, 0.0, 0.0, 0.0, 0.0, 0.0, 0.0, 0.0, 0.0, 0.0, 0.0, 0.0, 0.0, 0.0, 0.0, 0.0, 0.0, 0.0, 0.0, 0.0, 0.0, 0.0, 0.0, 0.0, 0.0, 0.0, 0.0, 0.0, 0.0, 0.0, 0.0, 0.0, 0.0, 1.0, 1.0, 1.0, 1.0, 1.0, 1.0, 1.0, 1.0, 0.0, 0.0, 0.0, 0.0, 0.0, 0.0, 0.0, 0.0, 0.0, 0.0, 0.0, 0.0, 0.0, 0.0, 0.0, 0.0, 0.0, 0.0, 0.0, 0.0, 0.0, 0.0, 0.0, 0.0, 0.0, 0.0, 0.0, 0.0, 0.0, 0.0, 0.0, 0.0, 0.0, 0.0, 0.0, 1.0, 0.0, 0.0, 0.0, 0.0, 0.0, 0.0, 0.0, 0.0, 0.0, 0.0, 0.0, 0.0, 0.0, 0.0, 0.0, 0.0, 0.0, 0.0, 0.0, 0.0, 1.0, 1.0, 0.0, 1.0, 0.08666666666666667, 0.6514285714283657, 0.04969984950974668, 0.2866666666666667, 0.29285714285701286, 0.07323129372435136, 0.3, 0.8599999999997572, 0.013178405114411625, 0.24666666666666667, 0.47999999999952, 0.0038741969089500553, 0.31333333333333335, 0.3657142857127886, 0.004841042031844634, 0.2733333333333333, 0.7942857142853571, 0.16085936063077083, 0.23333333333333334, 0.1571428571426, 0.0011782234176249621, 0.2733333333333333, 0.6871428571427886, 0.06914648513962361, 0.31333333333333335, 0.80571428571348, 0.008997342461869073, 0.20666666666666667, 0.7242857142837028, 0.023515672448673634, 0.26, 0.7199999999997257, 0.009364639283831076, 0.24666666666666667, 0.9085714285711014, 0.029013954704440438, 0.32, 0.8542857142848, 0.04932790975647819, 0.26666666666666666, 0.5228571428571429, 0.022909483243557033, 0.2866666666666667, 0.95999999999962, 0.011717469252673777, 0.26666666666666666, 0.8799999999994286, 0.006248231983901149, 0.16666666666666666, 0.22571428571357144, 0.003768792676816021, 0.22, 0.6014285714285357, 0.1339149910866318, 0.18, 0.8985714285714171, 0.24453888184968292, 0.32666666666666666, 0.19428571428525, 0.0032371390868055376, 0.31333333333333335, 0.6442857142856429, 0.010133253149417069, 0.21333333333333335, 0.49142857142857144, 0.03377213929035598, 0.28, 0.80571428571384, 0.011746530436334314, 0.29333333333333333, 0.4742857142835429, 0.0014667384877461351, 0.2866666666666667, 0.9399999999995485, 0.004461860398297855, 0.2733333333333333, 0.47428571428561145, 0.042499642035366055, 0.3333333333333333, 0.28, 0.001285870193510074, 0.22666666666666666, 0.22999999999999715, 0.0165686355466282, 0.26666666666666666, 0.6185714285691428, 0.0016710137868781653, 0.0, 0.0, 0.0, 0.0, 0.0, 0.0, 0.0, 0.0, 0.0, 0.0, 0.0, 0.0, 0.0, 0.0, 0.0, 0.0, 0.0, 0.0, 0.0, 0.0, 0.0, 0.0, 0.0, 0.0, 0.0, 0.0, 0.0, 0.0, 0.0, 0.0, 0.0, 0.0, 0.0, 0.0, 0.0, 0.0, 0.0, 0.0, 0.0, 0.0, 0.0, 0.0, 0.0, 0.0, 0.0, 0.0, 0.0, 0.0, 0.0, 0.0, 0.0, 0.0, 0.0, 0.0, 0.0, 0.0, 0.0, 0.0, 0.0, 0.0, 0.0, 0.0, 0.0, 0.0, 0.0, 0.0, 0.0, 0.0, 0.0, 0.0, 0.0, 0.0, 0.0, 0.0, 0.0, 0.0, 0.0, 0.0, 0.0, 0.0, 0.0, 0.0, 0.0, 0.0, 0.0, 0.0, 0.0, 0.0, 0.0, 0.0, 0.0, 0.0, 0.0, 0.0, 0.0, 0.0, 0.0, 0.0, 0.0, 0.0, 0.0, 0.0, 0.0, 0.0, 0.0],[1, 0, 0, 0, 0, 0, 0, 0, 0, 0, 0, 0, 0, 0, 0, 0, 0, 0, 0, 0, 0, 0, 0, 0, 0, 0, 0, 0, 0, 0, 0, 0, 0, 0, 0, 0, 0, 0, 0, 0, 0, 0, 0, 0, 0, 0, 0, 0, 0, 0, 0, 0, 0, 0, 0, 0, 0, 0, 0, 0, 0, 0, 0, 0]
[0.0, 0.0, 0.0, 0.0, 0.0, 0.0, 0.0, 0.0, 0.0, 0.0, 0.0, 0.0, 0.0, 0.0, 0.0, 0.0, 1.0, 1.0, 1.0, 1.0, 1.0, 1.0, 1.0, 1.0, 0.0, 0.0, 0.0, 0.0, 0.0, 0.0, 0.0, 0.0, 0.0, 0.0, 0.0, 0.0, 0.0, 0.0, 0.0, 0.0, 0.0, 0.0, 0.0, 0.0, 0.0, 0.0, 0.0, 0.0, 0.0, 0.0, 0.0, 0.0, 0.0, 0.0, 0.0, 0.0, 0.0, 0.0, 0.0, 0.0, 0.0, 0.0, 0.0, 0.0, 0.0, 0.0, 0.0, 0.0, 0.0, 0.0, 0.0, 0.0, 0.0, 0.0, 0.0, 0.0, 0.0, 0.0, 0.0, 0.0, 0.0, 0.0, 1.0, 1.0, 1.0, 1.0, 1.0, 1.0, 1.0, 1.0, 0.0, 0.0, 0.0, 0.0, 0.0, 0.0, 0.0, 0.0, 0.0, 0.0, 0.0, 0.0, 0.0, 0.0, 0.0, 0.0, 0.0, 0.0, 0.0, 0.0, 0.0, 0.0, 0.0, 0.0, 0.0, 0.0, 0.0, 0.0, 0.0, 0.0, 0.0, 0.0, 0.0, 0.0, 0.0, 1.0, 0.0, 0.0, 0.0, 0.0, 0.0, 0.0, 0.0, 0.0, 0.0, 0.0, 0.0, 0.0, 0.0, 0.0, 0.0, 0.0, 0.0, 0.0, 0.0, 0.0, 1.0, 1.0, 0.0, 1.0, 0.2866666666666667, 0.29285714285701286, 0.07323129372435136, 0.3, 0.8599999999997572, 0.013178405114411625, 0.24666666666666667, 0.47999999999952, 0.0038741969089500553, 0.31333333333333335, 0.3657142857127886, 0.004841042031844634, 0.2733333333333333, 0.7942857142853571, 0.16085936063077083, 0.23333333333333334, 0.1571428571426, 0.0011782234176249621, 0.2733333333333333, 0.6871428571427886, 0.06914648513962361, 0.31333333333333335, 0.80571428571348, 0.008997342461869073, 0.20666666666666667, 0.7242857142837028, 0.023515672448673634, 0.26, 0.7199999999997257, 0.009364639283831076, 0.24666666666666667, 0.9085714285711014, 0.029013954704440438, 0.32, 0.8542857142848, 0.04932790975647819, 0.26666666666666666, 0.5228571428571429, 0.022909483243557033, 0.2866666666666667, 0.95999999999962, 0.011717469252673777, 0.26666666666666666, 0.8799999999994286, 0.006248231983901149, 0.16666666666666666, 0.22571428571357144, 0.003768792676816021, 0.22, 0.6014285714285357, 0.1339149910866318, 0.18, 0.8985714285714171, 0.24453888184968292, 0.32666666666666666, 0.19428571428525, 0.0032371390868055376, 0.31333333333333335, 0.6442857142856429, 0.010133253149417069, 0.21333333333333335, 0.49142857142857144, 0.03377213929035598, 0.28, 0.80571428571384, 0.011746530436334314, 0.29333333333333333, 0.4742857142835429, 0.0014667384877461351, 0.2866666666666667, 0.9399999999995485, 0.004461860398297855, 0.2733333333333333, 0.47428571428561145, 0.042499642035366055, 0.3333333333333333, 0.28, 0.001285870193510074, 0.22666666666666666, 0.22999999999999715, 0.0165686355466282, 0.26666666666666666, 0.6185714285691428, 0.0016710137868781653, 0.0, 0.0, 0.0, 0.0, 0.0, 0.0, 0.0, 0.0, 0.0, 0.0, 0.0, 0.0, 0.0, 0.0, 0.0, 0.0, 0.0, 0.0, 0.0, 0.0, 0.0, 0.0, 0.0, 0.0, 0.0, 0.0, 0.0, 0.0, 0.0, 0.0, 0.0, 0.0, 0.0, 0.0, 0.0, 0.0, 0.0, 0.0, 0.0, 0.0, 0.0, 0.0, 0.0, 0.0, 0.0, 0.0, 0.0, 0.0, 0.0, 0.0, 0.0, 0.0, 0.0, 0.0, 0.0, 0.0, 0.0, 0.0, 0.0, 0.0, 0.0, 0.0, 0.0, 0.0, 0.0, 0.0, 0.0, 0.0, 0.0, 0.0, 0.0, 0.0, 0.0, 0.0, 0.0, 0.0, 0.0, 0.0, 0.0, 0.0, 0.0, 0.0, 0.0, 0.0, 0.0, 0.0, 0.0, 0.0, 0.0, 0.0, 0.0, 0.0, 0.0, 0.0, 0.0, 0.0, 0.0, 0.0, 0.0, 0.0, 0.0, 0.0, 0.0, 0.0, 0.0, 0.0, 0.0, 0.0],[0, 0, 0, 0, 0, 0, 0, 0, 0, 0, 0, 0, 0, 0, 0, 0, 0, 0, 0, 0, 0, 0, 0, 0, 0, 0, 0, 0, 0, 0, 0, 0, 0, 0, 0, 0, 0, 0, 0, 0, 0, 0, 0, 0, 0, 0, 0, 0, 0, 0, 0, 0, 0, 0, 0, 0, 0, 0, 0, 0, 0, 0, 0, 0]
[0.0, 0.0, 0.0, 0.0, 0.0, 0.0, 0.0, 0.0, 0.0, 0.0, 0.0, 0.0, 0.0, 0.0, 0.0, 0.0, 1.0, 1.0, 1.0, 1.0, 1.0, 1.0, 1.0, 1.0, 0.0, 0.0, 0.0, 0.0, 0.0, 0.0, 0.0, 0.0, 0.0, 0.0, 0.0, 0.0, 0.0, 0.0, 0.0, 0.0, 0.0, 0.0, 0.0, 0.0, 0.0, 0.0, 0.0, 0.0, 0.0, 0.0, 0.0, 0.0, 0.0, 0.0, 0.0, 0.0, 0.0, 0.0, 0.0, 0.0, 0.0, 0.0, 0.0, 0.0, 0.0, 0.0, 0.0, 0.0, 0.0, 0.0, 1.0, 1.0, 1.0, 1.0, 1.0, 1.0, 1.0, 1.0, 1.0, 1.0, 1.0, 0.0, 1.0, 1.0, 1.0, 1.0, 1.0, 1.0, 1.0, 1.0, 0.0, 0.0, 0.0, 0.0, 0.0, 0.0, 0.0, 0.0, 0.0, 0.0, 0.0, 0.0, 0.0, 0.0, 0.0, 0.0, 0.0, 0.0, 0.0, 0.0, 0.0, 0.0, 0.0, 0.0, 0.0, 0.0, 0.0, 0.0, 0.0, 0.0, 0.0, 0.0, 0.0, 0.0, 0.0, 1.0, 0.0, 0.0, 0.0, 0.0, 0.0, 0.0, 0.0, 0.0, 0.0, 0.0, 0.0, 0.0, 0.0, 0.0, 0.0, 0.0, 0.0, 0.0, 0.0, 0.0, 1.0, 1.0, 0.0, 1.0, 0.2866666666666667, 0.29285714285701286, 0.07323129372435136, 0.3, 0.8599999999997572, 0.013178405114411625, 0.24666666666666667, 0.47999999999952, 0.0038741969089500553, 0.31333333333333335, 0.3657142857127886, 0.004841042031844634, 0.2733333333333333, 0.7942857142853571, 0.16085936063077083, 0.12666666666666668, 0.19285714285652572, 0.005740798504818356, 0.23333333333333334, 0.1571428571426, 0.0011782234176249621, 0.2733333333333333, 0.6871428571427886, 0.06914648513962361, 0.31333333333333335, 0.80571428571348, 0.008997342461869073, 0.20666666666666667, 0.7242857142837028, 0.023515672448673634, 0.26, 0.7199999999997257, 0.009364639283831076, 0.24666666666666667, 0.9085714285711014, 0.029013954704440438, 0.32, 0.8542857142848, 0.04932790975647819, 0.26666666666666666, 0.5228571428571429, 0.022909483243557033, 0.2866666666666667, 0.95999999999962, 0.011717469252673777, 0.26666666666666666, 0.8799999999994286, 0.006248231983901149, 0.16666666666666666, 0.22571428571357144, 0.003768792676816021, 0.22, 0.6014285714285357, 0.1339149910866318, 0.18, 0.8985714285714171, 0.24453888184968292, 0.32666666666666666, 0.19428571428525, 0.0032371390868055376, 0.31333333333333335, 0.6442857142856429, 0.010133253149417069, 0.21333333333333335, 0.49142857142857144, 0.03377213929035598, 0.28, 0.80571428571384, 0.011746530436334314, 0.29333333333333333, 0.4742857142835429, 0.0014667384877461351, 0.2866666666666667, 0.9399999999995485, 0.004461860398297855, 0.2733333333333333, 0.47428571428561145, 0.042499642035366055, 0.3333333333333333, 0.28, 0.001285870193510074, 0.22666666666666666, 0.22999999999999715, 0.0165686355466282, 0.26666666666666666, 0.6185714285691428, 0.0016710137868781653, 0.0, 0.0, 0.0, 0.0, 0.0, 0.0, 0.0, 0.0, 0.0, 0.0, 0.0, 0.0, 0.0, 0.0, 0.0, 0.0, 0.0, 0.0, 0.0, 0.0, 0.0, 0.0, 0.0, 0.0, 0.0, 0.0, 0.0, 0.0, 0.0, 0.0, 0.0, 0.0, 0.0, 0.0, 0.0, 0.0, 0.0, 0.0, 0.0, 0.0, 0.0, 0.0, 0.0, 0.0, 0.0, 0.0, 0.0, 0.0, 0.0, 0.0, 0.0, 0.0, 0.0, 0.0, 0.0, 0.0, 0.0, 0.0, 0.0, 0.0, 0.0, 0.0, 0.0, 0.0, 0.0, 0.0, 0.0, 0.0, 0.0, 0.0, 0.0, 0.0, 0.0, 0.0, 0.0, 0.0, 0.0, 0.0, 0.0, 0.0, 0.0, 0.0, 0.0, 0.0, 0.0, 0.0, 0.0, 0.0, 0.0, 0.0, 0.0, 0.0, 0.0, 0.0, 0.0, 0.0, 0.0, 0.0, 0.0, 0.0, 0.0, 0.0, 0.0, 0.0, 0.0],[0, 0, 0, 0, 0, 1, 0, 0, 0, 0, 0, 0, 0, 0, 0, 0, 0, 0, 0, 0, 0, 0, 0, 0, 0, 0, 0, 0, 0, 0, 0, 0, 0, 0, 0, 0, 0, 0, 0, 0, 0, 0, 0, 0, 0, 0, 0, 0, 0, 0, 0, 0, 0, 0, 0, 0, 0, 0, 0, 0, 0, 0, 0, 0]
[0.0, 0.0, 0.0, 0.0, 0.0, 0.0, 0.0, 0.0, 0.0, 0.0, 0.0, 0.0, 0.0, 0.0, 0.0, 0.0, 0.0, 0.0, 0.0, 0.0, 0.0, 0.0, 0.0, 0.0, 0.0, 0.0, 0.0, 0.0, 0.0, 0.0, 0.0, 0.0, 0.0, 0.0, 0.0, 0.0, 0.0, 0.0, 0.0, 0.0, 0.0, 0.0, 0.0, 0.0, 0.0, 0.0, 0.0, 0.0, 0.0, 0.0, 0.0, 0.0, 0.0, 0.0, 0.0, 0.0, 0.0, 0.0, 0.0, 0.0, 0.0, 0.0, 0.0, 0.0, 0.0, 0.0, 0.0, 0.0, 0.0, 0.0, 0.0, 0.0, 0.0, 0.0, 0.0, 0.0, 0.0, 0.0, 0.0, 0.0, 0.0, 0.0, 1.0, 1.0, 1.0, 1.0, 1.0, 1.0, 1.0, 1.0, 0.0, 0.0, 0.0, 0.0, 0.0, 0.0, 0.0, 0.0, 0.0, 0.0, 0.0, 0.0, 0.0, 0.0, 0.0, 0.0, 0.0, 0.0, 0.0, 0.0, 0.0, 0.0, 0.0, 0.0, 0.0, 0.0, 0.0, 0.0, 0.0, 0.0, 0.0, 0.0, 0.0, 0.0, 0.0, 1.0, 0.0, 0.0, 0.0, 0.0, 0.0, 0.0, 0.0, 0.0, 0.0, 0.0, 0.0, 0.0, 0.0, 0.0, 0.0, 0.0, 0.0, 0.0, 0.0, 0.0, 1.0, 1.0, 0.0, 1.0, 0.2866666666666667, 0.29285714285701286, 0.07323129372435136, 0.3, 0.8599999999997572, 0.013178405114411625, 0.24666666666666667, 0.47999999999952, 0.0038741969089500553, 0.31333333333333335, 0.3657142857127886, 0.004841042031844634, 0.2733333333333333, 0.7942857142853571, 0.16085936063077083, 0.23333333333333334, 0.1571428571426, 0.0011782234176249621, 0.2733333333333333, 0.6871428571427886, 0.06914648513962361, 0.31333333333333335, 0.80571428571348, 0.008997342461869073, 0.20666666666666667, 0.7242857142837028, 0.023515672448673634, 0.26, 0.7199999999997257, 0.009364639283831076, 0.24666666666666667, 0.9085714285711014, 0.029013954704440438, 0.32, 0.8542857142848, 0.04932790975647819, 0.26666666666666666, 0.5228571428571429, 0.022909483243557033, 0.2866666666666667, 0.95999999999962, 0.011717469252673777, 0.26666666666666666, 0.8799999999994286, 0.006248231983901149, 0.16666666666666666, 0.22571428571357144, 0.003768792676816021, 0.22, 0.6014285714285357, 0.1339149910866318, 0.18, 0.8985714285714171, 0.24453888184968292, 0.32666666666666666, 0.19428571428525, 0.0032371390868055376, 0.31333333333333335, 0.6442857142856429, 0.010133253149417069, 0.21333333333333335, 0.49142857142857144, 0.03377213929035598, 0.28, 0.80571428571384, 0.011746530436334314, 0.29333333333333333, 0.4742857142835429, 0.0014667384877461351, 0.2866666666666667, 0.9399999999995485, 0.004461860398297855, 0.2733333333333333, 0.47428571428561145, 0.042499642035366055, 0.3333333333333333, 0.28, 0.001285870193510074, 0.22666666666666666, 0.22999999999999715, 0.0165686355466282, 0.26666666666666666, 0.6185714285691428, 0.0016710137868781653, 0.0, 0.0, 0.0, 0.0, 0.0, 0.0, 0.0, 0.0, 0.0, 0.0, 0.0, 0.0, 0.0, 0.0, 0.0, 0.0, 0.0, 0.0, 0.0, 0.0, 0.0, 0.0, 0.0, 0.0, 0.0, 0.0, 0.0, 0.0, 0.0, 0.0, 0.0, 0.0, 0.0, 0.0, 0.0, 0.0, 0.0, 0.0, 0.0, 0.0, 0.0, 0.0, 0.0, 0.0, 0.0, 0.0, 0.0, 0.0, 0.0, 0.0, 0.0, 0.0, 0.0, 0.0, 0.0, 0.0, 0.0, 0.0, 0.0, 0.0, 0.0, 0.0, 0.0, 0.0, 0.0, 0.0, 0.0, 0.0, 0.0, 0.0, 0.0, 0.0, 0.0, 0.0, 0.0, 0.0, 0.0, 0.0, 0.0, 0.0, 0.0, 0.0, 0.0, 0.0, 0.0, 0.0, 0.0, 0.0, 0.0, 0.0, 0.0, 0.0, 0.0, 0.0, 0.0, 0.0, 0.0, 0.0, 0.0, 0.0, 0.0, 0.0, 0.0, 0.0, 0.0, 0.0, 0.0, 0.0],[0, 0, 0, 0, 0, 0, 0, 0, 0, 0, 0, 0, 0, 0, 0, 0, 0, 0, 0, 0, 0, 0, 0, 0, 0, 0, 0, 0, 0, 0, 0, 0, 0, 0, 0, 0, 0, 0, 0, 0, 0, 0, 0, 0, 0, 0, 0, 0, 0, 0, 0, 0, 0, 0, 0, 0, 0, 0, 0, 0, 0, 0, 0, 0]
[0.0, 0.0, 0.0, 0.0, 0.0, 0.0, 0.0, 0.0, 0.0, 0.0, 0.0, 0.0, 0.0, 0.0, 0.0, 0.0, 0.0, 0.0, 0.0, 0.0, 0.0, 0.0, 0.0, 0.0, 0.0, 0.0, 0.0, 0.0, 0.0, 0.0, 0.0, 0.0, 0.0, 0.0, 0.0, 0.0, 0.0, 0.0, 0.0, 0.0, 0.0, 0.0, 0.0, 0.0, 0.0, 0.0, 0.0, 0.0, 0.0, 0.0, 0.0, 1.0, 1.0, 1.0, 1.0, 1.0, 1.0, 1.0, 1.0, 1.0, 0.0, 0.0, 0.0, 0.0, 0.0, 0.0, 0.0, 0.0, 0.0, 0.0, 0.0, 0.0, 0.0, 0.0, 0.0, 0.0, 0.0, 0.0, 0.0, 0.0, 0.0, 0.0, 1.0, 1.0, 1.0, 1.0, 1.0, 1.0, 1.0, 1.0, 0.0, 0.0, 0.0, 0.0, 0.0, 0.0, 0.0, 0.0, 0.0, 0.0, 0.0, 0.0, 0.0, 0.0, 0.0, 0.0, 0.0, 0.0, 0.0, 0.0, 0.0, 0.0, 0.0, 0.0, 0.0, 1.0, 1.0, 1.0, 1.0, 1.0, 1.0, 1.0, 0.0, 0.0, 0.0, 1.0, 0.0, 0.0, 0.0, 0.0, 0.0, 0.0, 0.0, 0.0, 0.0, 0.0, 0.0, 0.0, 0.0, 0.0, 0.0, 0.0, 0.0, 0.0, 0.0, 0.0, 1.0, 1.0, 0.0, 1.0, 0.2866666666666667, 0.29285714285701286, 0.07323129372435136, 0.3, 0.8599999999997572, 0.013178405114411625, 0.24666666666666667, 0.47999999999952, 0.0038741969089500553, 0.31333333333333335, 0.3657142857127886, 0.004841042031844634, 0.2733333333333333, 0.7942857142853571, 0.16085936063077083, 0.23333333333333334, 0.1571428571426, 0.0011782234176249621, 0.2733333333333333, 0.6871428571427886, 0.06914648513962361, 0.31333333333333335, 0.80571428571348, 0.008997342461869073, 0.20666666666666667, 0.7242857142837028, 0.023515672448673634, 0.26, 0.7199999999997257, 0.009364639283831076, 0.24666666666666667, 0.9085714285711014, 0.029013954704440438, 0.32, 0.8542857142848, 0.04932790975647819, 0.26666666666666666, 0.5228571428571429, 0.022909483243557033, 0.2866666666666667, 0.95999999999962, 0.011717469252673777, 0.26666666666666666, 0.8799999999994286, 0.006248231983901149, 0.16666666666666666, 0.22571428571357144, 0.003768792676816021, 0.22, 0.6014285714285357, 0.1339149910866318, 0.18, 0.8985714285714171, 0.24453888184968292, 0.32666666666666666, 0.19428571428525, 0.0032371390868055376, 0.31333333333333335, 0.6442857142856429, 0.010133253149417069, 0.21333333333333335, 0.49142857142857144, 0.03377213929035598, 0.28, 0.80571428571384, 0.011746530436334314, 0.29333333333333333, 0.4742857142835429, 0.0014667384877461351, 0.2866666666666667, 0.9399999999995485, 0.004461860398297855, 0.2733333333333333, 0.47428571428561145, 0.042499642035366055, 0.3333333333333333, 0.28, 0.001285870193510074, 0.22666666666666666, 0.22999999999999715, 0.0165686355466282, 0.26666666666666666, 0.6185714285691428, 0.0016710137868781653, 0.0, 0.0, 0.0, 0.0, 0.0, 0.0, 0.0, 0.0, 0.0, 0.0, 0.0, 0.0, 0.0, 0.0, 0.0, 0.0, 0.0, 0.0, 0.0, 0.0, 0.0, 0.0, 0.0, 0.0, 0.0, 0.0, 0.0, 0.0, 0.0, 0.0, 0.0, 0.0, 0.0, 0.0, 0.0, 0.0, 0.0, 0.0, 0.0, 0.0, 0.0, 0.0, 0.0, 0.0, 0.0, 0.0, 0.0, 0.0, 0.0, 0.0, 0.0, 0.0, 0.0, 0.0, 0.0, 0.0, 0.0, 0.0, 0.0, 0.0, 0.0, 0.0, 0.0, 0.0, 0.0, 0.0, 0.0, 0.0, 0.0, 0.0, 0.0, 0.0, 0.0, 0.0, 0.0, 0.0, 0.0, 0.0, 0.0, 0.0, 0.0, 0.0, 0.0, 0.0, 0.0, 0.0, 0.0, 0.0, 0.0, 0.0, 0.0, 0.0, 0.0, 0.0, 0.0, 0.0, 0.0, 0.0, 0.0, 0.0, 0.0, 0.0, 0.0, 0.0, 0.0, 0.0, 0.0, 0.0],[0, 0, 0, 0, 0, 0, 0, 0, 0, 0, 0, 0, 0, 0, 0, 1, 0, 0, 0, 0, 0, 0, 0, 0, 0, 0, 0, 0, 0, 0, 0, 0, 0, 0, 0, 0, 0, 0, 0, 0, 0, 0, 0, 0, 0, 0, 0, 0, 0, 0, 0, 0, 0, 0, 0, 0, 0, 0, 0, 0, 0, 0, 0, 0]
[0.0, 0.0, 0.0, 0.0, 0.0, 0.0, 0.0, 0.0, 0.0, 0.0, 0.0, 0.0, 0.0, 0.0, 0.0, 0.0, 0.0, 0.0, 0.0, 0.0, 0.0, 0.0, 0.0, 0.0, 0.0, 0.0, 0.0, 0.0, 0.0, 0.0, 0.0, 0.0, 0.0, 0.0, 0.0, 0.0, 0.0, 0.0, 0.0, 0.0, 0.0, 0.0, 0.0, 0.0, 0.0, 0.0, 0.0, 0.0, 0.0, 0.0, 0.0, 0.0, 0.0, 0.0, 0.0, 0.0, 0.0, 0.0, 0.0, 0.0, 0.0, 0.0, 0.0, 0.0, 0.0, 0.0, 0.0, 0.0, 0.0, 0.0, 0.0, 0.0, 0.0, 0.0, 0.0, 0.0, 0.0, 0.0, 0.0, 0.0, 0.0, 0.0, 0.0, 0.0, 0.0, 0.0, 0.0, 0.0, 0.0, 0.0, 0.0, 0.0, 0.0, 0.0, 0.0, 0.0, 0.0, 0.0, 0.0, 0.0, 0.0, 0.0, 0.0, 0.0, 0.0, 0.0, 0.0, 0.0, 0.0, 0.0, 0.0, 0.0, 0.0, 0.0, 0.0, 0.0, 0.0, 0.0, 0.0, 0.0, 0.0, 0.0, 0.0, 0.0, 0.0, 0.0, 0.0, 0.0, 0.0, 0.0, 0.0, 0.0, 0.0, 0.0, 0.0, 0.0, 0.0, 0.0, 0.0, 0.0, 0.0, 0.0, 0.0, 0.0, 0.0, 0.0, 1.0, 1.0, 0.0, 1.0, 0.2866666666666667, 0.29285714285701286, 0.07323129372435136, 0.3, 0.8599999999997572, 0.013178405114411625, 0.24666666666666667, 0.47999999999952, 0.0038741969089500553, 0.31333333333333335, 0.3657142857127886, 0.004841042031844634, 0.2733333333333333, 0.7942857142853571, 0.16085936063077083, 0.23333333333333334, 0.1571428571426, 0.0011782234176249621, 0.2733333333333333, 0.6871428571427886, 0.06914648513962361, 0.31333333333333335, 0.80571428571348, 0.008997342461869073, 0.20666666666666667, 0.7242857142837028, 0.023515672448673634, 0.26, 0.7199999999997257, 0.009364639283831076, 0.24666666666666667, 0.9085714285711014, 0.029013954704440438, 0.32, 0.8542857142848, 0.04932790975647819, 0.26666666666666666, 0.5228571428571429, 0.022909483243557033, 0.2866666666666667, 0.95999999999962, 0.011717469252673777, 0.26666666666666666, 0.8799999999994286, 0.006248231983901149, 0.22, 0.6014285714285357, 0.1339149910866318, 0.18, 0.8985714285714171, 0.24453888184968292, 0.32666666666666666, 0.19428571428525, 0.0032371390868055376, 0.31333333333333335, 0.6442857142856429, 0.010133253149417069, 0.21333333333333335, 0.49142857142857144, 0.03377213929035598, 0.28, 0.80571428571384, 0.011746530436334314, 0.29333333333333333, 0.4742857142835429, 0.0014667384877461351, 0.2866666666666667, 0.9399999999995485, 0.004461860398297855, 0.2733333333333333, 0.47428571428561145, 0.042499642035366055, 0.3333333333333333, 0.28, 0.001285870193510074, 0.22666666666666666, 0.22999999999999715, 0.0165686355466282, 0.26666666666666666, 0.6185714285691428, 0.0016710137868781653, 0.0, 0.0, 0.0, 0.0, 0.0, 0.0, 0.0, 0.0, 0.0, 0.0, 0.0, 0.0, 0.0, 0.0, 0.0, 0.0, 0.0, 0.0, 0.0, 0.0, 0.0, 0.0, 0.0, 0.0, 0.0, 0.0, 0.0, 0.0, 0.0, 0.0, 0.0, 0.0, 0.0, 0.0, 0.0, 0.0, 0.0, 0.0, 0.0, 0.0, 0.0, 0.0, 0.0, 0.0, 0.0, 0.0, 0.0, 0.0, 0.0, 0.0, 0.0, 0.0, 0.0, 0.0, 0.0, 0.0, 0.0, 0.0, 0.0, 0.0, 0.0, 0.0, 0.0, 0.0, 0.0, 0.0, 0.0, 0.0, 0.0, 0.0, 0.0, 0.0, 0.0, 0.0, 0.0, 0.0, 0.0, 0.0, 0.0, 0.0, 0.0, 0.0, 0.0, 0.0, 0.0, 0.0, 0.0, 0.0, 0.0, 0.0, 0.0, 0.0, 0.0, 0.0, 0.0, 0.0, 0.0, 0.0, 0.0, 0.0, 0.0, 0.0, 0.0, 0.0, 0.0, 0.0, 0.0, 0.0, 0.0, 0.0, 0.0],[0, 0, 0, 0, 0, 0, 0, 0, 0, 0, 0, 0, 0, 0, 0, 0, 0, 0, 0, 0, 0, 0, 0, 0, 0, 0, 0, 0, 0, 0, 0, 0, 0, 0, 0, 0, 0, 0, 0, 0, 0, 0, 0, 0, 0, 0, 0, 0, 0, 0, 0, 0, 0, 0, 0, 0, 0, 0, 0, 0, 0, 0, 0, 0]
[0.0, 0.0, 0.0, 0.0, 0.0, 0.0, 0.0, 0.0, 0.0, 0.0, 0.0, 0.0, 0.0, 0.0, 0.0, 0.0, 1.0, 1.0, 1.0, 1.0, 1.0, 1.0, 1.0, 1.0, 0.0, 0.0, 0.0, 0.0, 0.0, 0.0, 0.0, 0.0, 0.0, 0.0, 0.0, 0.0, 0.0, 0.0, 0.0, 0.0, 0.0, 0.0, 0.0, 0.0, 0.0, 0.0, 0.0, 0.0, 0.0, 0.0, 0.0, 0.0, 0.0, 0.0, 0.0, 0.0, 0.0, 0.0, 0.0, 0.0, 0.0, 0.0, 0.0, 0.0, 0.0, 0.0, 0.0, 0.0, 0.0, 0.0, 1.0, 1.0, 1.0, 1.0, 1.0, 1.0, 1.0, 1.0, 1.0, 1.0, 1.0, 0.0, 0.0, 0.0, 0.0, 0.0, 0.0, 0.0, 0.0, 0.0, 0.0, 0.0, 0.0, 0.0, 0.0, 0.0, 0.0, 0.0, 0.0, 0.0, 0.0, 0.0, 0.0, 0.0, 0.0, 0.0, 0.0, 0.0, 0.0, 0.0, 0.0, 0.0, 0.0, 0.0, 0.0, 0.0, 0.0, 0.0, 0.0, 0.0, 0.0, 0.0, 0.0, 0.0, 0.0, 0.0, 0.0, 0.0, 0.0, 0.0, 0.0, 0.0, 0.0, 0.0, 0.0, 0.0, 0.0, 0.0, 0.0, 0.0, 0.0, 0.0, 0.0, 0.0, 0.0, 0.0, 1.0, 1.0, 0.0, 1.0, 0.2866666666666667, 0.29285714285701286, 0.07323129372435136, 0.3, 0.8599999999997572, 0.013178405114411625, 0.24666666666666667, 0.47999999999952, 0.0038741969089500553, 0.31333333333333335, 0.3657142857127886, 0.004841042031844634, 0.2733333333333333, 0.7942857142853571, 0.16085936063077083, 0.23333333333333334, 0.1571428571426, 0.0011782234176249621, 0.2733333333333333, 0.6871428571427886, 0.06914648513962361, 0.31333333333333335, 0.80571428571348, 0.008997342461869073, 0.20666666666666667, 0.7242857142837028, 0.023515672448673634, 0.26, 0.7199999999997257, 0.009364639283831076, 0.24666666666666667, 0.9085714285711014, 0.029013954704440438, 0.32, 0.8542857142848, 0.04932790975647819, 0.26666666666666666, 0.5228571428571429, 0.022909483243557033, 0.2866666666666667, 0.95999999999962, 0.011717469252673777, 0.26666666666666666, 0.8799999999994286, 0.006248231983901149, 0.22, 0.6014285714285357, 0.1339149910866318, 0.18, 0.8985714285714171, 0.24453888184968292, 0.32666666666666666, 0.19428571428525, 0.0032371390868055376, 0.31333333333333335, 0.6442857142856429, 0.010133253149417069, 0.21333333333333335, 0.49142857142857144, 0.03377213929035598, 0.28, 0.80571428571384, 0.011746530436334314, 0.29333333333333333, 0.4742857142835429, 0.0014667384877461351, 0.2866666666666667, 0.9399999999995485, 0.004461860398297855, 0.2733333333333333, 0.47428571428561145, 0.042499642035366055, 0.3333333333333333, 0.28, 0.001285870193510074, 0.22666666666666666, 0.22999999999999715, 0.0165686355466282, 0.26666666666666666, 0.6185714285691428, 0.0016710137868781653, 0.0, 0.0, 0.0, 0.0, 0.0, 0.0, 0.0, 0.0, 0.0, 0.0, 0.0, 0.0, 0.0, 0.0, 0.0, 0.0, 0.0, 0.0, 0.0, 0.0, 0.0, 0.0, 0.0, 0.0, 0.0, 0.0, 0.0, 0.0, 0.0, 0.0, 0.0, 0.0, 0.0, 0.0, 0.0, 0.0, 0.0, 0.0, 0.0, 0.0, 0.0, 0.0, 0.0, 0.0, 0.0, 0.0, 0.0, 0.0, 0.0, 0.0, 0.0, 0.0, 0.0, 0.0, 0.0, 0.0, 0.0, 0.0, 0.0, 0.0, 0.0, 0.0, 0.0, 0.0, 0.0, 0.0, 0.0, 0.0, 0.0, 0.0, 0.0, 0.0, 0.0, 0.0, 0.0, 0.0, 0.0, 0.0, 0.0, 0.0, 0.0, 0.0, 0.0, 0.0, 0.0, 0.0, 0.0, 0.0, 0.0, 0.0, 0.0, 0.0, 0.0, 0.0, 0.0, 0.0, 0.0, 0.0, 0.0, 0.0, 0.0, 0.0, 0.0, 0.0, 0.0, 0.0, 0.0, 0.0, 0.0, 0.0, 0.0],[0, 0, 0, 0, 0, 0, 0, 0, 0, 0, 0, 0, 0, 0, 0, 0, 0, 0, 0, 0, 0, 0, 0, 0, 0, 0, 0, 0, 0, 0, 0, 0, 0, 0, 0, 0, 0, 0, 0, 0, 0, 0, 0, 0, 0, 0, 0, 0, 0, 0, 0, 0, 0, 0, 0, 0, 0, 0, 0, 0, 0, 0, 0, 0]
[0.0, 0.0, 0.0, 0.0, 0.0, 0.0, 0.0, 0.0, 0.0, 0.0, 0.0, 0.0, 0.0, 0.0, 0.0, 0.0, 1.0, 1.0, 1.0, 1.0, 1.0, 1.0, 1.0, 1.0, 0.0, 0.0, 0.0, 0.0, 1.0, 1.0, 1.0, 0.0, 0.0, 0.0, 0.0, 0.0, 0.0, 0.0, 0.0, 0.0, 0.0, 0.0, 0.0, 0.0, 0.0, 0.0, 0.0, 0.0, 0.0, 0.0, 0.0, 0.0, 0.0, 0.0, 0.0, 0.0, 0.0, 0.0, 0.0, 0.0, 0.0, 0.0, 0.0, 0.0, 0.0, 0.0, 0.0, 0.0, 0.0, 0.0, 1.0, 1.0, 1.0, 1.0, 1.0, 1.0, 1.0, 1.0, 1.0, 1.0, 1.0, 0.0, 0.0, 0.0, 0.0, 0.0, 0.0, 0.0, 0.0, 0.0, 1.0, 1.0, 1.0, 1.0, 1.0, 1.0, 1.0, 1.0, 1.0, 1.0, 1.0, 1.0, 1.0, 1.0, 1.0, 1.0, 1.0, 1.0, 1.0, 0.0, 0.0, 0.0, 0.0, 0.0, 0.0, 0.0, 0.0, 0.0, 0.0, 0.0, 0.0, 0.0, 1.0, 1.0, 1.0, 0.0, 0.0, 0.0, 0.0, 0.0, 0.0, 0.0, 0.0, 0.0, 0.0, 0.0, 0.0, 0.0, 0.0, 0.0, 0.0, 0.0, 0.0, 0.0, 0.0, 0.0, 1.0, 1.0, 0.0, 1.0, 0.2866666666666667, 0.29285714285701286, 0.07323129372435136, 0.3, 0.8599999999997572, 0.013178405114411625, 0.24666666666666667, 0.47999999999952, 0.0038741969089500553, 0.31333333333333335, 0.3657142857127886, 0.004841042031844634, 0.2733333333333333, 0.7942857142853571, 0.16085936063077083, 0.23333333333333334, 0.1571428571426, 0.0011782234176249621, 0.2733333333333333, 0.6871428571427886, 0.06914648513962361, 0.31333333333333335, 0.80571428571348, 0.008997342461869073, 0.20666666666666667, 0.7242857142837028, 0.023515672448673634, 0.26, 0.7199999999997257, 0.009364639283831076, 0.24666666666666667, 0.9085714285711014, 0.029013954704440438, 0.32, 0.8542857142848, 0.04932790975647819, 0.26666666666666666, 0.5228571428571429, 0.022909483243557033, 0.2866666666666667, 0.95999999999962, 0.011717469252673777, 0.26666666666666666, 0.8799999999994286, 0.006248231983901149, 0.22, 0.6014285714285357, 0.1339149910866318, 0.18, 0.8985714285714171, 0.24453888184968292, 0.32666666666666666, 0.19428571428525, 0.0032371390868055376, 0.31333333333333335, 0.6442857142856429, 0.010133253149417069, 0.21333333333333335, 0.49142857142857144, 0.03377213929035598, 0.28, 0.80571428571384, 0.011746530436334314, 0.29333333333333333, 0.4742857142835429, 0.0014667384877461351, 0.2866666666666667, 0.9399999999995485, 0.004461860398297855, 0.2733333333333333, 0.47428571428561145, 0.042499642035366055, 0.3333333333333333, 0.28, 0.001285870193510074, 0.22666666666666666, 0.22999999999999715, 0.0165686355466282, 0.26666666666666666, 0.6185714285691428, 0.0016710137868781653, 0.0, 0.0, 0.0, 0.0, 0.0, 0.0, 0.0, 0.0, 0.0, 0.0, 0.0, 0.0, 0.0, 0.0, 0.0, 0.0, 0.0, 0.0, 0.0, 0.0, 0.0, 0.0, 0.0, 0.0, 0.0, 0.0, 0.0, 0.0, 0.0, 0.0, 0.0, 0.0, 0.0, 0.0, 0.0, 0.0, 0.0, 0.0, 0.0, 0.0, 0.0, 0.0, 0.0, 0.0, 0.0, 0.0, 0.0, 0.0, 0.0, 0.0, 0.0, 0.0, 0.0, 0.0, 0.0, 0.0, 0.0, 0.0, 0.0, 0.0, 0.0, 0.0, 0.0, 0.0, 0.0, 0.0, 0.0, 0.0, 0.0, 0.0, 0.0, 0.0, 0.0, 0.0, 0.0, 0.0, 0.0, 0.0, 0.0, 0.0, 0.0, 0.0, 0.0, 0.0, 0.0, 0.0, 0.0, 0.0, 0.0, 0.0, 0.0, 0.0, 0.0, 0.0, 0.0, 0.0, 0.0, 0.0, 0.0, 0.0, 0.0, 0.0, 0.0, 0.0, 0.0, 0.0, 0.0, 0.0, 0.0, 0.0, 0.0],[1, 0, 0, 0, 0, 0, 0, 0, 0, 0, 0, 0, 0, 0, 0, 0, 0, 0, 0, 0, 0, 0, 0, 0, 0, 0, 0, 0, 0, 0, 0, 0, 0, 0, 0, 0, 0, 0, 0, 0, 0, 0, 0, 0, 0, 0, 0, 0, 0, 0, 0, 0, 0, 0, 0, 0, 0, 0, 0, 0, 0, 0, 0, 0]
[0.0, 0.0, 0.0, 0.0, 0.0, 0.0, 0.0, 0.0, 0.0, 0.0, 0.0, 0.0, 0.0, 0.0, 0.0, 0.0, 0.0, 0.0, 0.0, 0.0, 0.0, 0.0, 0.0, 0.0, 0.0, 0.0, 0.0, 0.0, 0.0, 0.0, 0.0, 0.0, 0.0, 0.0, 0.0, 0.0, 0.0, 0.0, 0.0, 0.0, 0.0, 0.0, 0.0, 0.0, 0.0, 0.0, 0.0, 0.0, 0.0, 0.0, 0.0, 0.0, 0.0, 0.0, 0.0, 0.0, 0.0, 0.0, 0.0, 0.0, 0.0, 0.0, 0.0, 0.0, 0.0, 0.0, 0.0, 0.0, 0.0, 0.0, 0.0, 0.0, 0.0, 0.0, 0.0, 0.0, 0.0, 0.0, 0.0, 0.0, 0.0, 0.0, 0.0, 0.0, 0.0, 0.0, 0.0, 0.0, 0.0, 0.0, 0.0, 0.0, 0.0, 0.0, 0.0, 0.0, 0.0, 0.0, 0.0, 0.0, 0.0, 0.0, 0.0, 0.0, 0.0, 0.0, 0.0, 0.0, 0.0, 0.0, 0.0, 0.0, 0.0, 0.0, 0.0, 0.0, 0.0, 0.0, 0.0, 0.0, 0.0, 0.0, 0.0, 0.0, 1.0, 0.0, 0.0, 0.0, 0.0, 0.0, 0.0, 0.0, 0.0, 0.0, 0.0, 0.0, 0.0, 0.0, 0.0, 0.0, 0.0, 0.0, 0.0, 0.0, 0.0, 0.0, 1.0, 1.0, 0.0, 1.0, 0.3, 0.8599999999997572, 0.013178405114411625, 0.24666666666666667, 0.47999999999952, 0.0038741969089500553, 0.31333333333333335, 0.3657142857127886, 0.004841042031844634, 0.2733333333333333, 0.7942857142853571, 0.16085936063077083, 0.23333333333333334, 0.1571428571426, 0.0011782234176249621, 0.2733333333333333, 0.6871428571427886, 0.06914648513962361, 0.31333333333333335, 0.80571428571348, 0.008997342461869073, 0.20666666666666667, 0.7242857142837028, 0.023515672448673634, 0.26, 0.7199999999997257, 0.009364639283831076, 0.24666666666666667, 0.9085714285711014, 0.029013954704440438, 0.32, 0.8542857142848, 0.04932790975647819, 0.26666666666666666, 0.5228571428571429, 0.022909483243557033, 0.2866666666666667, 0.95999999999962, 0.011717469252673777, 0.26666666666666666, 0.8799999999994286, 0.006248231983901149, 0.22, 0.6014285714285357, 0.1339149910866318, 0.18, 0.8985714285714171, 0.24453888184968292, 0.32666666666666666, 0.19428571428525, 0.0032371390868055376, 0.31333333333333335, 0.6442857142856429, 0.010133253149417069, 0.21333333333333335, 0.49142857142857144, 0.03377213929035598, 0.28, 0.80571428571384, 0.011746530436334314, 0.29333333333333333, 0.4742857142835429, 0.0014667384877461351, 0.2866666666666667, 0.9399999999995485, 0.004461860398297855, 0.2733333333333333, 0.47428571428561145, 0.042499642035366055, 0.3333333333333333, 0.28, 0.001285870193510074, 0.22666666666666666, 0.22999999999999715, 0.0165686355466282, 0.26666666666666666, 0.6185714285691428, 0.0016710137868781653, 0.0, 0.0, 0.0, 0.0, 0.0, 0.0, 0.0, 0.0, 0.0, 0.0, 0.0, 0.0, 0.0, 0.0, 0.0, 0.0, 0.0, 0.0, 0.0, 0.0, 0.0, 0.0, 0.0, 0.0, 0.0, 0.0, 0.0, 0.0, 0.0, 0.0, 0.0, 0.0, 0.0, 0.0, 0.0, 0.0, 0.0, 0.0, 0.0, 0.0, 0.0, 0.0, 0.0, 0.0, 0.0, 0.0, 0.0, 0.0, 0.0, 0.0, 0.0, 0.0, 0.0, 0.0, 0.0, 0.0, 0.0, 0.0, 0.0, 0.0, 0.0, 0.0, 0.0, 0.0, 0.0, 0.0, 0.0, 0.0, 0.0, 0.0, 0.0, 0.0, 0.0, 0.0, 0.0, 0.0, 0.0, 0.0, 0.0, 0.0, 0.0, 0.0, 0.0, 0.0, 0.0, 0.0, 0.0, 0.0, 0.0, 0.0, 0.0, 0.0, 0.0, 0.0, 0.0, 0.0, 0.0, 0.0, 0.0, 0.0, 0.0, 0.0, 0.0, 0.0, 0.0, 0.0, 0.0, 0.0, 0.0, 0.0, 0.0, 0.0, 0.0, 0.0],[0, 0, 0, 0, 0, 0, 0, 0, 0, 0, 0, 0, 0, 0, 0, 0, 0, 0, 0, 0, 0, 0, 0, 0, 0, 0, 0, 0, 0, 0, 0, 0, 0, 0, 0, 0, 0, 0, 0, 0, 0, 0, 0, 0, 0, 0, 0, 0, 0, 0, 0, 0, 0, 0, 0, 0, 0, 0, 0, 0, 0, 0, 0, 0]
[0.0, 0.0, 0.0, 0.0, 0.0, 0.0, 0.0, 0.0, 0.0, 0.0, 0.0, 0.0, 0.0, 0.0, 0.0, 0.0, 0.0, 0.0, 0.0, 0.0, 0.0, 0.0, 0.0, 0.0, 0.0, 0.0, 0.0, 0.0, 0.0, 0.0, 0.0, 0.0, 0.0, 0.0, 0.0, 0.0, 0.0, 0.0, 0.0, 0.0, 0.0, 0.0, 0.0, 0.0, 0.0, 0.0, 0.0, 0.0, 0.0, 0.0, 0.0, 1.0, 1.0, 1.0, 1.0, 1.0, 1.0, 1.0, 1.0, 1.0, 0.0, 0.0, 0.0, 0.0, 0.0, 0.0, 0.0, 0.0, 0.0, 0.0, 0.0, 0.0, 0.0, 0.0, 0.0, 0.0, 0.0, 0.0, 0.0, 0.0, 0.0, 0.0, 1.0, 1.0, 1.0, 1.0, 1.0, 1.0, 1.0, 1.0, 0.0, 0.0, 0.0, 0.0, 0.0, 0.0, 0.0, 0.0, 0.0, 0.0, 0.0, 0.0, 0.0, 0.0, 0.0, 0.0, 0.0, 0.0, 0.0, 0.0, 0.0, 0.0, 0.0, 0.0, 0.0, 1.0, 1.0, 1.0, 1.0, 1.0, 1.0, 1.0, 0.0, 0.0, 1.0, 1.0, 0.0, 0.0, 0.0, 0.0, 0.0, 0.0, 0.0, 0.0, 0.0, 0.0, 0.0, 0.0, 0.0, 0.0, 0.0, 0.0, 0.0, 0.0, 0.0, 0.0, 1.0, 1.0, 0.0, 1.0, 0.3, 0.8599999999997572, 0.013178405114411625, 0.24666666666666667, 0.47999999999952, 0.0038741969089500553, 0.31333333333333335, 0.3657142857127886, 0.004841042031844634, 0.2733333333333333, 0.7942857142853571, 0.16085936063077083, 0.23333333333333334, 0.1571428571426, 0.0011782234176249621, 0.2733333333333333, 0.6871428571427886, 0.06914648513962361, 0.31333333333333335, 0.80571428571348, 0.008997342461869073, 0.20666666666666667, 0.7242857142837028, 0.023515672448673634, 0.26, 0.7199999999997257, 0.009364639283831076, 0.24666666666666667, 0.9085714285711014, 0.029013954704440438, 0.32, 0.8542857142848, 0.04932790975647819, 0.26666666666666666, 0.5228571428571429, 0.022909483243557033, 0.2866666666666667, 0.95999999999962, 0.011717469252673777, 0.26666666666666666, 0.8799999999994286, 0.006248231983901149, 0.22, 0.6014285714285357, 0.1339149910866318, 0.18, 0.8985714285714171, 0.24453888184968292, 0.32666666666666666, 0.19428571428525, 0.0032371390868055376, 0.31333333333333335, 0.6442857142856429, 0.010133253149417069, 0.21333333333333335, 0.49142857142857144, 0.03377213929035598, 0.28, 0.80571428571384, 0.011746530436334314, 0.29333333333333333, 0.4742857142835429, 0.0014667384877461351, 0.2866666666666667, 0.9399999999995485, 0.004461860398297855, 0.2733333333333333, 0.47428571428561145, 0.042499642035366055, 0.3333333333333333, 0.28, 0.001285870193510074, 0.22666666666666666, 0.22999999999999715, 0.0165686355466282, 0.26666666666666666, 0.6185714285691428, 0.0016710137868781653, 0.0, 0.0, 0.0, 0.0, 0.0, 0.0, 0.0, 0.0, 0.0, 0.0, 0.0, 0.0, 0.0, 0.0, 0.0, 0.0, 0.0, 0.0, 0.0, 0.0, 0.0, 0.0, 0.0, 0.0, 0.0, 0.0, 0.0, 0.0, 0.0, 0.0, 0.0, 0.0, 0.0, 0.0, 0.0, 0.0, 0.0, 0.0, 0.0, 0.0, 0.0, 0.0, 0.0, 0.0, 0.0, 0.0, 0.0, 0.0, 0.0, 0.0, 0.0, 0.0, 0.0, 0.0, 0.0, 0.0, 0.0, 0.0, 0.0, 0.0, 0.0, 0.0, 0.0, 0.0, 0.0, 0.0, 0.0, 0.0, 0.0, 0.0, 0.0, 0.0, 0.0, 0.0, 0.0, 0.0, 0.0, 0.0, 0.0, 0.0, 0.0, 0.0, 0.0, 0.0, 0.0, 0.0, 0.0, 0.0, 0.0, 0.0, 0.0, 0.0, 0.0, 0.0, 0.0, 0.0, 0.0, 0.0, 0.0, 0.0, 0.0, 0.0, 0.0, 0.0, 0.0, 0.0, 0.0, 0.0, 0.0, 0.0, 0.0, 0.0, 0.0, 0.0],[0, 0, 0, 0, 0, 0, 0, 0, 0, 0, 0, 0, 0, 0, 0, 1, 0, 0, 0, 0, 0, 0, 0, 0, 0, 0, 0, 0, 0, 0, 0, 0, 0, 0, 0, 0, 0, 0, 0, 0, 0, 0, 0, 0, 0, 0, 0, 0, 0, 0, 0, 0, 0, 0, 0, 0, 0, 0, 0, 0, 0, 0, 0, 0]
[0.0, 0.0, 0.0, 0.0, 0.0, 0.0, 0.0, 0.0, 0.0, 0.0, 0.0, 0.0, 0.0, 0.0, 0.0, 0.0, 0.0, 0.0, 0.0, 0.0, 0.0, 0.0, 0.0, 0.0, 0.0, 0.0, 0.0, 0.0, 0.0, 0.0, 0.0, 0.0, 0.0, 0.0, 0.0, 0.0, 0.0, 0.0, 0.0, 0.0, 0.0, 0.0, 0.0, 0.0, 0.0, 0.0, 0.0, 0.0, 0.0, 0.0, 0.0, 0.0, 0.0, 0.0, 0.0, 0.0, 0.0, 0.0, 0.0, 0.0, 0.0, 0.0, 0.0, 0.0, 0.0, 0.0, 0.0, 0.0, 0.0, 0.0, 0.0, 0.0, 0.0, 0.0, 0.0, 0.0, 0.0, 0.0, 0.0, 0.0, 0.0, 0.0, 0.0, 0.0, 0.0, 0.0, 0.0, 0.0, 0.0, 0.0, 0.0, 0.0, 0.0, 0.0, 0.0, 0.0, 0.0, 0.0, 0.0, 0.0, 0.0, 0.0, 0.0, 0.0, 0.0, 0.0, 0.0, 0.0, 0.0, 0.0, 0.0, 0.0, 0.0, 0.0, 0.0, 0.0, 0.0, 0.0, 0.0, 0.0, 0.0, 0.0, 0.0, 0.0, 0.0, 0.0, 0.0, 0.0, 0.0, 0.0, 0.0, 0.0, 0.0, 0.0, 0.0, 0.0, 0.0, 0.0, 0.0, 0.0, 0.0, 0.0, 0.0, 0.0, 0.0, 0.0, 0.0, 1.0, 0.0, 1.0, 0.3, 0.8599999999997572, 0.013178405114411625, 0.24666666666666667, 0.47999999999952, 0.0038741969089500553, 0.31333333333333335, 0.3657142857127886, 0.004841042031844634, 0.2733333333333333, 0.7942857142853571, 0.16085936063077083, 0.23333333333333334, 0.1571428571426, 0.0011782234176249621, 0.2733333333333333, 0.6871428571427886, 0.06914648513962361, 0.31333333333333335, 0.80571428571348, 0.008997342461869073, 0.20666666666666667, 0.7242857142837028, 0.023515672448673634, 0.26, 0.7199999999997257, 0.009364639283831076, 0.24666666666666667, 0.9085714285711014, 0.029013954704440438, 0.32, 0.8542857142848, 0.04932790975647819, 0.26666666666666666, 0.5228571428571429, 0.022909483243557033, 0.2866666666666667, 0.95999999999962, 0.011717469252673777, 0.26666666666666666, 0.8799999999994286, 0.006248231983901149, 0.22, 0.6014285714285357, 0.1339149910866318, 0.32666666666666666, 0.19428571428525, 0.0032371390868055376, 0.31333333333333335, 0.6442857142856429, 0.010133253149417069, 0.21333333333333335, 0.49142857142857144, 0.03377213929035598, 0.28, 0.80571428571384, 0.011746530436334314, 0.29333333333333333, 0.4742857142835429, 0.0014667384877461351, 0.2866666666666667, 0.9399999999995485, 0.004461860398297855, 0.2733333333333333, 0.47428571428561145, 0.042499642035366055, 0.3333333333333333, 0.28, 0.001285870193510074, 0.22666666666666666, 0.22999999999999715, 0.0165686355466282, 0.26666666666666666, 0.6185714285691428, 0.0016710137868781653, 0.0, 0.0, 0.0, 0.0, 0.0, 0.0, 0.0, 0.0, 0.0, 0.0, 0.0, 0.0, 0.0, 0.0, 0.0, 0.0, 0.0, 0.0, 0.0, 0.0, 0.0, 0.0, 0.0, 0.0, 0.0, 0.0, 0.0, 0.0, 0.0, 0.0, 0.0, 0.0, 0.0, 0.0, 0.0, 0.0, 0.0, 0.0, 0.0, 0.0, 0.0, 0.0, 0.0, 0.0, 0.0, 0.0, 0.0, 0.0, 0.0, 0.0, 0.0, 0.0, 0.0, 0.0, 0.0, 0.0, 0.0, 0.0, 0.0, 0.0, 0.0, 0.0, 0.0, 0.0, 0.0, 0.0, 0.0, 0.0, 0.0, 0.0, 0.0, 0.0, 0.0, 0.0, 0.0, 0.0, 0.0, 0.0, 0.0, 0.0, 0.0, 0.0, 0.0, 0.0, 0.0, 0.0, 0.0, 0.0, 0.0, 0.0, 0.0, 0.0, 0.0, 0.0, 0.0, 0.0, 0.0, 0.0, 0.0, 0.0, 0.0, 0.0, 0.0, 0.0, 0.0, 0.0, 0.0, 0.0, 0.0, 0.0, 0.0, 0.0, 0.0, 0.0, 0.0, 0.0, 0.0],[0, 0, 0, 0, 0, 0, 0, 0, 0, 0, 0, 0, 0, 0, 0, 0, 0, 0, 0, 0, 0, 0, 0, 0, 0, 0, 0, 0, 0, 0, 0, 0, 0, 0, 0, 0, 0, 0, 0, 0, 0, 0, 0, 0, 0, 0, 0, 0, 0, 0, 0, 0, 0, 0, 0, 0, 0, 0, 0, 0, 0, 0, 0, 0]
[0.0, 0.0, 0.0, 0.0, 0.0, 0.0, 0.0, 0.0, 0.0, 0.0, 0.0, 0.0, 0.0, 0.0, 0.0, 0.0, 0.0, 0.0, 0.0, 0.0, 0.0, 0.0, 0.0, 0.0, 1.0, 1.0, 1.0, 1.0, 0.0, 0.0, 0.0, 1.0, 1.0, 1.0, 1.0, 1.0, 1.0, 1.0, 1.0, 1.0, 1.0, 1.0, 1.0, 1.0, 1.0, 1.0, 1.0, 1.0, 1.0, 1.0, 1.0, 0.0, 0.0, 0.0, 0.0, 0.0, 0.0, 0.0, 0.0, 0.0, 0.0, 0.0, 0.0, 0.0, 0.0, 0.0, 0.0, 0.0, 0.0, 1.0, 0.0, 0.0, 0.0, 0.0, 0.0, 0.0, 0.0, 0.0, 0.0, 0.0, 0.0, 1.0, 0.0, 0.0, 0.0, 0.0, 0.0, 0.0, 0.0, 0.0, 0.0, 0.0, 0.0, 0.0, 0.0, 0.0, 0.0, 0.0, 0.0, 0.0, 0.0, 0.0, 0.0, 0.0, 0.0, 0.0, 0.0, 0.0, 0.0, 0.0, 0.0, 0.0, 0.0, 0.0, 0.0, 0.0, 0.0, 0.0, 0.0, 0.0, 0.0, 0.0, 0.0, 0.0, 0.0, 0.0, 0.0, 0.0, 0.0, 0.0, 0.0, 0.0, 0.0, 0.0, 0.0, 0.0, 0.0, 0.0, 0.0, 0.0, 0.0, 0.0, 0.0, 0.0, 0.0, 1.0, 0.0, 1.0, 0.0, 1.0, 0.3, 0.8599999999997572, 0.013178405114411625, 0.24666666666666667, 0.47999999999952, 0.0038741969089500553, 0.31333333333333335, 0.3657142857127886, 0.004841042031844634, 0.2733333333333333, 0.7942857142853571, 0.16085936063077083, 0.23333333333333334, 0.1571428571426, 0.0011782234176249621, 0.2733333333333333, 0.6871428571427886, 0.06914648513962361, 0.31333333333333335, 0.80571428571348, 0.008997342461869073, 0.20666666666666667, 0.7242857142837028, 0.023515672448673634, 0.26, 0.7199999999997257, 0.009364639283831076, 0.24666666666666667, 0.9085714285711014, 0.029013954704440438, 0.32, 0.8542857142848, 0.04932790975647819, 0.26666666666666666, 0.5228571428571429, 0.022909483243557033, 0.2866666666666667, 0.95999999999962, 0.011717469252673777, 0.26666666666666666, 0.8799999999994286, 0.006248231983901149, 0.32666666666666666, 0.1799999999994, 0.0022493356154620193, 0.22, 0.6014285714285357, 0.1339149910866318, 0.32666666666666666, 0.19428571428525, 0.0032371390868055376, 0.31333333333333335, 0.6442857142856429, 0.010133253149417069, 0.21333333333333335, 0.49142857142857144, 0.03377213929035598, 0.28, 0.80571428571384, 0.011746530436334314, 0.29333333333333333, 0.4742857142835429, 0.0014667384877461351, 0.2866666666666667, 0.9399999999995485, 0.004461860398297855, 0.2733333333333333, 0.47428571428561145, 0.042499642035366055, 0.3333333333333333, 0.28, 0.001285870193510074, 0.22666666666666666, 0.22999999999999715, 0.0165686355466282, 0.26666666666666666, 0.6185714285691428, 0.0016710137868781653, 0.0, 0.0, 0.0, 0.0, 0.0, 0.0, 0.0, 0.0, 0.0, 0.0, 0.0, 0.0, 0.0, 0.0, 0.0, 0.0, 0.0, 0.0, 0.0, 0.0, 0.0, 0.0, 0.0, 0.0, 0.0, 0.0, 0.0, 0.0, 0.0, 0.0, 0.0, 0.0, 0.0, 0.0, 0.0, 0.0, 0.0, 0.0, 0.0, 0.0, 0.0, 0.0, 0.0, 0.0, 0.0, 0.0, 0.0, 0.0, 0.0, 0.0, 0.0, 0.0, 0.0, 0.0, 0.0, 0.0, 0.0, 0.0, 0.0, 0.0, 0.0, 0.0, 0.0, 0.0, 0.0, 0.0, 0.0, 0.0, 0.0, 0.0, 0.0, 0.0, 0.0, 0.0, 0.0, 0.0, 0.0, 0.0, 0.0, 0.0, 0.0, 0.0, 0.0, 0.0, 0.0, 0.0, 0.0, 0.0, 0.0, 0.0, 0.0, 0.0, 0.0, 0.0, 0.0, 0.0, 0.0, 0.0, 0.0, 0.0, 0.0, 0.0, 0.0, 0.0, 0.0, 0.0, 0.0, 0.0, 0.0, 0.0, 0.0, 0.0, 0.0, 0.0],[0, 0, 0, 0, 0, 0, 0, 0, 0, 0, 0, 0, 0, 0, 0, 0, 0, 0, 0, 0, 0, 0, 0, 0, 0, 0, 0, 0, 0, 0, 0, 0, 0, 0, 0, 0, 0, 0, 0, 0, 0, 0, 0, 0, 0, 0, 0, 0, 0, 0, 0, 0, 0, 0, 0, 0, 0, 0, 0, 0, 0, 0, 0, 0]
[0.0, 0.0, 0.0, 0.0, 0.0, 0.0, 0.0, 0.0, 0.0, 0.0, 0.0, 0.0, 0.0, 0.0, 0.0, 0.0, 0.0, 0.0, 0.0, 0.0, 0.0, 0.0, 0.0, 0.0, 1.0, 1.0, 1.0, 1.0, 0.0, 0.0, 0.0, 1.0, 1.0, 1.0, 1.0, 1.0, 1.0, 1.0, 1.0, 1.0, 1.0, 1.0, 1.0, 1.0, 1.0, 1.0, 1.0, 1.0, 1.0, 1.0, 1.0, 0.0, 0.0, 0.0, 0.0, 0.0, 0.0, 0.0, 0.0, 0.0, 1.0, 1.0, 1.0, 1.0, 1.0, 1.0, 1.0, 1.0, 1.0, 1.0, 0.0, 0.0, 0.0, 0.0, 0.0, 0.0, 0.0, 0.0, 0.0, 0.0, 0.0, 1.0, 0.0, 0.0, 0.0, 0.0, 0.0, 0.0, 0.0, 0.0, 0.0, 0.0, 0.0, 0.0, 0.0, 0.0, 0.0, 0.0, 0.0, 0.0, 0.0, 0.0, 0.0, 0.0, 0.0, 0.0, 0.0, 0.0, 0.0, 0.0, 0.0, 0.0, 0.0, 0.0, 0.0, 0.0, 0.0, 0.0, 0.0, 0.0, 0.0, 0.0, 0.0, 0.0, 0.0, 0.0, 0.0, 0.0, 0.0, 0.0, 0.0, 0.0, 0.0, 0.0, 0.0, 0.0, 0.0, 0.0, 0.0, 0.0, 0.0, 0.0, 0.0, 0.0, 0.0, 1.0, 0.0, 1.0, 0.0, 1.0, 0.3, 0.8599999999997572, 0.013178405114411625, 0.24666666666666667, 0.47999999999952, 0.0038741969089500553, 0.31333333333333335, 0.3657142857127886, 0.004841042031844634, 0.2733333333333333, 0.7942857142853571, 0.16085936063077083, 0.23333333333333334, 0.1571428571426, 0.0011782234176249621, 0.2733333333333333, 0.6871428571427886, 0.06914648513962361, 0.31333333333333335, 0.80571428571348, 0.008997342461869073, 0.20666666666666667, 0.7242857142837028, 0.023515672448673634, 0.26, 0.7199999999997257, 0.009364639283831076, 0.24666666666666667, 0.9085714285711014, 0.029013954704440438, 0.32, 0.8542857142848, 0.04932790975647819, 0.26666666666666666, 0.5228571428571429, 0.022909483243557033, 0.2866666666666667, 0.95999999999962, 0.011717469252673777, 0.26666666666666666, 0.8799999999994286, 0.006248231983901149, 0.32666666666666666, 0.1799999999994, 0.0022493356154620193, 0.22, 0.6014285714285357, 0.1339149910866318, 0.32666666666666666, 0.19428571428525, 0.0032371390868055376, 0.31333333333333335, 0.6442857142856429, 0.010133253149417069, 0.21333333333333335, 0.49142857142857144, 0.03377213929035598, 0.28, 0.80571428571384, 0.011746530436334314, 0.29333333333333333, 0.4742857142835429, 0.0014667384877461351, 0.2866666666666667, 0.9399999999995485, 0.004461860398297855, 0.2733333333333333, 0.47428571428561145, 0.042499642035366055, 0.3333333333333333, 0.28, 0.001285870193510074, 0.22666666666666666, 0.22999999999999715, 0.0165686355466282, 0.26666666666666666, 0.6185714285691428, 0.0016710137868781653, 0.0, 0.0, 0.0, 0.0, 0.0, 0.0, 0.0, 0.0, 0.0, 0.0, 0.0, 0.0, 0.0, 0.0, 0.0, 0.0, 0.0, 0.0, 0.0, 0.0, 0.0, 0.0, 0.0, 0.0, 0.0, 0.0, 0.0, 0.0, 0.0, 0.0, 0.0, 0.0, 0.0, 0.0, 0.0, 0.0, 0.0, 0.0, 0.0, 0.0, 0.0, 0.0, 0.0, 0.0, 0.0, 0.0, 0.0, 0.0, 0.0, 0.0, 0.0, 0.0, 0.0, 0.0, 0.0, 0.0, 0.0, 0.0, 0.0, 0.0, 0.0, 0.0, 0.0, 0.0, 0.0, 0.0, 0.0, 0.0, 0.0, 0.0, 0.0, 0.0, 0.0, 0.0, 0.0, 0.0, 0.0, 0.0, 0.0, 0.0, 0.0, 0.0, 0.0, 0.0, 0.0, 0.0, 0.0, 0.0, 0.0, 0.0, 0.0, 0.0, 0.0, 0.0, 0.0, 0.0, 0.0, 0.0, 0.0, 0.0, 0.0, 0.0, 0.0, 0.0, 0.0, 0.0, 0.0, 0.0, 0.0, 0.0, 0.0, 0.0, 0.0, 0.0],[0, 1, 0, 0, 0, 0, 0, 0, 0, 0, 0, 0, 0, 0, 0, 0, 0, 0, 0, 0, 0, 0, 0, 0, 0, 0, 0, 0, 0, 0, 0, 0, 0, 0, 0, 0, 0, 0, 0, 0, 0, 0, 0, 0, 0, 0, 0, 0, 0, 0, 0, 0, 0, 0, 0, 0, 0, 0, 0, 0, 0, 0, 0, 0]
[0.0, 0.0, 0.0, 0.0, 0.0, 0.0, 0.0, 0.0, 0.0, 0.0, 0.0, 0.0, 0.0, 0.0, 0.0, 0.0, 0.0, 0.0, 0.0, 0.0, 0.0, 0.0, 0.0, 0.0, 0.0, 0.0, 0.0, 0.0, 0.0, 0.0, 0.0, 0.0, 0.0, 0.0, 0.0, 0.0, 0.0, 0.0, 0.0, 0.0, 0.0, 0.0, 0.0, 0.0, 0.0, 0.0, 0.0, 0.0, 0.0, 0.0, 0.0, 0.0, 0.0, 0.0, 0.0, 0.0, 0.0, 0.0, 0.0, 0.0, 0.0, 0.0, 0.0, 0.0, 0.0, 0.0, 0.0, 0.0, 0.0, 0.0, 0.0, 0.0, 0.0, 0.0, 0.0, 0.0, 0.0, 0.0, 0.0, 0.0, 0.0, 0.0, 0.0, 0.0, 0.0, 0.0, 0.0, 0.0, 0.0, 0.0, 0.0, 0.0, 0.0, 0.0, 0.0, 0.0, 0.0, 0.0, 0.0, 0.0, 0.0, 0.0, 0.0, 0.0, 0.0, 0.0, 0.0, 0.0, 0.0, 0.0, 0.0, 0.0, 0.0, 0.0, 0.0, 0.0, 0.0, 0.0, 0.0, 0.0, 0.0, 0.0, 0.0, 0.0, 0.0, 0.0, 0.0, 0.0, 0.0, 0.0, 0.0, 0.0, 0.0, 0.0, 0.0, 0.0, 0.0, 0.0, 0.0, 0.0, 0.0, 0.0, 0.0, 0.0, 0.0, 0.0, 0.0, 0.0, 0.0, 1.0, 0.3, 0.8599999999997572, 0.013178405114411625, 0.31333333333333335, 0.3657142857127886, 0.004841042031844634, 0.2733333333333333, 0.7942857142853571, 0.16085936063077083, 0.23333333333333334, 0.1571428571426, 0.0011782234176249621, 0.2733333333333333, 0.6871428571427886, 0.06914648513962361, 0.31333333333333335, 0.80571428571348, 0.008997342461869073, 0.20666666666666667, 0.7242857142837028, 0.023515672448673634, 0.26, 0.7199999999997257, 0.009364639283831076, 0.24666666666666667, 0.9085714285711014, 0.029013954704440438, 0.32, 0.8542857142848, 0.04932790975647819, 0.26666666666666666, 0.5228571428571429, 0.022909483243557033, 0.2866666666666667, 0.95999999999962, 0.011717469252673777, 0.26666666666666666, 0.8799999999994286, 0.006248231983901149, 0.32666666666666666, 0.1799999999994, 0.0022493356154620193, 0.22, 0.6014285714285357, 0.1339149910866318, 0.32666666666666666, 0.19428571428525, 0.0032371390868055376, 0.31333333333333335, 0.6442857142856429, 0.010133253149417069, 0.21333333333333335, 0.49142857142857144, 0.03377213929035598, 0.28, 0.80571428571384, 0.011746530436334314, 0.29333333333333333, 0.4742857142835429, 0.0014667384877461351, 0.2866666666666667, 0.9399999999995485, 0.004461860398297855, 0.2733333333333333, 0.47428571428561145, 0.042499642035366055, 0.3333333333333333, 0.28, 0.001285870193510074, 0.22666666666666666, 0.22999999999999715, 0.0165686355466282, 0.26666666666666666, 0.6185714285691428, 0.0016710137868781653, 0.0, 0.0, 0.0, 0.0, 0.0, 0.0, 0.0, 0.0, 0.0, 0.0, 0.0, 0.0, 0.0, 0.0, 0.0, 0.0, 0.0, 0.0, 0.0, 0.0, 0.0, 0.0, 0.0, 0.0, 0.0, 0.0, 0.0, 0.0, 0.0, 0.0, 0.0, 0.0, 0.0, 0.0, 0.0, 0.0, 0.0, 0.0, 0.0, 0.0, 0.0, 0.0, 0.0, 0.0, 0.0, 0.0, 0.0, 0.0, 0.0, 0.0, 0.0, 0.0, 0.0, 0.0, 0.0, 0.0, 0.0, 0.0, 0.0, 0.0, 0.0, 0.0, 0.0, 0.0, 0.0, 0.0, 0.0, 0.0, 0.0, 0.0, 0.0, 0.0, 0.0, 0.0, 0.0, 0.0, 0.0, 0.0, 0.0, 0.0, 0.0, 0.0, 0.0, 0.0, 0.0, 0.0, 0.0, 0.0, 0.0, 0.0, 0.0, 0.0, 0.0, 0.0, 0.0, 0.0, 0.0, 0.0, 0.0, 0.0, 0.0, 0.0, 0.0, 0.0, 0.0, 0.0, 0.0, 0.0, 0.0, 0.0, 0.0, 0.0, 0.0, 0.0, 0.0, 0.0, 0.0],[0, 0, 0, 0, 0, 0, 0, 0, 0, 0, 0, 0, 0, 0, 0, 0, 0, 0, 0, 0, 0, 0, 0, 0, 0, 0, 0, 0, 0, 0, 0, 0, 0, 0, 0, 0, 0, 0, 0, 0, 0, 0, 0, 0, 0, 0, 0, 0, 0, 0, 0, 0, 0, 0, 0, 0, 0, 0, 0, 0, 0, 0, 0, 0]
[0.0, 0.0, 0.0, 0.0, 0.0, 0.0, 0.0, 0.0, 0.0, 0.0, 0.0, 0.0, 0.0, 0.0, 0.0, 0.0, 0.0, 0.0, 0.0, 0.0, 0.0, 0.0, 0.0, 0.0, 0.0, 0.0, 0.0, 0.0, 0.0, 0.0, 0.0, 0.0, 0.0, 0.0, 0.0, 0.0, 0.0, 0.0, 0.0, 0.0, 0.0, 0.0, 0.0, 0.0, 0.0, 0.0, 0.0, 0.0, 0.0, 0.0, 0.0, 0.0, 0.0, 0.0, 0.0, 0.0, 0.0, 0.0, 0.0, 0.0, 0.0, 0.0, 0.0, 0.0, 0.0, 0.0, 0.0, 0.0, 0.0, 0.0, 0.0, 0.0, 0.0, 0.0, 0.0, 0.0, 0.0, 0.0, 0.0, 0.0, 0.0, 0.0, 0.0, 0.0, 0.0, 0.0, 0.0, 0.0, 0.0, 0.0, 0.0, 0.0, 0.0, 0.0, 0.0, 0.0, 0.0, 0.0, 0.0, 0.0, 0.0, 0.0, 0.0, 0.0, 0.0, 0.0, 0.0, 0.0, 0.0, 0.0, 0.0, 1.0, 1.0, 1.0, 1.0, 0.0, 0.0, 0.0, 0.0, 0.0, 0.0, 0.0, 0.0, 0.0, 0.0, 0.0, 0.0, 0.0, 0.0, 0.0, 0.0, 0.0, 0.0, 0.0, 0.0, 0.0, 0.0, 0.0, 0.0, 0.0, 0.0, 0.0, 0.0, 0.0, 0.0, 0.0, 0.0, 0.0, 1.0, 1.0, 0.3, 0.8599999999997572, 0.013178405114411625, 0.31333333333333335, 0.3657142857127886, 0.004841042031844634, 0.2733333333333333, 0.7942857142853571, 0.16085936063077083, 0.23333333333333334, 0.1571428571426, 0.0011782234176249621, 0.2733333333333333, 0.6871428571427886, 0.06914648513962361, 0.31333333333333335, 0.80571428571348, 0.008997342461869073, 0.20666666666666667, 0.7242857142837028, 0.023515672448673634, 0.26, 0.7199999999997257, 0.009364639283831076, 0.24666666666666667, 0.9085714285711014, 0.029013954704440438, 0.32, 0.8542857142848, 0.04932790975647819, 0.26666666666666666, 0.5228571428571429, 0.022909483243557033, 0.2866666666666667, 0.95999999999962, 0.011717469252673777, 0.26666666666666666, 0.8799999999994286, 0.006248231983901149, 0.32666666666666666, 0.1799999999994, 0.0022493356154620193, 0.22, 0.6014285714285357, 0.1339149910866318, 0.32666666666666666, 0.19428571428525, 0.0032371390868055376, 0.31333333333333335, 0.6442857142856429, 0.010133253149417069, 0.21333333333333335, 0.49142857142857144, 0.03377213929035598, 0.28, 0.80571428571384, 0.011746530436334314, 0.29333333333333333, 0.4742857142835429, 0.0014667384877461351, 0.2866666666666667, 0.9399999999995485, 0.004461860398297855, 0.2733333333333333, 0.47428571428561145, 0.042499642035366055, 0.3333333333333333, 0.28, 0.001285870193510074, 0.22666666666666666, 0.22999999999999715, 0.0165686355466282, 0.26666666666666666, 0.6185714285691428, 0.0016710137868781653, 0.0, 0.0, 0.0, 0.0, 0.0, 0.0, 0.0, 0.0, 0.0, 0.0, 0.0, 0.0, 0.0, 0.0, 0.0, 0.0, 0.0, 0.0, 0.0, 0.0, 0.0, 0.0, 0.0, 0.0, 0.0, 0.0, 0.0, 0.0, 0.0, 0.0, 0.0, 0.0, 0.0, 0.0, 0.0, 0.0, 0.0, 0.0, 0.0, 0.0, 0.0, 0.0, 0.0, 0.0, 0.0, 0.0, 0.0, 0.0, 0.0, 0.0, 0.0, 0.0, 0.0, 0.0, 0.0, 0.0, 0.0, 0.0, 0.0, 0.0, 0.0, 0.0, 0.0, 0.0, 0.0, 0.0, 0.0, 0.0, 0.0, 0.0, 0.0, 0.0, 0.0, 0.0, 0.0, 0.0, 0.0, 0.0, 0.0, 0.0, 0.0, 0.0, 0.0, 0.0, 0.0, 0.0, 0.0, 0.0, 0.0, 0.0, 0.0, 0.0, 0.0, 0.0, 0.0, 0.0, 0.0, 0.0, 0.0, 0.0, 0.0, 0.0, 0.0, 0.0, 0.0, 0.0, 0.0, 0.0, 0.0, 0.0, 0.0, 0.0, 0.0, 0.0, 0.0, 0.0, 0.0],[0, 0, 0, 0, 0, 0, 0, 0, 0, 0, 0, 0, 0, 0, 0, 0, 0, 0, 0, 0, 0, 0, 0, 0, 0, 0, 0, 0, 0, 0, 0, 0, 0, 0, 0, 0, 0, 0, 0, 0, 0, 0, 0, 0, 0, 0, 0, 0, 0, 0, 0, 0, 0, 0, 0, 0, 0, 0, 0, 0, 0, 0, 0, 0]
[1.0, 1.0, 1.0, 0.0, 0.0, 0.0, 0.0, 0.0, 0.0, 0.0, 0.0, 0.0, 0.0, 0.0, 0.0, 0.0, 0.0, 0.0, 0.0, 0.0, 0.0, 0.0, 0.0, 0.0, 0.0, 0.0, 0.0, 0.0, 0.0, 0.0, 0.0, 0.0, 0.0, 0.0, 0.0, 0.0, 0.0, 0.0, 0.0, 0.0, 0.0, 0.0, 0.0, 0.0, 0.0, 0.0, 0.0, 0.0, 0.0, 0.0, 0.0, 0.0, 0.0, 0.0, 0.0, 0.0, 0.0, 0.0, 0.0, 0.0, 0.0, 0.0, 0.0, 0.0, 0.0, 0.0, 0.0, 0.0, 0.0, 0.0, 0.0, 0.0, 0.0, 0.0, 0.0, 0.0, 0.0, 0.0, 0.0, 0.0, 0.0, 0.0, 0.0, 0.0, 0.0, 0.0, 0.0, 0.0, 0.0, 0.0, 0.0, 0.0, 0.0, 0.0, 0.0, 0.0, 0.0, 0.0, 0.0, 0.0, 0.0, 0.0, 0.0, 0.0, 0.0, 0.0, 0.0, 0.0, 0.0, 0.0, 0.0, 1.0, 1.0, 1.0, 1.0, 0.0, 0.0, 0.0, 0.0, 0.0, 0.0, 0.0, 0.0, 0.0, 0.0, 0.0, 0.0, 0.0, 0.0, 0.0, 0.0, 0.0, 0.0, 0.0, 0.0, 0.0, 0.0, 0.0, 0.0, 0.0, 0.0, 0.0, 0.0, 0.0, 0.0, 0.0, 0.0, 0.0, 1.0, 1.0, 0.06, 0.5285714285714271, 0.45369559701527085, 0.06666666666666667, 0.7242857142857143, 0.25237740342065357, 0.2733333333333333, 0.5414285714281971, 0.08563280339768005, 0.3, 0.8599999999997572, 0.013178405114411625, 0.31333333333333335, 0.3657142857127886, 0.004841042031844634, 0.2733333333333333, 0.7942857142853571, 0.16085936063077083, 0.24666666666666667, 0.8671428571428357, 0.05056898528485491, 0.23333333333333334, 0.1571428571426, 0.0011782234176249621, 0.2733333333333333, 0.6871428571427886, 0.06914648513962361, 0.31333333333333335, 0.80571428571348, 0.008997342461869073, 0.20666666666666667, 0.7242857142837028, 0.023515672448673634, 0.26, 0.7199999999997257, 0.009364639283831076, 0.24666666666666667, 0.9085714285711014, 0.029013954704440438, 0.32, 0.8542857142848, 0.04932790975647819, 0.26666666666666666, 0.5228571428571429, 0.022909483243557033, 0.2866666666666667, 0.95999999999962, 0.011717469252673777, 0.26666666666666666, 0.8799999999994286, 0.006248231983901149, 0.32666666666666666, 0.1799999999994, 0.0022493356154620193, 0.22, 0.6014285714285357, 0.1339149910866318, 0.32666666666666666, 0.19428571428525, 0.0032371390868055376, 0.31333333333333335, 0.6442857142856429, 0.010133253149417069, 0.21333333333333335, 0.49142857142857144, 0.03377213929035598, 0.28, 0.80571428571384, 0.011746530436334314, 0.29333333333333333, 0.4742857142835429, 0.0014667384877461351, 0.2866666666666667, 0.9399999999995485, 0.004461860398297855, 0.2733333333333333, 0.47428571428561145, 0.042499642035366055, 0.3333333333333333, 0.28, 0.001285870193510074, 0.22666666666666666, 0.22999999999999715, 0.0165686355466282, 0.26666666666666666, 0.6185714285691428, 0.0016710137868781653, 0.0, 0.0, 0.0, 0.0, 0.0, 0.0, 0.0, 0.0, 0.0, 0.0, 0.0, 0.0, 0.0, 0.0, 0.0, 0.0, 0.0, 0.0, 0.0, 0.0, 0.0, 0.0, 0.0, 0.0, 0.0, 0.0, 0.0, 0.0, 0.0, 0.0, 0.0, 0.0, 0.0, 0.0, 0.0, 0.0, 0.0, 0.0, 0.0, 0.0, 0.0, 0.0, 0.0, 0.0, 0.0, 0.0, 0.0, 0.0, 0.0, 0.0, 0.0, 0.0, 0.0, 0.0, 0.0, 0.0, 0.0, 0.0, 0.0, 0.0, 0.0, 0.0, 0.0, 0.0, 0.0, 0.0, 0.0, 0.0, 0.0, 0.0, 0.0, 0.0, 0.0, 0.0, 0.0, 0.0, 0.0, 0.0, 0.0, 0.0, 0.0, 0.0, 0.0, 0.0, 0.0, 0.0, 0.0, 0.0, 0.0, 0.0, 0.0, 0.0, 0.0, 0.0, 0.0, 0.0, 0.0, 0.0, 0.0, 0.0, 0.0, 0.0, 0.0, 0.0, 0.0],[1, 0, 0, 0, 0, 0, 0, 0, 0, 0, 0, 0, 0, 0, 0, 0, 0, 0, 0, 0, 0, 0, 0, 0, 0, 0, 0, 0, 0, 0, 0, 0, 0, 0, 0, 0, 0, 0, 0, 0, 0, 0, 0, 0, 0, 0, 0, 0, 0, 0, 0, 0, 0, 0, 0, 0, 0, 0, 0, 0, 0, 0, 0, 0]
[0.0, 0.0, 0.0, 0.0, 0.0, 0.0, 0.0, 0.0, 0.0, 0.0, 0.0, 0.0, 0.0, 0.0, 0.0, 0.0, 0.0, 0.0, 0.0, 0.0, 0.0, 0.0, 0.0, 0.0, 0.0, 0.0, 0.0, 0.0, 0.0, 0.0, 0.0, 0.0, 0.0, 0.0, 0.0, 0.0, 0.0, 0.0, 0.0, 0.0, 0.0, 0.0, 0.0, 0.0, 0.0, 0.0, 0.0, 0.0, 0.0, 0.0, 0.0, 0.0, 0.0, 0.0, 0.0, 0.0, 0.0, 0.0, 0.0, 0.0, 0.0, 0.0, 0.0, 0.0, 0.0, 0.0, 0.0, 0.0, 0.0, 0.0, 0.0, 0.0, 0.0, 0.0, 0.0, 0.0, 0.0, 0.0, 0.0, 0.0, 0.0, 0.0, 0.0, 0.0, 0.0, 0.0, 0.0, 0.0, 0.0, 0.0, 0.0, 0.0, 0.0, 0.0, 0.0, 0.0, 0.0, 0.0, 0.0, 0.0, 0.0, 0.0, 0.0, 0.0, 0.0, 0.0, 0.0, 0.0, 0.0, 0.0, 0.0, 0.0, 0.0, 0.0, 0.0, 0.0, 0.0, 0.0, 0.0, 0.0, 0.0, 0.0, 0.0, 0.0, 0.0, 0.0, 0.0, 0.0, 0.0, 0.0, 0.0, 0.0, 0.0, 0.0, 0.0, 0.0, 0.0, 0.0, 0.0, 0.0, 0.0, 0.0, 0.0, 0.0, 0.0, 0.0, 0.0, 0.0, 0.0, 0.0, 0.06666666666666667, 0.7242857142857143, 0.25237740342065357, 0.2733333333333333, 0.5414285714281971, 0.08563280339768005, 0.3, 0.8599999999997572, 0.013178405114411625, 0.31333333333333335, 0.3657142857127886, 0.004841042031844634, 0.2733333333333333, 0.7942857142853571, 0.16085936063077083, 0.24666666666666667, 0.8671428571428357, 0.05056898528485491, 0.23333333333333334, 0.1571428571426, 0.0011782234176249621, 0.2733333333333333, 0.6871428571427886, 0.06914648513962361, 0.31333333333333335, 0.80571428571348, 0.008997342461869073, 0.20666666666666667, 0.7242857142837028, 0.023515672448673634, 0.26, 0.7199999999997257, 0.009364639283831076, 0.24666666666666667, 0.9085714285711014, 0.029013954704440438, 0.32, 0.8542857142848, 0.04932790975647819, 0.26666666666666666, 0.5228571428571429, 0.022909483243557033, 0.2866666666666667, 0.95999999999962, 0.011717469252673777, 0.26666666666666666, 0.8799999999994286, 0.006248231983901149, 0.32666666666666666, 0.1799999999994, 0.0022493356154620193, 0.22, 0.6014285714285357, 0.1339149910866318, 0.32666666666666666, 0.19428571428525, 0.0032371390868055376, 0.31333333333333335, 0.6442857142856429, 0.010133253149417069, 0.21333333333333335, 0.49142857142857144, 0.03377213929035598, 0.28, 0.80571428571384, 0.011746530436334314, 0.29333333333333333, 0.4742857142835429, 0.0014667384877461351, 0.2866666666666667, 0.9399999999995485, 0.004461860398297855, 0.2733333333333333, 0.47428571428561145, 0.042499642035366055, 0.3333333333333333, 0.28, 0.001285870193510074, 0.22666666666666666, 0.22999999999999715, 0.0165686355466282, 0.26666666666666666, 0.6185714285691428, 0.0016710137868781653, 0.0, 0.0, 0.0, 0.0, 0.0, 0.0, 0.0, 0.0, 0.0, 0.0, 0.0, 0.0, 0.0, 0.0, 0.0, 0.0, 0.0, 0.0, 0.0, 0.0, 0.0, 0.0, 0.0, 0.0, 0.0, 0.0, 0.0, 0.0, 0.0, 0.0, 0.0, 0.0, 0.0, 0.0, 0.0, 0.0, 0.0, 0.0, 0.0, 0.0, 0.0, 0.0, 0.0, 0.0, 0.0, 0.0, 0.0, 0.0, 0.0, 0.0, 0.0, 0.0, 0.0, 0.0, 0.0, 0.0, 0.0, 0.0, 0.0, 0.0, 0.0, 0.0, 0.0, 0.0, 0.0, 0.0, 0.0, 0.0, 0.0, 0.0, 0.0, 0.0, 0.0, 0.0, 0.0, 0.0, 0.0, 0.0, 0.0, 0.0, 0.0, 0.0, 0.0, 0.0, 0.0, 0.0, 0.0, 0.0, 0.0, 0.0, 0.0, 0.0, 0.0, 0.0, 0.0, 0.0, 0.0, 0.0, 0.0, 0.0, 0.0, 0.0, 0.0, 0.0, 0.0, 0.0, 0.0, 0.0],[0, 0, 0, 0, 0, 0, 0, 0, 0, 0, 0, 0, 0, 0, 0, 0, 0, 0, 0, 0, 0, 0, 0, 0, 0, 0, 0, 0, 0, 0, 0, 0, 0, 0, 0, 0, 0, 0, 0, 0, 0, 0, 0, 0, 0, 0, 0, 0, 0, 0, 0, 0, 0, 0, 0, 0, 0, 0, 0, 0, 0, 0, 0, 0]
[0.0, 0.0, 0.0, 0.0, 0.0, 0.0, 0.0, 0.0, 0.0, 0.0, 0.0, 0.0, 0.0, 0.0, 0.0, 0.0, 1.0, 1.0, 1.0, 1.0, 1.0, 1.0, 1.0, 1.0, 0.0, 0.0, 0.0, 0.0, 1.0, 1.0, 1.0, 0.0, 0.0, 0.0, 0.0, 0.0, 0.0, 0.0, 0.0, 0.0, 0.0, 0.0, 0.0, 0.0, 0.0, 0.0, 0.0, 0.0, 0.0, 0.0, 0.0, 0.0, 0.0, 0.0, 0.0, 0.0, 0.0, 0.0, 0.0, 0.0, 0.0, 0.0, 0.0, 0.0, 0.0, 0.0, 0.0, 0.0, 0.0, 0.0, 1.0, 1.0, 1.0, 1.0, 1.0, 1.0, 1.0, 1.0, 1.0, 1.0, 1.0, 0.0, 0.0, 0.0, 0.0, 0.0, 0.0, 0.0, 0.0, 0.0, 1.0, 1.0, 1.0, 1.0, 1.0, 1.0, 1.0, 1.0, 1.0, 1.0, 1.0, 1.0, 1.0, 1.0, 1.0, 1.0, 1.0, 1.0, 1.0, 0.0, 0.0, 0.0, 0.0, 0.0, 0.0, 0.0, 0.0, 0.0, 0.0, 0.0, 0.0, 0.0, 1.0, 1.0, 0.0, 0.0, 0.0, 0.0, 0.0, 0.0, 0.0, 0.0, 0.0, 0.0, 0.0, 0.0, 0.0, 0.0, 0.0, 0.0, 0.0, 0.0, 0.0, 0.0, 0.0, 0.0, 0.0, 0.0, 0.0, 0.0, 0.06666666666666667, 0.7242857142857143, 0.25237740342065357, 0.2733333333333333, 0.5414285714281971, 0.08563280339768005, 0.3, 0.8599999999997572, 0.013178405114411625, 0.31333333333333335, 0.3657142857127886, 0.004841042031844634, 0.2733333333333333, 0.7942857142853571, 0.16085936063077083, 0.24666666666666667, 0.8671428571428357, 0.05056898528485491, 0.23333333333333334, 0.1571428571426, 0.0011782234176249621, 0.2733333333333333, 0.6871428571427886, 0.06914648513962361, 0.31333333333333335, 0.80571428571348, 0.008997342461869073, 0.20666666666666667, 0.7242857142837028, 0.023515672448673634, 0.26, 0.7199999999997257, 0.009364639283831076, 0.24666666666666667, 0.9085714285711014, 0.029013954704440438, 0.32, 0.8542857142848, 0.04932790975647819, 0.26666666666666666, 0.5228571428571429, 0.022909483243557033, 0.2866666666666667, 0.95999999999962, 0.011717469252673777, 0.26666666666666666, 0.8799999999994286, 0.006248231983901149, 0.32666666666666666, 0.1799999999994, 0.0022493356154620193, 0.22, 0.6014285714285357, 0.1339149910866318, 0.32666666666666666, 0.19428571428525, 0.0032371390868055376, 0.31333333333333335, 0.6442857142856429, 0.010133253149417069, 0.21333333333333335, 0.49142857142857144, 0.03377213929035598, 0.28, 0.80571428571384, 0.011746530436334314, 0.29333333333333333, 0.4742857142835429, 0.0014667384877461351, 0.04, 0.82714285714284, 0.1688251342499586, 0.2866666666666667, 0.9399999999995485, 0.004461860398297855, 0.2733333333333333, 0.47428571428561145, 0.042499642035366055, 0.3333333333333333, 0.28, 0.001285870193510074, 0.22666666666666666, 0.22999999999999715, 0.0165686355466282, 0.26666666666666666, 0.6185714285691428, 0.0016710137868781653, 0.0, 0.0, 0.0, 0.0, 0.0, 0.0, 0.0, 0.0, 0.0, 0.0, 0.0, 0.0, 0.0, 0.0, 0.0, 0.0, 0.0, 0.0, 0.0, 0.0, 0.0, 0.0, 0.0, 0.0, 0.0, 0.0, 0.0, 0.0, 0.0, 0.0, 0.0, 0.0, 0.0, 0.0, 0.0, 0.0, 0.0, 0.0, 0.0, 0.0, 0.0, 0.0, 0.0, 0.0, 0.0, 0.0, 0.0, 0.0, 0.0, 0.0, 0.0, 0.0, 0.0, 0.0, 0.0, 0.0, 0.0, 0.0, 0.0, 0.0, 0.0, 0.0, 0.0, 0.0, 0.0, 0.0, 0.0, 0.0, 0.0, 0.0, 0.0, 0.0, 0.0, 0.0, 0.0, 0.0, 0.0, 0.0, 0.0, 0.0, 0.0, 0.0, 0.0, 0.0, 0.0, 0.0, 0.0, 0.0, 0.0, 0.0, 0.0, 0.0, 0.0, 0.0, 0.0, 0.0, 0.0, 0.0, 0.0, 0.0, 0.0, 0.0, 0.0, 0.0, 0.0],[1, 0, 0, 0, 0, 0, 0, 0, 0, 1, 0, 0, 0, 0, 0, 0, 0, 0, 0, 0, 0, 0, 0, 0, 0, 0, 0, 0, 0, 0, 0, 0, 0, 0, 0, 0, 0, 0, 0, 0, 0, 0, 0, 0, 0, 0, 0, 0, 0, 0, 0, 0, 0, 0, 0, 0, 0, 0, 0, 0, 0, 0, 0, 0]
[0.0, 0.0, 0.0, 0.0, 0.0, 0.0, 0.0, 0.0, 0.0, 0.0, 0.0, 0.0, 0.0, 0.0, 0.0, 0.0, 0.0, 0.0, 0.0, 0.0, 0.0, 0.0, 0.0, 0.0, 0.0, 0.0, 0.0, 0.0, 0.0, 0.0, 0.0, 0.0, 0.0, 0.0, 0.0, 0.0, 0.0, 0.0, 0.0, 0.0, 0.0, 0.0, 0.0, 0.0, 0.0, 0.0, 0.0, 0.0, 0.0, 0.0, 0.0, 0.0, 0.0, 0.0, 0.0, 0.0, 0.0, 0.0, 0.0, 0.0, 0.0, 0.0, 0.0, 0.0, 0.0, 0.0, 0.0, 0.0, 0.0, 0.0, 0.0, 0.0, 0.0, 0.0, 0.0, 0.0, 0.0, 0.0, 0.0, 0.0, 0.0, 0.0, 0.0, 0.0, 0.0, 0.0, 0.0, 0.0, 0.0, 0.0, 0.0, 0.0, 0.0, 0.0, 0.0, 0.0, 0.0, 0.0, 0.0, 0.0, 0.0, 0.0, 0.0, 0.0, 0.0, 0.0, 0.0, 0.0, 0.0, 0.0, 0.0, 0.0, 0.0, 0.0, 0.0, 0.0, 0.0, 0.0, 0.0, 0.0, 0.0, 0.0, 1.0, 1.0, 0.0, 0.0, 0.0, 0.0, 0.0, 0.0, 0.0, 0.0, 0.0, 0.0, 0.0, 0.0, 0.0, 0.0, 0.0, 0.0, 0.0, 0.0, 0.0, 0.0, 0.0, 0.0, 0.0, 0.0, 0.0, 0.0, 0.2733333333333333, 0.5414285714281971, 0.08563280339768005, 0.3, 0.8599999999997572, 0.013178405114411625, 0.31333333333333335, 0.3657142857127886, 0.004841042031844634, 0.2733333333333333, 0.7942857142853571, 0.16085936063077083, 0.24666666666666667, 0.8671428571428357, 0.05056898528485491, 0.23333333333333334, 0.1571428571426, 0.0011782234176249621, 0.2733333333333333, 0.6871428571427886, 0.06914648513962361, 0.31333333333333335, 0.80571428571348, 0.008997342461869073, 0.26, 0.7199999999997257, 0.009364639283831076, 0.24666666666666667, 0.9085714285711014, 0.029013954704440438, 0.32, 0.8542857142848, 0.04932790975647819, 0.26666666666666666, 0.5228571428571429, 0.022909483243557033, 0.2866666666666667, 0.95999999999962, 0.011717469252673777, 0.26666666666666666, 0.8799999999994286, 0.006248231983901149, 0.32666666666666666, 0.1799999999994, 0.0022493356154620193, 0.22, 0.6014285714285357, 0.1339149910866318, 0.32666666666666666, 0.19428571428525, 0.0032371390868055376, 0.31333333333333335, 0.6442857142856429, 0.010133253149417069, 0.21333333333333335, 0.49142857142857144, 0.03377213929035598, 0.28, 0.80571428571384, 0.011746530436334314, 0.29333333333333333, 0.4742857142835429, 0.0014667384877461351, 0.04, 0.82714285714284, 0.1688251342499586, 0.2866666666666667, 0.9399999999995485, 0.004461860398297855, 0.2733333333333333, 0.47428571428561145, 0.042499642035366055, 0.3333333333333333, 0.28, 0.001285870193510074, 0.22666666666666666, 0.22999999999999715, 0.0165686355466282, 0.26666666666666666, 0.6185714285691428, 0.0016710137868781653, 0.0, 0.0, 0.0, 0.0, 0.0, 0.0, 0.0, 0.0, 0.0, 0.0, 0.0, 0.0, 0.0, 0.0, 0.0, 0.0, 0.0, 0.0, 0.0, 0.0, 0.0, 0.0, 0.0, 0.0, 0.0, 0.0, 0.0, 0.0, 0.0, 0.0, 0.0, 0.0, 0.0, 0.0, 0.0, 0.0, 0.0, 0.0, 0.0, 0.0, 0.0, 0.0, 0.0, 0.0, 0.0, 0.0, 0.0, 0.0, 0.0, 0.0, 0.0, 0.0, 0.0, 0.0, 0.0, 0.0, 0.0, 0.0, 0.0, 0.0, 0.0, 0.0, 0.0, 0.0, 0.0, 0.0, 0.0, 0.0, 0.0, 0.0, 0.0, 0.0, 0.0, 0.0, 0.0, 0.0, 0.0, 0.0, 0.0, 0.0, 0.0, 0.0, 0.0, 0.0, 0.0, 0.0, 0.0, 0.0, 0.0, 0.0, 0.0, 0.0, 0.0, 0.0, 0.0, 0.0, 0.0, 0.0, 0.0, 0.0, 0.0, 0.0, 0.0, 0.0, 0.0, 0.0, 0.0, 0.0, 0.0, 0.0, 0.0],[0, 0, 0, 0, 0, 0, 0, 0, 0, 0, 0, 0, 0, 0, 0, 0, 0, 0, 0, 0, 0, 0, 0, 0, 0, 0, 0, 0, 0, 0, 0, 0, 0, 0, 0, 0, 0, 0, 0, 0, 0, 0, 0, 0, 0, 0, 0, 0, 0, 0, 0, 0, 0, 0, 0, 0, 0, 0, 0, 0, 0, 0, 0, 0]
[0.0, 0.0, 0.0, 0.0, 0.0, 0.0, 0.0, 0.0, 0.0, 0.0, 0.0, 0.0, 0.0, 0.0, 0.0, 0.0, 0.0, 0.0, 0.0, 0.0, 0.0, 0.0, 0.0, 0.0, 0.0, 0.0, 0.0, 0.0, 0.0, 0.0, 0.0, 0.0, 0.0, 0.0, 0.0, 0.0, 0.0, 0.0, 0.0, 0.0, 0.0, 0.0, 0.0, 0.0, 0.0, 0.0, 0.0, 0.0, 0.0, 0.0, 0.0, 0.0, 0.0, 0.0, 0.0, 0.0, 0.0, 0.0, 0.0, 0.0, 0.0, 0.0, 0.0, 0.0, 0.0, 0.0, 0.0, 0.0, 0.0, 0.0, 0.0, 0.0, 0.0, 0.0, 0.0, 0.0, 0.0, 0.0, 0.0, 0.0, 0.0, 0.0, 0.0, 0.0, 0.0, 0.0, 0.0, 0.0, 0.0, 0.0, 0.0, 0.0, 0.0, 0.0, 0.0, 0.0, 0.0, 0.0, 0.0, 0.0, 0.0, 0.0, 0.0, 0.0, 0.0, 0.0, 0.0, 0.0, 0.0, 0.0, 0.0, 0.0, 0.0, 0.0, 0.0, 0.0, 0.0, 0.0, 0.0, 0.0, 0.0, 0.0, 1.0, 1.0, 0.0, 0.0, 0.0, 0.0, 0.0, 1.0, 1.0, 1.0, 0.0, 0.0, 0.0, 0.0, 0.0, 0.0, 0.0, 0.0, 0.0, 0.0, 0.0, 0.0, 0.0, 0.0, 0.0, 0.0, 0.0, 0.0, 0.2733333333333333, 0.5414285714281971, 0.08563280339768005, 0.3, 0.8599999999997572, 0.013178405114411625, 0.31333333333333335, 0.3657142857127886, 0.004841042031844634, 0.2733333333333333, 0.7942857142853571, 0.16085936063077083, 0.24666666666666667, 0.8671428571428357, 0.05056898528485491, 0.23333333333333334, 0.1571428571426, 0.0011782234176249621, 0.2733333333333333, 0.6871428571427886, 0.06914648513962361, 0.31333333333333335, 0.80571428571348, 0.008997342461869073, 0.26, 0.7199999999997257, 0.009364639283831076, 0.24666666666666667, 0.9085714285711014, 0.029013954704440438, 0.32, 0.8542857142848, 0.04932790975647819, 0.26666666666666666, 0.5228571428571429, 0.022909483243557033, 0.2866666666666667, 0.95999999999962, 0.011717469252673777, 0.26666666666666666, 0.8799999999994286, 0.006248231983901149, 0.32666666666666666, 0.1799999999994, 0.0022493356154620193, 0.22, 0.6014285714285357, 0.1339149910866318, 0.32666666666666666, 0.19428571428525, 0.0032371390868055376, 0.31333333333333335, 0.6442857142856429, 0.010133253149417069, 0.21333333333333335, 0.49142857142857144, 0.03377213929035598, 0.28, 0.80571428571384, 0.011746530436334314, 0.29333333333333333, 0.4742857142835429, 0.0014667384877461351, 0.04, 0.82714285714284, 0.1688251342499586, 0.2866666666666667, 0.9399999999995485, 0.004461860398297855, 0.2733333333333333, 0.47428571428561145, 0.042499642035366055, 0.3333333333333333, 0.28, 0.001285870193510074, 0.22666666666666666, 0.22999999999999715, 0.0165686355466282, 0.26666666666666666, 0.6185714285691428, 0.0016710137868781653, 0.0, 0.0, 0.0, 0.0, 0.0, 0.0, 0.0, 0.0, 0.0, 0.0, 0.0, 0.0, 0.0, 0.0, 0.0, 0.0, 0.0, 0.0, 0.0, 0.0, 0.0, 0.0, 0.0, 0.0, 0.0, 0.0, 0.0, 0.0, 0.0, 0.0, 0.0, 0.0, 0.0, 0.0, 0.0, 0.0, 0.0, 0.0, 0.0, 0.0, 0.0, 0.0, 0.0, 0.0, 0.0, 0.0, 0.0, 0.0, 0.0, 0.0, 0.0, 0.0, 0.0, 0.0, 0.0, 0.0, 0.0, 0.0, 0.0, 0.0, 0.0, 0.0, 0.0, 0.0, 0.0, 0.0, 0.0, 0.0, 0.0, 0.0, 0.0, 0.0, 0.0, 0.0, 0.0, 0.0, 0.0, 0.0, 0.0, 0.0, 0.0, 0.0, 0.0, 0.0, 0.0, 0.0, 0.0, 0.0, 0.0, 0.0, 0.0, 0.0, 0.0, 0.0, 0.0, 0.0, 0.0, 0.0, 0.0, 0.0, 0.0, 0.0, 0.0, 0.0, 0.0, 0.0, 0.0, 0.0, 0.0, 0.0, 0.0],[0, 0, 0, 0, 0, 0, 0, 0, 0, 0, 0, 0, 0, 0, 0, 0, 0, 0, 0, 0, 0, 0, 0, 0, 0, 0, 0, 0, 0, 0, 0, 0, 0, 0, 0, 0, 0, 0, 0, 0, 0, 0, 0, 0, 0, 0, 0, 0, 0, 0, 0, 0, 0, 0, 0, 0, 0, 0, 0, 0, 0, 0, 0, 0]
[0.0, 0.0, 0.0, 0.0, 0.0, 0.0, 0.0, 0.0, 0.0, 0.0, 0.0, 0.0, 0.0, 0.0, 0.0, 0.0, 0.0, 0.0, 0.0, 0.0, 0.0, 0.0, 0.0, 0.0, 1.0, 1.0, 1.0, 1.0, 0.0, 0.0, 0.0, 1.0, 1.0, 1.0, 1.0, 1.0, 1.0, 1.0, 1.0, 1.0, 1.0, 1.0, 1.0, 1.0, 1.0, 1.0, 1.0, 1.0, 1.0, 1.0, 1.0, 0.0, 0.0, 0.0, 0.0, 0.0, 0.0, 0.0, 0.0, 0.0, 1.0, 1.0, 1.0, 1.0, 1.0, 1.0, 1.0, 1.0, 1.0, 1.0, 0.0, 0.0, 0.0, 0.0, 0.0, 0.0, 0.0, 0.0, 0.0, 0.0, 0.0, 1.0, 0.0, 0.0, 0.0, 0.0, 0.0, 0.0, 0.0, 0.0, 0.0, 0.0, 0.0, 0.0, 0.0, 0.0, 0.0, 0.0, 0.0, 0.0, 0.0, 0.0, 0.0, 0.0, 0.0, 0.0, 0.0, 0.0, 0.0, 0.0, 0.0, 0.0, 0.0, 0.0, 0.0, 0.0, 0.0, 0.0, 0.0, 0.0, 0.0, 0.0, 1.0, 1.0, 0.0, 0.0, 0.0, 0.0, 0.0, 1.0, 1.0, 1.0, 0.0, 0.0, 0.0, 0.0, 0.0, 0.0, 0.0, 0.0, 0.0, 0.0, 0.0, 0.0, 0.0, 1.0, 0.0, 1.0, 0.0, 0.0, 0.2733333333333333, 0.5414285714281971, 0.08563280339768005, 0.3, 0.8599999999997572, 0.013178405114411625, 0.31333333333333335, 0.3657142857127886, 0.004841042031844634, 0.2733333333333333, 0.7942857142853571, 0.16085936063077083, 0.24666666666666667, 0.8671428571428357, 0.05056898528485491, 0.23333333333333334, 0.1571428571426, 0.0011782234176249621, 0.2733333333333333, 0.6871428571427886, 0.06914648513962361, 0.31333333333333335, 0.80571428571348, 0.008997342461869073, 0.26, 0.7199999999997257, 0.009364639283831076, 0.24666666666666667, 0.9085714285711014, 0.029013954704440438, 0.32, 0.8542857142848, 0.04932790975647819, 0.26666666666666666, 0.5228571428571429, 0.022909483243557033, 0.2866666666666667, 0.95999999999962, 0.011717469252673777, 0.26666666666666666, 0.8799999999994286, 0.006248231983901149, 0.32666666666666666, 0.1799999999994, 0.0022493356154620193, 0.22, 0.6014285714285357, 0.1339149910866318, 0.32666666666666666, 0.19428571428525, 0.0032371390868055376, 0.31333333333333335, 0.6442857142856429, 0.010133253149417069, 0.21333333333333335, 0.49142857142857144, 0.03377213929035598, 0.28, 0.80571428571384, 0.011746530436334314, 0.29333333333333333, 0.4742857142835429, 0.0014667384877461351, 0.04, 0.82714285714284, 0.1688251342499586, 0.2866666666666667, 0.9399999999995485, 0.004461860398297855, 0.15333333333333332, 0.8057142857132743, 0.007150062004720215, 0.2733333333333333, 0.47428571428561145, 0.042499642035366055, 0.3333333333333333, 0.28, 0.001285870193510074, 0.22666666666666666, 0.22999999999999715, 0.0165686355466282, 0.26666666666666666, 0.6185714285691428, 0.0016710137868781653, 0.0, 0.0, 0.0, 0.0, 0.0, 0.0, 0.0, 0.0, 0.0, 0.0, 0.0, 0.0, 0.0, 0.0, 0.0, 0.0, 0.0, 0.0, 0.0, 0.0, 0.0, 0.0, 0.0, 0.0, 0.0, 0.0, 0.0, 0.0, 0.0, 0.0, 0.0, 0.0, 0.0, 0.0, 0.0, 0.0, 0.0, 0.0, 0.0, 0.0, 0.0, 0.0, 0.0, 0.0, 0.0, 0.0, 0.0, 0.0, 0.0, 0.0, 0.0, 0.0, 0.0, 0.0, 0.0, 0.0, 0.0, 0.0, 0.0, 0.0, 0.0, 0.0, 0.0, 0.0, 0.0, 0.0, 0.0, 0.0, 0.0, 0.0, 0.0, 0.0, 0.0, 0.0, 0.0, 0.0, 0.0, 0.0, 0.0, 0.0, 0.0, 0.0, 0.0, 0.0, 0.0, 0.0, 0.0, 0.0, 0.0, 0.0, 0.0, 0.0, 0.0, 0.0, 0.0, 0.0, 0.0, 0.0, 0.0, 0.0, 0.0, 0.0, 0.0, 0.0, 0.0, 0.0, 0.0, 0.0],[1, 0, 0, 0, 0, 0, 0, 0, 0, 0, 0, 0, 0, 0, 0, 0, 0, 0, 0, 0, 0, 0, 0, 0, 0, 0, 0, 0, 0, 0, 0, 0, 0, 0, 0, 0, 0, 0, 0, 0, 0, 0, 0, 0, 0, 0, 0, 0, 0, 0, 0, 0, 0, 0, 0, 0, 0, 0, 0, 0, 0, 0, 0, 0]
[0.0, 0.0, 0.0, 0.0, 0.0, 0.0, 0.0, 0.0, 0.0, 0.0, 0.0, 0.0, 0.0, 0.0, 0.0, 0.0, 0.0, 0.0, 0.0, 0.0, 0.0, 0.0, 0.0, 0.0, 0.0, 0.0, 0.0, 0.0, 0.0, 0.0, 0.0, 0.0, 0.0, 0.0, 0.0, 0.0, 0.0, 0.0, 0.0, 0.0, 0.0, 0.0, 0.0, 0.0, 0.0, 0.0, 0.0, 0.0, 0.0, 0.0, 0.0, 0.0, 0.0, 0.0, 0.0, 0.0, 0.0, 0.0, 0.0, 0.0, 0.0, 0.0, 0.0, 0.0, 0.0, 0.0, 0.0, 0.0, 0.0, 0.0, 0.0, 0.0, 0.0, 0.0, 0.0, 0.0, 0.0, 0.0, 0.0, 0.0, 0.0, 0.0, 0.0, 0.0, 0.0, 0.0, 0.0, 0.0, 0.0, 0.0, 0.0, 0.0, 0.0, 0.0, 0.0, 0.0, 0.0, 0.0, 0.0, 0.0, 0.0, 0.0, 0.0, 0.0, 0.0, 0.0, 0.0, 0.0, 0.0, 0.0, 0.0, 0.0, 0.0, 0.0, 0.0, 0.0, 0.0, 0.0, 0.0, 0.0, 0.0, 0.0, 0.0, 0.0, 0.0, 0.0, 0.0, 0.0, 0.0, 0.0, 0.0, 0.0, 0.0, 0.0, 0.0, 0.0, 0.0, 0.0, 0.0, 0.0, 0.0, 0.0, 0.0, 0.0, 0.0, 0.0, 0.0, 1.0, 0.0, 0.0, 0.3, 0.8599999999997572, 0.013178405114411625, 0.31333333333333335, 0.3657142857127886, 0.004841042031844634, 0.2733333333333333, 0.7942857142853571, 0.16085936063077083, 0.24666666666666667, 0.8671428571428357, 0.05056898528485491, 0.23333333333333334, 0.1571428571426, 0.0011782234176249621, 0.2733333333333333, 0.6871428571427886, 0.06914648513962361, 0.31333333333333335, 0.80571428571348, 0.008997342461869073, 0.26, 0.7199999999997257, 0.009364639283831076, 0.24666666666666667, 0.9085714285711014, 0.029013954704440438, 0.32, 0.8542857142848, 0.04932790975647819, 0.26666666666666666, 0.5228571428571429, 0.022909483243557033, 0.2866666666666667, 0.95999999999962, 0.011717469252673777, 0.26666666666666666, 0.8799999999994286, 0.006248231983901149, 0.32666666666666666, 0.1799999999994, 0.0022493356154620193, 0.22, 0.6014285714285357, 0.1339149910866318, 0.32666666666666666, 0.19428571428525, 0.0032371390868055376, 0.31333333333333335, 0.6442857142856429, 0.010133253149417069, 0.21333333333333335, 0.49142857142857144, 0.03377213929035598, 0.28, 0.80571428571384, 0.011746530436334314, 0.29333333333333333, 0.4742857142835429, 0.0014667384877461351, 0.04, 0.82714285714284, 0.1688251342499586, 0.2866666666666667, 0.9399999999995485, 0.004461860398297855, 0.15333333333333332, 0.8057142857132743, 0.007150062004720215, 0.2733333333333333, 0.47428571428561145, 0.042499642035366055, 0.3333333333333333, 0.28, 0.001285870193510074, 0.22666666666666666, 0.22999999999999715, 0.0165686355466282, 0.26666666666666666, 0.6185714285691428, 0.0016710137868781653, 0.0, 0.0, 0.0, 0.0, 0.0, 0.0, 0.0, 0.0, 0.0, 0.0, 0.0, 0.0, 0.0, 0.0, 0.0, 0.0, 0.0, 0.0, 0.0, 0.0, 0.0, 0.0, 0.0, 0.0, 0.0, 0.0, 0.0, 0.0, 0.0, 0.0, 0.0, 0.0, 0.0, 0.0, 0.0, 0.0, 0.0, 0.0, 0.0, 0.0, 0.0, 0.0, 0.0, 0.0, 0.0, 0.0, 0.0, 0.0, 0.0, 0.0, 0.0, 0.0, 0.0, 0.0, 0.0, 0.0, 0.0, 0.0, 0.0, 0.0, 0.0, 0.0, 0.0, 0.0, 0.0, 0.0, 0.0, 0.0, 0.0, 0.0, 0.0, 0.0, 0.0, 0.0, 0.0, 0.0, 0.0, 0.0, 0.0, 0.0, 0.0, 0.0, 0.0, 0.0, 0.0, 0.0, 0.0, 0.0, 0.0, 0.0, 0.0, 0.0, 0.0, 0.0, 0.0, 0.0, 0.0, 0.0, 0.0, 0.0, 0.0, 0.0, 0.0, 0.0, 0.0, 0.0, 0.0, 0.0, 0.0, 0.0, 0.0],[0, 0, 0, 0, 0, 0, 0, 0, 0, 0, 0, 0, 0, 0, 0, 0, 0, 0, 0, 0, 0, 0, 0, 0, 0, 0, 0, 0, 0, 0, 0, 0, 0, 0, 0, 0, 0, 0, 0, 0, 0, 0, 0, 0, 0, 0, 0, 0, 0, 0, 0, 0, 0, 0, 0, 0, 0, 0, 0, 0, 0, 0, 0, 0]
[0.0, 0.0, 0.0, 1.0, 1.0, 1.0, 1.0, 1.0, 1.0, 1.0, 1.0, 1.0, 1.0, 1.0, 1.0, 1.0, 0.0, 0.0, 0.0, 0.0, 0.0, 0.0, 0.0, 0.0, 0.0, 0.0, 0.0, 0.0, 0.0, 0.0, 0.0, 0.0, 0.0, 0.0, 0.0, 0.0, 0.0, 0.0, 0.0, 0.0, 0.0, 0.0, 0.0, 0.0, 0.0, 0.0, 0.0, 0.0, 0.0, 0.0, 0.0, 0.0, 0.0, 0.0, 0.0, 0.0, 0.0, 0.0, 0.0, 0.0, 0.0, 0.0, 0.0, 0.0, 0.0, 0.0, 0.0, 0.0, 0.0, 0.0, 0.0, 0.0, 0.0, 0.0, 0.0, 0.0, 0.0, 0.0, 0.0, 0.0, 0.0, 0.0, 0.0, 0.0, 0.0, 0.0, 0.0, 0.0, 0.0, 0.0, 0.0, 0.0, 0.0, 0.0, 0.0, 0.0, 0.0, 0.0, 0.0, 0.0, 0.0, 0.0, 0.0, 0.0, 0.0, 0.0, 0.0, 0.0, 0.0, 0.0, 0.0, 0.0, 0.0, 0.0, 0.0, 0.0, 0.0, 0.0, 0.0, 0.0, 0.0, 0.0, 0.0, 0.0, 0.0, 0.0, 0.0, 0.0, 0.0, 0.0, 0.0, 0.0, 0.0, 0.0, 0.0, 0.0, 0.0, 0.0, 0.0, 0.0, 0.0, 0.0, 0.0, 0.0, 0.0, 0.0, 0.0, 1.0, 0.0, 0.0, 0.16666666666666666, 0.36, 0.00868201893207843, 0.3, 0.8599999999997572, 0.013178405114411625, 0.18, 0.38142857142853714, 0.03068544654787405, 0.31333333333333335, 0.3657142857127886, 0.004841042031844634, 0.2733333333333333, 0.7942857142853571, 0.16085936063077083, 0.24666666666666667, 0.8671428571428357, 0.05056898528485491, 0.23333333333333334, 0.1571428571426, 0.0011782234176249621, 0.2733333333333333, 0.6871428571427886, 0.06914648513962361, 0.31333333333333335, 0.80571428571348, 0.008997342461869073, 0.26, 0.7199999999997257, 0.009364639283831076, 0.24666666666666667, 0.9085714285711014, 0.029013954704440438, 0.32, 0.8542857142848, 0.04932790975647819, 0.26666666666666666, 0.5228571428571429, 0.022909483243557033, 0.2866666666666667, 0.95999999999962, 0.011717469252673777, 0.26666666666666666, 0.8799999999994286, 0.006248231983901149, 0.32666666666666666, 0.1799999999994, 0.0022493356154620193, 0.22, 0.6014285714285357, 0.1339149910866318, 0.32666666666666666, 0.19428571428525, 0.0032371390868055376, 0.31333333333333335, 0.6442857142856429, 0.010133253149417069, 0.21333333333333335, 0.49142857142857144, 0.03377213929035598, 0.28, 0.80571428571384, 0.011746530436334314, 0.29333333333333333, 0.4742857142835429, 0.0014667384877461351, 0.04, 0.82714285714284, 0.1688251342499586, 0.2866666666666667, 0.39999999999934, 0.004882278855274617, 0.2866666666666667, 0.9399999999995485, 0.004461860398297855, 0.15333333333333332, 0.8057142857132743, 0.007150062004720215, 0.2733333333333333, 0.47428571428561145, 0.042499642035366055, 0.3333333333333333, 0.28, 0.001285870193510074, 0.22666666666666666, 0.22999999999999715, 0.0165686355466282, 0.26666666666666666, 0.6185714285691428, 0.0016710137868781653, 0.0, 0.0, 0.0, 0.0, 0.0, 0.0, 0.0, 0.0, 0.0, 0.0, 0.0, 0.0, 0.0, 0.0, 0.0, 0.0, 0.0, 0.0, 0.0, 0.0, 0.0, 0.0, 0.0, 0.0, 0.0, 0.0, 0.0, 0.0, 0.0, 0.0, 0.0, 0.0, 0.0, 0.0, 0.0, 0.0, 0.0, 0.0, 0.0, 0.0, 0.0, 0.0, 0.0, 0.0, 0.0, 0.0, 0.0, 0.0, 0.0, 0.0, 0.0, 0.0, 0.0, 0.0, 0.0, 0.0, 0.0, 0.0, 0.0, 0.0, 0.0, 0.0, 0.0, 0.0, 0.0, 0.0, 0.0, 0.0, 0.0, 0.0, 0.0, 0.0, 0.0, 0.0, 0.0, 0.0, 0.0, 0.0, 0.0, 0.0, 0.0, 0.0, 0.0, 0.0, 0.0, 0.0, 0.0, 0.0, 0.0, 0.0, 0.0, 0.0, 0.0, 0.0, 0.0, 0.0, 0.0, 0.0, 0.0, 0.0, 0.0, 0.0],[0, 0, 0, 0, 0, 0, 0, 0, 0, 0, 0, 0, 0, 0, 0, 0, 0, 0, 0, 0, 0, 0, 1, 0, 0, 0, 0, 0, 0, 0, 0, 0, 0, 0, 0, 0, 0, 0, 0, 0, 0, 0, 0, 0, 0, 0, 0, 0, 0, 0, 0, 0, 0, 0, 0, 0, 0, 0, 0, 0, 0, 0, 0, 0]
[0.0, 0.0, 0.0, 0.0, 0.0, 0.0, 0.0, 0.0, 0.0, 1.0, 1.0, 1.0, 1.0, 1.0, 1.0, 1.0, 0.0, 0.0, 0.0, 0.0, 0.0, 0.0, 0.0, 0.0, 0.0, 0.0, 0.0, 0.0, 0.0, 0.0, 0.0, 0.0, 0.0, 0.0, 0.0, 0.0, 0.0, 0.0, 0.0, 0.0, 0.0, 0.0, 0.0, 0.0, 0.0, 0.0, 0.0, 0.0, 0.0, 0.0, 0.0, 0.0, 0.0, 0.0, 0.0, 0.0, 0.0, 0.0, 0.0, 0.0, 0.0, 0.0, 0.0, 0.0, 0.0, 0.0, 0.0, 0.0, 0.0, 0.0, 0.0, 0.0, 0.0, 0.0, 0.0, 0.0, 0.0, 0.0, 0.0, 0.0, 0.0, 0.0, 0.0, 0.0, 0.0, 0.0, 0.0, 0.0, 0.0, 0.0, 0.0, 0.0, 0.0, 0.0, 0.0, 0.0, 0.0, 0.0, 0.0, 0.0, 0.0, 0.0, 0.0, 0.0, 0.0, 0.0, 0.0, 0.0, 0.0, 0.0, 0.0, 0.0, 0.0, 0.0, 0.0, 0.0, 0.0, 0.0, 0.0, 0.0, 0.0, 0.0, 0.0, 0.0, 0.0, 0.0, 0.0, 0.0, 0.0, 0.0, 0.0, 0.0, 0.0, 0.0, 0.0, 0.0, 0.0, 0.0, 0.0, 0.0, 0.0, 0.0, 0.0, 0.0, 0.0, 0.0, 0.0, 1.0, 0.0, 0.0, 0.16666666666666666, 0.36, 0.00868201893207843, 0.3, 0.8599999999997572, 0.013178405114411625, 0.18, 0.38142857142853714, 0.03068544654787405, 0.31333333333333335, 0.3657142857127886, 0.004841042031844634, 0.2733333333333333, 0.7942857142853571, 0.16085936063077083, 0.24666666666666667, 0.8671428571428357, 0.05056898528485491, 0.23333333333333334, 0.1571428571426, 0.0011782234176249621, 0.2733333333333333, 0.6871428571427886, 0.06914648513962361, 0.31333333333333335, 0.80571428571348, 0.008997342461869073, 0.26, 0.7199999999997257, 0.009364639283831076, 0.24666666666666667, 0.9085714285711014, 0.029013954704440438, 0.32, 0.8542857142848, 0.04932790975647819, 0.26666666666666666, 0.5228571428571429, 0.022909483243557033, 0.2866666666666667, 0.95999999999962, 0.011717469252673777, 0.26666666666666666, 0.8799999999994286, 0.006248231983901149, 0.32666666666666666, 0.1799999999994, 0.0022493356154620193, 0.22, 0.6014285714285357, 0.1339149910866318, 0.32666666666666666, 0.19428571428525, 0.0032371390868055376, 0.31333333333333335, 0.6442857142856429, 0.010133253149417069, 0.21333333333333335, 0.49142857142857144, 0.03377213929035598, 0.28, 0.80571428571384, 0.011746530436334314, 0.29333333333333333, 0.4742857142835429, 0.0014667384877461351, 0.2866666666666667, 0.39999999999934, 0.004882278855274617, 0.2866666666666667, 0.9399999999995485, 0.004461860398297855, 0.15333333333333332, 0.8057142857132743, 0.007150062004720215, 0.2733333333333333, 0.47428571428561145, 0.042499642035366055, 0.3333333333333333, 0.28, 0.001285870193510074, 0.22666666666666666, 0.22999999999999715, 0.0165686355466282, 0.26666666666666666, 0.6185714285691428, 0.0016710137868781653, 0.0, 0.0, 0.0, 0.0, 0.0, 0.0, 0.0, 0.0, 0.0, 0.0, 0.0, 0.0, 0.0, 0.0, 0.0, 0.0, 0.0, 0.0, 0.0, 0.0, 0.0, 0.0, 0.0, 0.0, 0.0, 0.0, 0.0, 0.0, 0.0, 0.0, 0.0, 0.0, 0.0, 0.0, 0.0, 0.0, 0.0, 0.0, 0.0, 0.0, 0.0, 0.0, 0.0, 0.0, 0.0, 0.0, 0.0, 0.0, 0.0, 0.0, 0.0, 0.0, 0.0, 0.0, 0.0, 0.0, 0.0, 0.0, 0.0, 0.0, 0.0, 0.0, 0.0, 0.0, 0.0, 0.0, 0.0, 0.0, 0.0, 0.0, 0.0, 0.0, 0.0, 0.0, 0.0, 0.0, 0.0, 0.0, 0.0, 0.0, 0.0, 0.0, 0.0, 0.0, 0.0, 0.0, 0.0, 0.0, 0.0, 0.0, 0.0, 0.0, 0.0, 0.0, 0.0, 0.0, 0.0, 0.0, 0.0, 0.0, 0.0, 0.0, 0.0, 0.0, 0.0],[0, 0, 0, 0, 0, 0, 0, 0, 0, 0, 0, 0, 0, 0, 0, 0, 0, 0, 0, 0, 0, 0, 0, 0, 0, 0, 0, 0, 0, 0, 0, 0, 0, 0, 0, 0, 0, 0, 0, 0, 0, 0, 0, 0, 0, 0, 0, 0, 0, 0, 0, 0, 0, 0, 0, 0, 0, 0, 0, 0, 0, 0, 0, 0]
[0.0, 0.0, 0.0, 0.0, 0.0, 0.0, 0.0, 0.0, 0.0, 1.0, 1.0, 1.0, 1.0, 1.0, 1.0, 1.0, 0.0, 0.0, 0.0, 0.0, 0.0, 0.0, 0.0, 0.0, 1.0, 1.0, 1.0, 1.0, 0.0, 0.0, 0.0, 1.0, 1.0, 1.0, 1.0, 1.0, 1.0, 1.0, 1.0, 1.0, 1.0, 1.0, 1.0, 1.0, 1.0, 1.0, 1.0, 1.0, 1.0, 1.0, 1.0, 0.0, 0.0, 0.0, 0.0, 0.0, 0.0, 0.0, 0.0, 0.0, 1.0, 1.0, 1.0, 1.0, 1.0, 1.0, 1.0, 1.0, 1.0, 1.0, 0.0, 0.0, 0.0, 0.0, 0.0, 0.0, 0.0, 0.0, 0.0, 0.0, 0.0, 1.0, 0.0, 0.0, 0.0, 0.0, 0.0, 0.0, 0.0, 0.0, 0.0, 0.0, 0.0, 0.0, 0.0, 0.0, 0.0, 0.0, 0.0, 0.0, 0.0, 0.0, 0.0, 0.0, 0.0, 0.0, 0.0, 0.0, 0.0, 0.0, 0.0, 0.0, 0.0, 0.0, 0.0, 0.0, 0.0, 0.0, 0.0, 0.0, 0.0, 0.0, 1.0, 1.0, 0.0, 0.0, 0.0, 0.0, 0.0, 1.0, 1.0, 1.0, 0.0, 0.0, 0.0, 0.0, 0.0, 0.0, 0.0, 0.0, 0.0, 0.0, 0.0, 0.0, 0.0, 1.0, 0.0, 1.0, 0.0, 0.0, 0.24666666666666667, 0.2571428571426, 0.07009699804938432, 0.06666666666666667, 0.9885714285714143, 0.24595963149681113, 0.16666666666666666, 0.36, 0.00868201893207843, 0.3, 0.8599999999997572, 0.013178405114411625, 0.18, 0.38142857142853714, 0.03068544654787405, 0.31333333333333335, 0.3657142857127886, 0.004841042031844634, 0.19333333333333333, 0.8899999999996, 0.046489731257655875, 0.2733333333333333, 0.7942857142853571, 0.16085936063077083, 0.17333333333333334, 0.6357142857139657, 0.011228654554782082, 0.24666666666666667, 0.8671428571428357, 0.05056898528485491, 0.23333333333333334, 0.1571428571426, 0.0011782234176249621, 0.2733333333333333, 0.6871428571427886, 0.06914648513962361, 0.31333333333333335, 0.80571428571348, 0.008997342461869073, 0.26, 0.7199999999997257, 0.009364639283831076, 0.24666666666666667, 0.9085714285711014, 0.029013954704440438, 0.32, 0.8542857142848, 0.04932790975647819, 0.24666666666666667, 0.5899999999998857, 0.0162896289467644, 0.26666666666666666, 0.5228571428571429, 0.022909483243557033, 0.2866666666666667, 0.95999999999962, 0.011717469252673777, 0.26666666666666666, 0.8799999999994286, 0.006248231983901149, 0.32666666666666666, 0.1799999999994, 0.0022493356154620193, 0.22, 0.6014285714285357, 0.1339149910866318, 0.32666666666666666, 0.19428571428525, 0.0032371390868055376, 0.31333333333333335, 0.6442857142856429, 0.010133253149417069, 0.21333333333333335, 0.49142857142857144, 0.03377213929035598, 0.28, 0.80571428571384, 0.011746530436334314, 0.29333333333333333, 0.4742857142835429, 0.0014667384877461351, 0.2866666666666667, 0.39999999999934, 0.004882278855274617, 0.2866666666666667, 0.9399999999995485, 0.004461860398297855, 0.15333333333333332, 0.8057142857132743, 0.007150062004720215, 0.2733333333333333, 0.47428571428561145, 0.042499642035366055, 0.3333333333333333, 0.28, 0.001285870193510074, 0.22666666666666666, 0.22999999999999715, 0.0165686355466282, 0.26666666666666666, 0.6185714285691428, 0.0016710137868781653, 0.0, 0.0, 0.0, 0.0, 0.0, 0.0, 0.0, 0.0, 0.0, 0.0, 0.0, 0.0, 0.0, 0.0, 0.0, 0.0, 0.0, 0.0, 0.0, 0.0, 0.0, 0.0, 0.0, 0.0, 0.0, 0.0, 0.0, 0.0, 0.0, 0.0, 0.0, 0.0, 0.0, 0.0, 0.0, 0.0, 0.0, 0.0, 0.0, 0.0, 0.0, 0.0, 0.0, 0.0, 0.0, 0.0, 0.0, 0.0, 0.0, 0.0, 0.0, 0.0, 0.0, 0.0, 0.0, 0.0, 0.0, 0.0, 0.0, 0.0, 0.0, 0.0, 0.0, 0.0, 0.0, 0.0, 0.0, 0.0, 0.0, 0.0, 0.0, 0.0, 0.0, 0.0, 0.0, 0.0, 0.0, 0.0, 0.0, 0.0, 0.0, 0.0, 0.0, 0.0, 0.0, 0.0, 0.0, 0.0, 0.0, 0.0],[1, 1, 0, 0, 0, 0, 0, 0, 0, 0, 0, 0, 0, 0, 0, 0, 0, 0, 0, 0, 0, 0, 0, 0, 0, 0, 0, 0, 0, 0, 0, 0, 0, 0, 0, 0, 0, 0, 0, 0, 0, 0, 0, 0, 0, 0, 0, 0, 0, 0, 0, 0, 0, 0, 0, 0, 0, 0, 0, 0, 0, 0, 0, 0]
[0.0, 0.0, 0.0, 0.0, 0.0, 0.0, 0.0, 0.0, 0.0, 0.0, 0.0, 0.0, 0.0, 0.0, 0.0, 0.0, 0.0, 0.0, 0.0, 0.0, 0.0, 0.0, 0.0, 0.0, 0.0, 0.0, 0.0, 0.0, 0.0, 0.0, 0.0, 0.0, 0.0, 0.0, 0.0, 0.0, 0.0, 0.0, 0.0, 0.0, 0.0, 0.0, 0.0, 0.0, 0.0, 0.0, 0.0, 0.0, 0.0, 0.0, 0.0, 0.0, 0.0, 0.0, 0.0, 0.0, 0.0, 0.0, 0.0, 0.0, 0.0, 0.0, 0.0, 0.0, 0.0, 0.0, 0.0, 0.0, 0.0, 0.0, 0.0, 0.0, 0.0, 0.0, 0.0, 0.0, 0.0, 0.0, 0.0, 0.0, 0.0, 0.0, 0.0, 0.0, 0.0, 0.0, 0.0, 0.0, 0.0, 0.0, 0.0, 0.0, 0.0, 0.0, 0.0, 0.0, 0.0, 0.0, 0.0, 0.0, 0.0, 0.0, 0.0, 0.0, 0.0, 0.0, 0.0, 0.0, 0.0, 0.0, 0.0, 0.0, 0.0, 0.0, 0.0, 0.0, 0.0, 0.0, 0.0, 0.0, 0.0, 0.0, 0.0, 0.0, 0.0, 0.0, 0.0, 0.0, 0.0, 0.0, 0.0, 0.0, 0.0, 0.0, 0.0, 0.0, 0.0, 0.0, 0.0, 0.0, 0.0, 0.0, 0.0, 0.0, 0.0, 1.0, 0.0, 1.0, 0.0, 0.0, 0.16666666666666666, 0.36, 0.00868201893207843, 0.3, 0.8599999999997572, 0.013178405114411625, 0.18, 0.38142857142853714, 0.03068544654787405, 0.31333333333333335, 0.3657142857127886, 0.004841042031844634, 0.19333333333333333, 0.8899999999996, 0.046489731257655875, 0.2733333333333333, 0.7942857142853571, 0.16085936063077083, 0.17333333333333334, 0.6357142857139657, 0.011228654554782082, 0.24666666666666667, 0.8671428571428357, 0.05056898528485491, 0.23333333333333334, 0.1571428571426, 0.0011782234176249621, 0.2733333333333333, 0.6871428571427886, 0.06914648513962361, 0.31333333333333335, 0.80571428571348, 0.008997342461869073, 0.26, 0.7199999999997257, 0.009364639283831076, 0.24666666666666667, 0.9085714285711014, 0.029013954704440438, 0.32, 0.8542857142848, 0.04932790975647819, 0.24666666666666667, 0.5899999999998857, 0.0162896289467644, 0.26666666666666666, 0.5228571428571429, 0.022909483243557033, 0.2866666666666667, 0.95999999999962, 0.011717469252673777, 0.26666666666666666, 0.8799999999994286, 0.006248231983901149, 0.32666666666666666, 0.1799999999994, 0.0022493356154620193, 0.22, 0.6014285714285357, 0.1339149910866318, 0.32666666666666666, 0.19428571428525, 0.0032371390868055376, 0.31333333333333335, 0.6442857142856429, 0.010133253149417069, 0.21333333333333335, 0.49142857142857144, 0.03377213929035598, 0.28, 0.80571428571384, 0.011746530436334314, 0.29333333333333333, 0.4742857142835429, 0.0014667384877461351, 0.2866666666666667, 0.39999999999934, 0.004882278855274617, 0.2866666666666667, 0.9399999999995485, 0.004461860398297855, 0.15333333333333332, 0.8057142857132743, 0.007150062004720215, 0.2733333333333333, 0.47428571428561145, 0.042499642035366055, 0.3333333333333333, 0.28, 0.001285870193510074, 0.22666666666666666, 0.22999999999999715, 0.0165686355466282, 0.26666666666666666, 0.6185714285691428, 0.0016710137868781653, 0.0, 0.0, 0.0, 0.0, 0.0, 0.0, 0.0, 0.0, 0.0, 0.0, 0.0, 0.0, 0.0, 0.0, 0.0, 0.0, 0.0, 0.0, 0.0, 0.0, 0.0, 0.0, 0.0, 0.0, 0.0, 0.0, 0.0, 0.0, 0.0, 0.0, 0.0, 0.0, 0.0, 0.0, 0.0, 0.0, 0.0, 0.0, 0.0, 0.0, 0.0, 0.0, 0.0, 0.0, 0.0, 0.0, 0.0, 0.0, 0.0, 0.0, 0.0, 0.0, 0.0, 0.0, 0.0, 0.0, 0.0, 0.0, 0.0, 0.0, 0.0, 0.0, 0.0, 0.0, 0.0, 0.0, 0.0, 0.0, 0.0, 0.0, 0.0, 0.0, 0.0, 0.0, 0.0, 0.0, 0.0, 0.0, 0.0, 0.0, 0.0, 0.0, 0.0, 0.0, 0.0, 0.0, 0.0, 0.0, 0.0, 0.0, 0.0, 0.0, 0.0, 0.0, 0.0, 0.0],[0, 0, 0, 0, 0, 0, 0, 0, 0, 0, 0, 0, 0, 0, 0, 0, 0, 0, 0, 0, 0, 0, 0, 0, 0, 0, 0, 0, 0, 0, 0, 0, 0, 0, 0, 0, 0, 0, 0, 0, 0, 0, 0, 0, 0, 0, 0, 0, 0, 0, 0, 0, 0, 0, 0, 0, 0, 0, 0, 0, 0, 0, 0, 0]
[0.0, 0.0, 0.0, 0.0, 0.0, 0.0, 0.0, 0.0, 0.0, 0.0, 0.0, 0.0, 0.0, 0.0, 0.0, 0.0, 0.0, 0.0, 0.0, 0.0, 0.0, 0.0, 0.0, 0.0, 0.0, 0.0, 0.0, 0.0, 0.0, 0.0, 1.0, 0.0, 0.0, 0.0, 0.0, 0.0, 0.0, 0.0, 0.0, 0.0, 0.0, 0.0, 0.0, 0.0, 0.0, 0.0, 0.0, 0.0, 0.0, 0.0, 0.0, 0.0, 0.0, 0.0, 0.0, 0.0, 0.0, 0.0, 0.0, 0.0, 0.0, 0.0, 0.0, 0.0, 0.0, 0.0, 0.0, 0.0, 0.0, 0.0, 1.0, 1.0, 1.0, 1.0, 1.0, 1.0, 1.0, 1.0, 1.0, 1.0, 1.0, 0.0, 0.0, 0.0, 0.0, 0.0, 0.0, 0.0, 0.0, 0.0, 1.0, 1.0, 1.0, 1.0, 1.0, 1.0, 1.0, 1.0, 1.0, 1.0, 1.0, 1.0, 1.0, 1.0, 1.0, 1.0, 1.0, 1.0, 1.0, 0.0, 0.0, 0.0, 0.0, 0.0, 0.0, 0.0, 0.0, 0.0, 0.0, 0.0, 0.0, 0.0, 0.0, 0.0, 0.0, 0.0, 0.0, 0.0, 0.0, 0.0, 0.0, 0.0, 0.0, 0.0, 0.0, 0.0, 0.0, 0.0, 0.0, 0.0, 0.0, 0.0, 0.0, 0.0, 0.0, 1.0, 0.0, 1.0, 0.0, 0.0, 0.16666666666666666, 0.36, 0.00868201893207843, 0.3, 0.8599999999997572, 0.013178405114411625, 0.18, 0.38142857142853714, 0.03068544654787405, 0.31333333333333335, 0.3657142857127886, 0.004841042031844634, 0.19333333333333333, 0.8899999999996, 0.046489731257655875, 0.2733333333333333, 0.7942857142853571, 0.16085936063077083, 0.17333333333333334, 0.6357142857139657, 0.011228654554782082, 0.24666666666666667, 0.8671428571428357, 0.05056898528485491, 0.23333333333333334, 0.1571428571426, 0.0011782234176249621, 0.2733333333333333, 0.6871428571427886, 0.06914648513962361, 0.31333333333333335, 0.80571428571348, 0.008997342461869073, 0.26, 0.7199999999997257, 0.009364639283831076, 0.24666666666666667, 0.9085714285711014, 0.029013954704440438, 0.32, 0.8542857142848, 0.04932790975647819, 0.24666666666666667, 0.5899999999998857, 0.0162896289467644, 0.26666666666666666, 0.5228571428571429, 0.022909483243557033, 0.2866666666666667, 0.95999999999962, 0.011717469252673777, 0.26666666666666666, 0.8799999999994286, 0.006248231983901149, 0.31333333333333335, 0.47714285714262855, 0.0048264204020447, 0.32666666666666666, 0.1799999999994, 0.0022493356154620193, 0.22, 0.6014285714285357, 0.1339149910866318, 0.32666666666666666, 0.19428571428525, 0.0032371390868055376, 0.31333333333333335, 0.6442857142856429, 0.010133253149417069, 0.21333333333333335, 0.49142857142857144, 0.03377213929035598, 0.28, 0.80571428571384, 0.011746530436334314, 0.29333333333333333, 0.4742857142835429, 0.0014667384877461351, 0.2866666666666667, 0.39999999999934, 0.004882278855274617, 0.2866666666666667, 0.9399999999995485, 0.004461860398297855, 0.15333333333333332, 0.8057142857132743, 0.007150062004720215, 0.2733333333333333, 0.47428571428561145, 0.042499642035366055, 0.3333333333333333, 0.28, 0.001285870193510074, 0.22666666666666666, 0.22999999999999715, 0.0165686355466282, 0.26666666666666666, 0.6185714285691428, 0.0016710137868781653, 0.0, 0.0, 0.0, 0.0, 0.0, 0.0, 0.0, 0.0, 0.0, 0.0, 0.0, 0.0, 0.0, 0.0, 0.0, 0.0, 0.0, 0.0, 0.0, 0.0, 0.0, 0.0, 0.0, 0.0, 0.0, 0.0, 0.0, 0.0, 0.0, 0.0, 0.0, 0.0, 0.0, 0.0, 0.0, 0.0, 0.0, 0.0, 0.0, 0.0, 0.0, 0.0, 0.0, 0.0, 0.0, 0.0, 0.0, 0.0, 0.0, 0.0, 0.0, 0.0, 0.0, 0.0, 0.0, 0.0, 0.0, 0.0, 0.0, 0.0, 0.0, 0.0, 0.0, 0.0, 0.0, 0.0, 0.0, 0.0, 0.0, 0.0, 0.0, 0.0, 0.0, 0.0, 0.0, 0.0, 0.0, 0.0, 0.0, 0.0, 0.0, 0.0, 0.0, 0.0, 0.0, 0.0, 0.0, 0.0, 0.0, 0.0, 0.0, 0.0, 0.0],[1, 0, 0, 0, 0, 0, 0, 0, 0, 0, 0, 0, 0, 0, 0, 0, 0, 0, 0, 0, 0, 0, 0, 0, 0, 0, 0, 0, 0, 0, 0, 0, 0, 0, 0, 0, 0, 0, 0, 0, 0, 0, 0, 0, 0, 0, 0, 0, 0, 0, 0, 0, 0, 0, 0, 0, 0, 0, 0, 0, 0, 0, 0, 0]
[0.0, 0.0, 0.0, 0.0, 0.0, 0.0, 0.0, 0.0, 0.0, 0.0, 0.0, 0.0, 0.0, 0.0, 0.0, 0.0, 0.0, 0.0, 0.0, 0.0, 0.0, 0.0, 0.0, 0.0, 0.0, 0.0, 0.0, 0.0, 0.0, 0.0, 0.0, 0.0, 0.0, 0.0, 0.0, 0.0, 0.0, 0.0, 0.0, 0.0, 0.0, 0.0, 0.0, 0.0, 0.0, 0.0, 0.0, 0.0, 0.0, 0.0, 0.0, 0.0, 0.0, 0.0, 0.0, 0.0, 0.0, 0.0, 0.0, 0.0, 0.0, 0.0, 0.0, 0.0, 0.0, 0.0, 0.0, 0.0, 0.0, 0.0, 0.0, 0.0, 0.0, 0.0, 0.0, 0.0, 0.0, 0.0, 0.0, 0.0, 0.0, 0.0, 0.0, 0.0, 0.0, 0.0, 0.0, 0.0, 0.0, 0.0, 0.0, 0.0, 0.0, 0.0, 0.0, 0.0, 0.0, 0.0, 0.0, 0.0, 0.0, 0.0, 0.0, 1.0, 1.0, 1.0, 1.0, 1.0, 1.0, 0.0, 0.0, 0.0, 0.0, 0.0, 0.0, 0.0, 0.0, 0.0, 0.0, 0.0, 0.0, 0.0, 0.0, 0.0, 0.0, 0.0, 0.0, 0.0, 0.0, 0.0, 0.0, 0.0, 0.0, 0.0, 0.0, 0.0, 0.0, 0.0, 0.0, 0.0, 0.0, 0.0, 0.0, 0.0, 0.0, 1.0, 0.0, 1.0, 0.0, 0.0, 0.3, 0.8599999999997572, 0.013178405114411625, 0.18, 0.38142857142853714, 0.03068544654787405, 0.31333333333333335, 0.3657142857127886, 0.004841042031844634, 0.19333333333333333, 0.8899999999996, 0.046489731257655875, 0.2733333333333333, 0.7942857142853571, 0.16085936063077083, 0.17333333333333334, 0.6357142857139657, 0.011228654554782082, 0.24666666666666667, 0.8671428571428357, 0.05056898528485491, 0.23333333333333334, 0.1571428571426, 0.0011782234176249621, 0.2733333333333333, 0.6871428571427886, 0.06914648513962361, 0.31333333333333335, 0.80571428571348, 0.008997342461869073, 0.26, 0.7199999999997257, 0.009364639283831076, 0.24666666666666667, 0.9085714285711014, 0.029013954704440438, 0.32, 0.8542857142848, 0.04932790975647819, 0.24666666666666667, 0.5899999999998857, 0.0162896289467644, 0.26666666666666666, 0.5228571428571429, 0.022909483243557033, 0.2866666666666667, 0.95999999999962, 0.011717469252673777, 0.26666666666666666, 0.8799999999994286, 0.006248231983901149, 0.31333333333333335, 0.47714285714262855, 0.0048264204020447, 0.32666666666666666, 0.1799999999994, 0.0022493356154620193, 0.22, 0.6014285714285357, 0.1339149910866318, 0.32666666666666666, 0.19428571428525, 0.0032371390868055376, 0.31333333333333335, 0.6442857142856429, 0.010133253149417069, 0.21333333333333335, 0.49142857142857144, 0.03377213929035598, 0.28, 0.80571428571384, 0.011746530436334314, 0.29333333333333333, 0.4742857142835429, 0.0014667384877461351, 0.2866666666666667, 0.39999999999934, 0.004882278855274617, 0.2866666666666667, 0.9399999999995485, 0.004461860398297855, 0.15333333333333332, 0.8057142857132743, 0.007150062004720215, 0.2733333333333333, 0.47428571428561145, 0.042499642035366055, 0.3333333333333333, 0.28, 0.001285870193510074, 0.22666666666666666, 0.22999999999999715, 0.0165686355466282, 0.26666666666666666, 0.6185714285691428, 0.0016710137868781653, 0.0, 0.0, 0.0, 0.0, 0.0, 0.0, 0.0, 0.0, 0.0, 0.0, 0.0, 0.0, 0.0, 0.0, 0.0, 0.0, 0.0, 0.0, 0.0, 0.0, 0.0, 0.0, 0.0, 0.0, 0.0, 0.0, 0.0, 0.0, 0.0, 0.0, 0.0, 0.0, 0.0, 0.0, 0.0, 0.0, 0.0, 0.0, 0.0, 0.0, 0.0, 0.0, 0.0, 0.0, 0.0, 0.0, 0.0, 0.0, 0.0, 0.0, 0.0, 0.0, 0.0, 0.0, 0.0, 0.0, 0.0, 0.0, 0.0, 0.0, 0.0, 0.0, 0.0, 0.0, 0.0, 0.0, 0.0, 0.0, 0.0, 0.0, 0.0, 0.0, 0.0, 0.0, 0.0, 0.0, 0.0, 0.0, 0.0, 0.0, 0.0, 0.0, 0.0, 0.0, 0.0, 0.0, 0.0, 0.0, 0.0, 0.0, 0.0, 0.0, 0.0, 0.0, 0.0, 0.0],[0, 0, 0, 0, 0, 0, 0, 0, 0, 0, 0, 0, 0, 0, 0, 0, 0, 0, 0, 0, 0, 0, 0, 0, 0, 0, 0, 0, 0, 0, 0, 0, 0, 0, 0, 0, 0, 0, 0, 0, 0, 0, 0, 0, 0, 0, 0, 0, 0, 0, 0, 0, 0, 0, 0, 0, 0, 0, 0, 0, 0, 0, 0, 0]
[0.0, 0.0, 0.0, 0.0, 0.0, 0.0, 0.0, 0.0, 0.0, 0.0, 0.0, 0.0, 0.0, 0.0, 0.0, 0.0, 0.0, 0.0, 0.0, 0.0, 0.0, 0.0, 0.0, 0.0, 0.0, 0.0, 0.0, 0.0, 0.0, 0.0, 0.0, 0.0, 0.0, 0.0, 0.0, 0.0, 0.0, 0.0, 0.0, 0.0, 0.0, 0.0, 0.0, 0.0, 0.0, 0.0, 0.0, 0.0, 0.0, 0.0, 0.0, 0.0, 0.0, 0.0, 0.0, 0.0, 0.0, 0.0, 0.0, 0.0, 0.0, 0.0, 0.0, 0.0, 0.0, 0.0, 0.0, 0.0, 0.0, 0.0, 0.0, 0.0, 0.0, 0.0, 0.0, 0.0, 0.0, 0.0, 0.0, 0.0, 0.0, 0.0, 0.0, 0.0, 0.0, 0.0, 0.0, 0.0, 0.0, 0.0, 0.0, 0.0, 0.0, 0.0, 0.0, 0.0, 0.0, 0.0, 0.0, 0.0, 0.0, 0.0, 0.0, 1.0, 1.0, 1.0, 1.0, 1.0, 1.0, 0.0, 0.0, 0.0, 0.0, 0.0, 0.0, 0.0, 0.0, 0.0, 0.0, 0.0, 0.0, 0.0, 0.0, 0.0, 0.0, 0.0, 0.0, 0.0, 0.0, 0.0, 0.0, 0.0, 0.0, 0.0, 0.0, 0.0, 1.0, 1.0, 1.0, 1.0, 1.0, 1.0, 1.0, 1.0, 1.0, 1.0, 0.0, 1.0, 0.0, 0.0, 0.3, 0.8599999999997572, 0.013178405114411625, 0.18, 0.38142857142853714, 0.03068544654787405, 0.31333333333333335, 0.3657142857127886, 0.004841042031844634, 0.19333333333333333, 0.8899999999996, 0.046489731257655875, 0.2733333333333333, 0.7942857142853571, 0.16085936063077083, 0.17333333333333334, 0.6357142857139657, 0.011228654554782082, 0.24666666666666667, 0.8671428571428357, 0.05056898528485491, 0.23333333333333334, 0.1571428571426, 0.0011782234176249621, 0.2733333333333333, 0.6871428571427886, 0.06914648513962361, 0.31333333333333335, 0.80571428571348, 0.008997342461869073, 0.26, 0.7199999999997257, 0.009364639283831076, 0.24666666666666667, 0.9085714285711014, 0.029013954704440438, 0.32, 0.8542857142848, 0.04932790975647819, 0.24666666666666667, 0.5899999999998857, 0.0162896289467644, 0.26666666666666666, 0.5228571428571429, 0.022909483243557033, 0.2866666666666667, 0.95999999999962, 0.011717469252673777, 0.26666666666666666, 0.8799999999994286, 0.006248231983901149, 0.31333333333333335, 0.47714285714262855, 0.0048264204020447, 0.32666666666666666, 0.1799999999994, 0.0022493356154620193, 0.22, 0.6014285714285357, 0.1339149910866318, 0.32666666666666666, 0.19428571428525, 0.0032371390868055376, 0.31333333333333335, 0.6442857142856429, 0.010133253149417069, 0.21333333333333335, 0.49142857142857144, 0.03377213929035598, 0.28, 0.80571428571384, 0.011746530436334314, 0.29333333333333333, 0.4742857142835429, 0.0014667384877461351, 0.2866666666666667, 0.39999999999934, 0.004882278855274617, 0.2866666666666667, 0.9399999999995485, 0.004461860398297855, 0.15333333333333332, 0.8057142857132743, 0.007150062004720215, 0.2733333333333333, 0.47428571428561145, 0.042499642035366055, 0.3333333333333333, 0.28, 0.001285870193510074, 0.22666666666666666, 0.22999999999999715, 0.0165686355466282, 0.26666666666666666, 0.6185714285691428, 0.0016710137868781653, 0.0, 0.0, 0.0, 0.0, 0.0, 0.0, 0.0, 0.0, 0.0, 0.0, 0.0, 0.0, 0.0, 0.0, 0.0, 0.0, 0.0, 0.0, 0.0, 0.0, 0.0, 0.0, 0.0, 0.0, 0.0, 0.0, 0.0, 0.0, 0.0, 0.0, 0.0, 0.0, 0.0, 0.0, 0.0, 0.0, 0.0, 0.0, 0.0, 0.0, 0.0, 0.0, 0.0, 0.0, 0.0, 0.0, 0.0, 0.0, 0.0, 0.0, 0.0, 0.0, 0.0, 0.0, 0.0, 0.0, 0.0, 0.0, 0.0, 0.0, 0.0, 0.0, 0.0, 0.0, 0.0, 0.0, 0.0, 0.0, 0.0, 0.0, 0.0, 0.0, 0.0, 0.0, 0.0, 0.0, 0.0, 0.0, 0.0, 0.0, 0.0, 0.0, 0.0, 0.0, 0.0, 0.0, 0.0, 0.0, 0.0, 0.0, 0.0, 0.0, 0.0, 0.0, 0.0, 0.0],[0, 0, 0, 0, 0, 0, 0, 0, 0, 0, 0, 0, 0, 0, 0, 0, 0, 0, 0, 0, 0, 0, 0, 0, 0, 0, 0, 0, 0, 0, 0, 0, 0, 0, 0, 0, 0, 0, 0, 0, 0, 0, 0, 0, 0, 0, 0, 0, 0, 0, 0, 0, 0, 0, 0, 0, 0, 0, 0, 0, 0, 0, 0, 0]
[0.0, 0.0, 0.0, 0.0, 0.0, 0.0, 0.0, 0.0, 0.0, 1.0, 1.0, 1.0, 1.0, 1.0, 1.0, 1.0, 0.0, 0.0, 0.0, 0.0, 0.0, 0.0, 0.0, 0.0, 1.0, 1.0, 1.0, 1.0, 0.0, 0.0, 0.0, 1.0, 1.0, 1.0, 1.0, 1.0, 1.0, 1.0, 1.0, 1.0, 1.0, 1.0, 1.0, 1.0, 1.0, 1.0, 1.0, 1.0, 1.0, 1.0, 1.0, 0.0, 0.0, 0.0, 0.0, 0.0, 0.0, 0.0, 0.0, 0.0, 1.0, 1.0, 1.0, 1.0, 1.0, 1.0, 0.0, 0.0, 0.0, 0.0, 0.0, 0.0, 0.0, 0.0, 0.0, 0.0, 0.0, 0.0, 0.0, 0.0, 0.0, 0.0, 0.0, 0.0, 0.0, 0.0, 0.0, 0.0, 0.0, 0.0, 0.0, 0.0, 0.0, 0.0, 0.0, 0.0, 0.0, 0.0, 0.0, 0.0, 0.0, 0.0, 0.0, 1.0, 1.0, 1.0, 1.0, 1.0, 1.0, 0.0, 0.0, 0.0, 0.0, 0.0, 0.0, 0.0, 0.0, 0.0, 0.0, 0.0, 0.0, 0.0, 0.0, 0.0, 0.0, 0.0, 0.0, 0.0, 0.0, 0.0, 0.0, 0.0, 0.0, 0.0, 0.0, 0.0, 1.0, 1.0, 1.0, 1.0, 1.0, 1.0, 1.0, 1.0, 1.0, 1.0, 0.0, 1.0, 0.0, 0.0, 0.3, 0.8599999999997572, 0.013178405114411625, 0.18, 0.38142857142853714, 0.03068544654787405, 0.31333333333333335, 0.3657142857127886, 0.004841042031844634, 0.19333333333333333, 0.8899999999996, 0.046489731257655875, 0.2733333333333333, 0.7942857142853571, 0.16085936063077083, 0.17333333333333334, 0.6357142857139657, 0.011228654554782082, 0.24666666666666667, 0.8671428571428357, 0.05056898528485491, 0.23333333333333334, 0.1571428571426, 0.0011782234176249621, 0.2733333333333333, 0.6871428571427886, 0.06914648513962361, 0.31333333333333335, 0.80571428571348, 0.008997342461869073, 0.26, 0.7199999999997257, 0.009364639283831076, 0.24666666666666667, 0.9085714285711014, 0.029013954704440438, 0.32, 0.8542857142848, 0.04932790975647819, 0.24666666666666667, 0.5899999999998857, 0.0162896289467644, 0.26666666666666666, 0.5228571428571429, 0.022909483243557033, 0.2866666666666667, 0.95999999999962, 0.011717469252673777, 0.26666666666666666, 0.8799999999994286, 0.006248231983901149, 0.31333333333333335, 0.47714285714262855, 0.0048264204020447, 0.32666666666666666, 0.1799999999994, 0.0022493356154620193, 0.22, 0.6014285714285357, 0.1339149910866318, 0.32666666666666666, 0.19428571428525, 0.0032371390868055376, 0.31333333333333335, 0.6442857142856429, 0.010133253149417069, 0.21333333333333335, 0.49142857142857144, 0.03377213929035598, 0.28, 0.80571428571384, 0.011746530436334314, 0.29333333333333333, 0.4742857142835429, 0.0014667384877461351, 0.2866666666666667, 0.39999999999934, 0.004882278855274617, 0.2866666666666667, 0.9399999999995485, 0.004461860398297855, 0.15333333333333332, 0.8057142857132743, 0.007150062004720215, 0.2733333333333333, 0.47428571428561145, 0.042499642035366055, 0.3333333333333333, 0.28, 0.001285870193510074, 0.22666666666666666, 0.22999999999999715, 0.0165686355466282, 0.26666666666666666, 0.6185714285691428, 0.0016710137868781653, 0.0, 0.0, 0.0, 0.0, 0.0, 0.0, 0.0, 0.0, 0.0, 0.0, 0.0, 0.0, 0.0, 0.0, 0.0, 0.0, 0.0, 0.0, 0.0, 0.0, 0.0, 0.0, 0.0, 0.0, 0.0, 0.0, 0.0, 0.0, 0.0, 0.0, 0.0, 0.0, 0.0, 0.0, 0.0, 0.0, 0.0, 0.0, 0.0, 0.0, 0.0, 0.0, 0.0, 0.0, 0.0, 0.0, 0.0, 0.0, 0.0, 0.0, 0.0, 0.0, 0.0, 0.0, 0.0, 0.0, 0.0, 0.0, 0.0, 0.0, 0.0, 0.0, 0.0, 0.0, 0.0, 0.0, 0.0, 0.0, 0.0, 0.0, 0.0, 0.0, 0.0, 0.0, 0.0, 0.0, 0.0, 0.0, 0.0, 0.0, 0.0, 0.0, 0.0, 0.0, 0.0, 0.0, 0.0, 0.0, 0.0, 0.0, 0.0, 0.0, 0.0, 0.0, 0.0, 0.0],[1, 0, 0, 0, 0, 0, 0, 0, 0, 0, 0, 0, 0, 0, 0, 0, 0, 0, 0, 0, 0, 0, 0, 0, 0, 0, 0, 0, 0, 0, 0, 0, 0, 0, 0, 0, 0, 0, 0, 0, 0, 0, 0, 0, 0, 0, 0, 0, 0, 0, 0, 0, 0, 0, 0, 0, 0, 0, 0, 0, 0, 0, 0, 0]
[0.0, 0.0, 0.0, 0.0, 0.0, 0.0, 0.0, 0.0, 0.0, 0.0, 0.0, 0.0, 0.0, 0.0, 0.0, 0.0, 0.0, 0.0, 0.0, 0.0, 0.0, 0.0, 0.0, 0.0, 0.0, 0.0, 0.0, 0.0, 0.0, 0.0, 0.0, 0.0, 0.0, 0.0, 0.0, 0.0, 0.0, 0.0, 0.0, 0.0, 0.0, 0.0, 0.0, 0.0, 0.0, 0.0, 0.0, 0.0, 0.0, 0.0, 0.0, 0.0, 0.0, 0.0, 0.0, 0.0, 0.0, 0.0, 0.0, 0.0, 0.0, 0.0, 0.0, 0.0, 0.0, 0.0, 0.0, 0.0, 0.0, 0.0, 0.0, 0.0, 0.0, 0.0, 0.0, 0.0, 0.0, 0.0, 0.0, 0.0, 0.0, 0.0, 0.0, 0.0, 0.0, 0.0, 0.0, 0.0, 0.0, 0.0, 0.0, 0.0, 0.0, 0.0, 0.0, 0.0, 0.0, 0.0, 0.0, 0.0, 0.0, 0.0, 0.0, 0.0, 0.0, 0.0, 0.0, 0.0, 0.0, 0.0, 0.0, 0.0, 0.0, 0.0, 0.0, 0.0, 0.0, 0.0, 0.0, 0.0, 0.0, 0.0, 0.0, 0.0, 0.0, 0.0, 0.0, 0.0, 0.0, 0.0, 0.0, 0.0, 0.0, 0.0, 0.0, 0.0, 0.0, 0.0, 1.0, 1.0, 1.0, 1.0, 1.0, 1.0, 1.0, 1.0, 0.0, 1.0, 0.0, 0.0, 0.18, 0.38142857142853714, 0.03068544654787405, 0.31333333333333335, 0.3657142857127886, 0.004841042031844634, 0.19333333333333333, 0.8899999999996, 0.046489731257655875, 0.2733333333333333, 0.7942857142853571, 0.16085936063077083, 0.17333333333333334, 0.6357142857139657, 0.011228654554782082, 0.24666666666666667, 0.8671428571428357, 0.05056898528485491, 0.23333333333333334, 0.1571428571426, 0.0011782234176249621, 0.2733333333333333, 0.6871428571427886, 0.06914648513962361, 0.31333333333333335, 0.80571428571348, 0.008997342461869073, 0.26, 0.7199999999997257, 0.009364639283831076, 0.24666666666666667, 0.9085714285711014, 0.029013954704440438, 0.32, 0.8542857142848, 0.04932790975647819, 0.24666666666666667, 0.5899999999998857, 0.0162896289467644, 0.26666666666666666, 0.5228571428571429, 0.022909483243557033, 0.2866666666666667, 0.95999999999962, 0.011717469252673777, 0.26666666666666666, 0.8799999999994286, 0.006248231983901149, 0.31333333333333335, 0.47714285714262855, 0.0048264204020447, 0.32666666666666666, 0.1799999999994, 0.0022493356154620193, 0.22, 0.6014285714285357, 0.1339149910866318, 0.32666666666666666, 0.19428571428525, 0.0032371390868055376, 0.31333333333333335, 0.6442857142856429, 0.010133253149417069, 0.21333333333333335, 0.49142857142857144, 0.03377213929035598, 0.28, 0.80571428571384, 0.011746530436334314, 0.29333333333333333, 0.4742857142835429, 0.0014667384877461351, 0.2866666666666667, 0.39999999999934, 0.004882278855274617, 0.2866666666666667, 0.9399999999995485, 0.004461860398297855, 0.15333333333333332, 0.8057142857132743, 0.007150062004720215, 0.2733333333333333, 0.47428571428561145, 0.042499642035366055, 0.3333333333333333, 0.28, 0.001285870193510074, 0.22666666666666666, 0.22999999999999715, 0.0165686355466282, 0.26666666666666666, 0.6185714285691428, 0.0016710137868781653, 0.0, 0.0, 0.0, 0.0, 0.0, 0.0, 0.0, 0.0, 0.0, 0.0, 0.0, 0.0, 0.0, 0.0, 0.0, 0.0, 0.0, 0.0, 0.0, 0.0, 0.0, 0.0, 0.0, 0.0, 0.0, 0.0, 0.0, 0.0, 0.0, 0.0, 0.0, 0.0, 0.0, 0.0, 0.0, 0.0, 0.0, 0.0, 0.0, 0.0, 0.0, 0.0, 0.0, 0.0, 0.0, 0.0, 0.0, 0.0, 0.0, 0.0, 0.0, 0.0, 0.0, 0.0, 0.0, 0.0, 0.0, 0.0, 0.0, 0.0, 0.0, 0.0, 0.0, 0.0, 0.0, 0.0, 0.0, 0.0, 0.0, 0.0, 0.0, 0.0, 0.0, 0.0, 0.0, 0.0, 0.0, 0.0, 0.0, 0.0, 0.0, 0.0, 0.0, 0.0, 0.0, 0.0, 0.0, 0.0, 0.0, 0.0, 0.0, 0.0, 0.0, 0.0, 0.0, 0.0, 0.0, 0.0, 0.0],[0, 0, 0, 0, 0, 0, 0, 0, 0, 0, 0, 0, 0, 0, 0, 0, 0, 0, 0, 0, 0, 0, 0, 0, 0, 0, 0, 0, 0, 0, 0, 0, 0, 0, 0, 0, 0, 0, 0, 0, 0, 0, 0, 0, 0, 0, 0, 0, 0, 0, 0, 0, 0, 0, 0, 0, 0, 0, 0, 0, 0, 0, 0, 0]
[0.0, 0.0, 0.0, 0.0, 0.0, 0.0, 0.0, 0.0, 0.0, 0.0, 0.0, 0.0, 0.0, 0.0, 0.0, 0.0, 0.0, 0.0, 0.0, 0.0, 0.0, 0.0, 0.0, 0.0, 0.0, 0.0, 0.0, 0.0, 0.0, 0.0, 1.0, 0.0, 0.0, 0.0, 0.0, 0.0, 0.0, 0.0, 0.0, 0.0, 0.0, 0.0, 0.0, 0.0, 0.0, 0.0, 0.0, 0.0, 0.0, 0.0, 0.0, 0.0, 0.0, 0.0, 0.0, 0.0, 0.0, 0.0, 0.0, 0.0, 0.0, 0.0, 0.0, 0.0, 0.0, 0.0, 0.0, 0.0, 0.0, 0.0, 1.0, 1.0, 1.0, 1.0, 1.0, 1.0, 1.0, 1.0, 1.0, 1.0, 1.0, 0.0, 0.0, 0.0, 0.0, 0.0, 0.0, 0.0, 0.0, 0.0, 1.0, 1.0, 1.0, 1.0, 1.0, 1.0, 1.0, 1.0, 1.0, 1.0, 1.0, 1.0, 1.0, 0.0, 0.0, 0.0, 0.0, 0.0, 0.0, 0.0, 0.0, 0.0, 0.0, 0.0, 0.0, 0.0, 0.0, 0.0, 0.0, 0.0, 0.0, 0.0, 0.0, 0.0, 0.0, 0.0, 0.0, 0.0, 0.0, 0.0, 0.0, 0.0, 0.0, 0.0, 0.0, 0.0, 0.0, 0.0, 1.0, 1.0, 1.0, 1.0, 1.0, 1.0, 1.0, 1.0, 0.0, 1.0, 0.0, 0.0, 0.18, 0.38142857142853714, 0.03068544654787405, 0.31333333333333335, 0.3657142857127886, 0.004841042031844634, 0.19333333333333333, 0.8899999999996, 0.046489731257655875, 0.2733333333333333, 0.7942857142853571, 0.16085936063077083, 0.17333333333333334, 0.6357142857139657, 0.011228654554782082, 0.24666666666666667, 0.8671428571428357, 0.05056898528485491, 0.23333333333333334, 0.1571428571426, 0.0011782234176249621, 0.2733333333333333, 0.6871428571427886, 0.06914648513962361, 0.31333333333333335, 0.80571428571348, 0.008997342461869073, 0.26, 0.7199999999997257, 0.009364639283831076, 0.24666666666666667, 0.9085714285711014, 0.029013954704440438, 0.32, 0.8542857142848, 0.04932790975647819, 0.24666666666666667, 0.5899999999998857, 0.0162896289467644, 0.26666666666666666, 0.5228571428571429, 0.022909483243557033, 0.2866666666666667, 0.95999999999962, 0.011717469252673777, 0.26666666666666666, 0.8799999999994286, 0.006248231983901149, 0.31333333333333335, 0.47714285714262855, 0.0048264204020447, 0.32666666666666666, 0.1799999999994, 0.0022493356154620193, 0.22, 0.6014285714285357, 0.1339149910866318, 0.32666666666666666, 0.19428571428525, 0.0032371390868055376, 0.31333333333333335, 0.6442857142856429, 0.010133253149417069, 0.10666666666666667, 0.41571428571408, 0.010490651384364433, 0.21333333333333335, 0.49142857142857144, 0.03377213929035598, 0.28, 0.80571428571384, 0.011746530436334314, 0.29333333333333333, 0.4742857142835429, 0.0014667384877461351, 0.2866666666666667, 0.39999999999934, 0.004882278855274617, 0.2866666666666667, 0.9399999999995485, 0.004461860398297855, 0.15333333333333332, 0.8057142857132743, 0.007150062004720215, 0.2733333333333333, 0.47428571428561145, 0.042499642035366055, 0.3333333333333333, 0.28, 0.001285870193510074, 0.22666666666666666, 0.22999999999999715, 0.0165686355466282, 0.26666666666666666, 0.6185714285691428, 0.0016710137868781653, 0.0, 0.0, 0.0, 0.0, 0.0, 0.0, 0.0, 0.0, 0.0, 0.0, 0.0, 0.0, 0.0, 0.0, 0.0, 0.0, 0.0, 0.0, 0.0, 0.0, 0.0, 0.0, 0.0, 0.0, 0.0, 0.0, 0.0, 0.0, 0.0, 0.0, 0.0, 0.0, 0.0, 0.0, 0.0, 0.0, 0.0, 0.0, 0.0, 0.0, 0.0, 0.0, 0.0, 0.0, 0.0, 0.0, 0.0, 0.0, 0.0, 0.0, 0.0, 0.0, 0.0, 0.0, 0.0, 0.0, 0.0, 0.0, 0.0, 0.0, 0.0, 0.0, 0.0, 0.0, 0.0, 0.0, 0.0, 0.0, 0.0, 0.0, 0.0, 0.0, 0.0, 0.0, 0.0, 0.0, 0.0, 0.0, 0.0, 0.0, 0.0, 0.0, 0.0, 0.0, 0.0, 0.0, 0.0, 0.0, 0.0, 0.0, 0.0, 0.0, 0.0, 0.0, 0.0, 0.0],[1, 0, 0, 0, 0, 0, 0, 0, 0, 0, 0, 0, 0, 0, 0, 0, 0, 0, 0, 0, 0, 0, 0, 0, 0, 0, 0, 0, 0, 0, 0, 0, 0, 0, 0, 0, 0, 0, 0, 0, 0, 0, 0, 0, 0, 0, 0, 0, 0, 0, 0, 0, 0, 0, 0, 0, 0, 0, 0, 0, 0, 0, 0, 0]
[0.0, 0.0, 0.0, 0.0, 0.0, 0.0, 0.0, 0.0, 0.0, 0.0, 0.0, 0.0, 0.0, 0.0, 0.0, 0.0, 0.0, 0.0, 0.0, 0.0, 0.0, 0.0, 0.0, 0.0, 0.0, 0.0, 0.0, 0.0, 0.0, 0.0, 0.0, 0.0, 0.0, 0.0, 0.0, 0.0, 0.0, 0.0, 0.0, 0.0, 0.0, 0.0, 0.0, 0.0, 0.0, 0.0, 0.0, 0.0, 0.0, 0.0, 0.0, 0.0, 0.0, 0.0, 0.0, 0.0, 0.0, 0.0, 0.0, 0.0, 0.0, 0.0, 0.0, 0.0, 0.0, 0.0, 0.0, 0.0, 0.0, 0.0, 0.0, 0.0, 0.0, 0.0, 0.0, 0.0, 0.0, 0.0, 0.0, 0.0, 0.0, 0.0, 0.0, 0.0, 0.0, 0.0, 0.0, 0.0, 0.0, 0.0, 0.0, 0.0, 0.0, 0.0, 0.0, 0.0, 0.0, 0.0, 0.0, 0.0, 0.0, 0.0, 0.0, 0.0, 0.0, 0.0, 0.0, 0.0, 0.0, 0.0, 0.0, 0.0, 0.0, 0.0, 0.0, 0.0, 0.0, 0.0, 0.0, 0.0, 0.0, 0.0, 0.0, 0.0, 0.0, 0.0, 0.0, 0.0, 0.0, 0.0, 0.0, 0.0, 0.0, 0.0, 0.0, 0.0, 0.0, 0.0, 0.0, 0.0, 1.0, 1.0, 1.0, 1.0, 1.0, 1.0, 0.0, 1.0, 0.0, 0.0, 0.31333333333333335, 0.3657142857127886, 0.004841042031844634, 0.19333333333333333, 0.8899999999996, 0.046489731257655875, 0.2733333333333333, 0.7942857142853571, 0.16085936063077083, 0.17333333333333334, 0.6357142857139657, 0.011228654554782082, 0.24666666666666667, 0.8671428571428357, 0.05056898528485491, 0.23333333333333334, 0.1571428571426, 0.0011782234176249621, 0.2733333333333333, 0.6871428571427886, 0.06914648513962361, 0.31333333333333335, 0.80571428571348, 0.008997342461869073, 0.26, 0.7199999999997257, 0.009364639283831076, 0.24666666666666667, 0.9085714285711014, 0.029013954704440438, 0.32, 0.8542857142848, 0.04932790975647819, 0.24666666666666667, 0.5899999999998857, 0.0162896289467644, 0.26666666666666666, 0.5228571428571429, 0.022909483243557033, 0.2866666666666667, 0.95999999999962, 0.011717469252673777, 0.26666666666666666, 0.8799999999994286, 0.006248231983901149, 0.31333333333333335, 0.47714285714262855, 0.0048264204020447, 0.32666666666666666, 0.1799999999994, 0.0022493356154620193, 0.22, 0.6014285714285357, 0.1339149910866318, 0.32666666666666666, 0.19428571428525, 0.0032371390868055376, 0.31333333333333335, 0.6442857142856429, 0.010133253149417069, 0.10666666666666667, 0.41571428571408, 0.010490651384364433, 0.21333333333333335, 0.49142857142857144, 0.03377213929035598, 0.28, 0.80571428571384, 0.011746530436334314, 0.29333333333333333, 0.4742857142835429, 0.0014667384877461351, 0.2866666666666667, 0.39999999999934, 0.004882278855274617, 0.2866666666666667, 0.9399999999995485, 0.004461860398297855, 0.15333333333333332, 0.8057142857132743, 0.007150062004720215, 0.2733333333333333, 0.47428571428561145, 0.042499642035366055, 0.3333333333333333, 0.28, 0.001285870193510074, 0.22666666666666666, 0.22999999999999715, 0.0165686355466282, 0.26666666666666666, 0.6185714285691428, 0.0016710137868781653, 0.0, 0.0, 0.0, 0.0, 0.0, 0.0, 0.0, 0.0, 0.0, 0.0, 0.0, 0.0, 0.0, 0.0, 0.0, 0.0, 0.0, 0.0, 0.0, 0.0, 0.0, 0.0, 0.0, 0.0, 0.0, 0.0, 0.0, 0.0, 0.0, 0.0, 0.0, 0.0, 0.0, 0.0, 0.0, 0.0, 0.0, 0.0, 0.0, 0.0, 0.0, 0.0, 0.0, 0.0, 0.0, 0.0, 0.0, 0.0, 0.0, 0.0, 0.0, 0.0, 0.0, 0.0, 0.0, 0.0, 0.0, 0.0, 0.0, 0.0, 0.0, 0.0, 0.0, 0.0, 0.0, 0.0, 0.0, 0.0, 0.0, 0.0, 0.0, 0.0, 0.0, 0.0, 0.0, 0.0, 0.0, 0.0, 0.0, 0.0, 0.0, 0.0, 0.0, 0.0, 0.0, 0.0, 0.0, 0.0, 0.0, 0.0, 0.0, 0.0, 0.0, 0.0, 0.0, 0.0, 0.0, 0.0, 0.0],[0, 0, 0, 0, 0, 0, 0, 0, 0, 0, 0, 0, 0, 0, 0, 0, 0, 0, 0, 0, 0, 0, 0, 0, 0, 0, 0, 0, 0, 0, 0, 0, 0, 0, 0, 0, 0, 0, 0, 0, 0, 0, 0, 0, 0, 0, 0, 0, 0, 0, 0, 0, 0, 0, 0, 0, 0, 0, 0, 0, 0, 0, 0, 0]
[0.0, 0.0, 0.0, 0.0, 0.0, 0.0, 0.0, 0.0, 0.0, 0.0, 0.0, 0.0, 0.0, 0.0, 0.0, 0.0, 0.0, 0.0, 0.0, 0.0, 0.0, 0.0, 0.0, 0.0, 0.0, 0.0, 0.0, 0.0, 0.0, 0.0, 0.0, 0.0, 0.0, 0.0, 0.0, 0.0, 0.0, 0.0, 0.0, 0.0, 0.0, 0.0, 0.0, 0.0, 0.0, 0.0, 0.0, 0.0, 0.0, 0.0, 0.0, 0.0, 0.0, 0.0, 0.0, 0.0, 0.0, 0.0, 0.0, 0.0, 0.0, 0.0, 0.0, 0.0, 0.0, 0.0, 0.0, 0.0, 0.0, 0.0, 0.0, 0.0, 0.0, 0.0, 0.0, 0.0, 0.0, 0.0, 0.0, 0.0, 0.0, 0.0, 0.0, 0.0, 0.0, 0.0, 0.0, 0.0, 0.0, 0.0, 0.0, 0.0, 0.0, 0.0, 0.0, 0.0, 0.0, 0.0, 0.0, 0.0, 0.0, 0.0, 0.0, 0.0, 0.0, 0.0, 0.0, 0.0, 0.0, 0.0, 0.0, 0.0, 0.0, 0.0, 0.0, 0.0, 0.0, 0.0, 0.0, 0.0, 0.0, 0.0, 0.0, 0.0, 0.0, 0.0, 0.0, 0.0, 0.0, 0.0, 0.0, 0.0, 1.0, 1.0, 1.0, 1.0, 0.0, 0.0, 0.0, 0.0, 1.0, 1.0, 1.0, 1.0, 1.0, 1.0, 0.0, 1.0, 0.0, 0.0, 0.31333333333333335, 0.3657142857127886, 0.004841042031844634, 0.19333333333333333, 0.8899999999996, 0.046489731257655875, 0.2733333333333333, 0.7942857142853571, 0.16085936063077083, 0.17333333333333334, 0.6357142857139657, 0.011228654554782082, 0.24666666666666667, 0.8671428571428357, 0.05056898528485491, 0.12, 0.2885714285710629, 0.013907908896298496, 0.23333333333333334, 0.1571428571426, 0.0011782234176249621, 0.2733333333333333, 0.6871428571427886, 0.06914648513962361, 0.31333333333333335, 0.80571428571348, 0.008997342461869073, 0.26, 0.7199999999997257, 0.009364639283831076, 0.24666666666666667, 0.9085714285711014, 0.029013954704440438, 0.32, 0.8542857142848, 0.04932790975647819, 0.24666666666666667, 0.5899999999998857, 0.0162896289467644, 0.26666666666666666, 0.5228571428571429, 0.022909483243557033, 0.2866666666666667, 0.95999999999962, 0.011717469252673777, 0.26666666666666666, 0.8799999999994286, 0.006248231983901149, 0.31333333333333335, 0.47714285714262855, 0.0048264204020447, 0.32666666666666666, 0.1799999999994, 0.0022493356154620193, 0.22, 0.6014285714285357, 0.1339149910866318, 0.32666666666666666, 0.19428571428525, 0.0032371390868055376, 0.31333333333333335, 0.6442857142856429, 0.010133253149417069, 0.10666666666666667, 0.41571428571408, 0.010490651384364433, 0.21333333333333335, 0.49142857142857144, 0.03377213929035598, 0.28, 0.80571428571384, 0.011746530436334314, 0.29333333333333333, 0.4742857142835429, 0.0014667384877461351, 0.04666666666666667, 0.8442857142852, 0.014770637208240832, 0.2866666666666667, 0.39999999999934, 0.004882278855274617, 0.2866666666666667, 0.9399999999995485, 0.004461860398297855, 0.15333333333333332, 0.8057142857132743, 0.007150062004720215, 0.2733333333333333, 0.47428571428561145, 0.042499642035366055, 0.3333333333333333, 0.28, 0.001285870193510074, 0.22666666666666666, 0.22999999999999715, 0.0165686355466282, 0.26666666666666666, 0.6185714285691428, 0.0016710137868781653, 0.0, 0.0, 0.0, 0.0, 0.0, 0.0, 0.0, 0.0, 0.0, 0.0, 0.0, 0.0, 0.0, 0.0, 0.0, 0.0, 0.0, 0.0, 0.0, 0.0, 0.0, 0.0, 0.0, 0.0, 0.0, 0.0, 0.0, 0.0, 0.0, 0.0, 0.0, 0.0, 0.0, 0.0, 0.0, 0.0, 0.0, 0.0, 0.0, 0.0, 0.0, 0.0, 0.0, 0.0, 0.0, 0.0, 0.0, 0.0, 0.0, 0.0, 0.0, 0.0, 0.0, 0.0, 0.0, 0.0, 0.0, 0.0, 0.0, 0.0, 0.0, 0.0, 0.0, 0.0, 0.0, 0.0, 0.0, 0.0, 0.0, 0.0, 0.0, 0.0, 0.0, 0.0, 0.0, 0.0, 0.0, 0.0, 0.0, 0.0, 0.0, 0.0, 0.0, 0.0, 0.0, 0.0, 0.0, 0.0, 0.0, 0.0, 0.0, 0.0, 0.0],[0, 0, 0, 0, 0, 0, 0, 0, 0, 0, 0, 0, 0, 0, 0, 0, 0, 0, 0, 0, 0, 0, 0, 0, 0, 1, 0, 0, 0, 0, 0, 0, 0, 0, 0, 0, 0, 0, 0, 0, 0, 0, 0, 0, 0, 0, 0, 0, 0, 0, 0, 0, 0, 0, 0, 0, 0, 0, 0, 0, 0, 0, 0, 0]
[0.0, 0.0, 0.0, 0.0, 0.0, 0.0, 0.0, 0.0, 0.0, 0.0, 0.0, 0.0, 0.0, 0.0, 0.0, 0.0, 0.0, 0.0, 0.0, 0.0, 0.0, 0.0, 0.0, 0.0, 0.0, 0.0, 0.0, 0.0, 0.0, 0.0, 0.0, 0.0, 0.0, 0.0, 0.0, 0.0, 0.0, 0.0, 0.0, 0.0, 0.0, 0.0, 0.0, 0.0, 0.0, 0.0, 0.0, 0.0, 0.0, 0.0, 0.0, 0.0, 0.0, 0.0, 0.0, 0.0, 0.0, 0.0, 0.0, 0.0, 0.0, 0.0, 0.0, 0.0, 0.0, 0.0, 0.0, 0.0, 0.0, 0.0, 0.0, 0.0, 0.0, 0.0, 0.0, 0.0, 0.0, 0.0, 0.0, 0.0, 0.0, 0.0, 0.0, 0.0, 0.0, 0.0, 0.0, 0.0, 0.0, 0.0, 0.0, 0.0, 0.0, 0.0, 0.0, 0.0, 0.0, 0.0, 0.0, 0.0, 0.0, 0.0, 0.0, 0.0, 0.0, 0.0, 0.0, 0.0, 0.0, 0.0, 0.0, 0.0, 0.0, 0.0, 0.0, 0.0, 0.0, 0.0, 0.0, 0.0, 0.0, 0.0, 0.0, 0.0, 0.0, 0.0, 0.0, 0.0, 0.0, 0.0, 0.0, 0.0, 0.0, 0.0, 0.0, 0.0, 0.0, 0.0, 0.0, 0.0, 0.0, 0.0, 0.0, 1.0, 1.0, 1.0, 0.0, 1.0, 0.0, 0.0, 0.31333333333333335, 0.3657142857127886, 0.004841042031844634, 0.19333333333333333, 0.8899999999996, 0.046489731257655875, 0.2733333333333333, 0.7942857142853571, 0.16085936063077083, 0.17333333333333334, 0.6357142857139657, 0.011228654554782082, 0.24666666666666667, 0.8671428571428357, 0.05056898528485491, 0.12, 0.2885714285710629, 0.013907908896298496, 0.23333333333333334, 0.1571428571426, 0.0011782234176249621, 0.2733333333333333, 0.6871428571427886, 0.06914648513962361, 0.31333333333333335, 0.80571428571348, 0.008997342461869073, 0.26, 0.7199999999997257, 0.009364639283831076, 0.24666666666666667, 0.9085714285711014, 0.029013954704440438, 0.32, 0.8542857142848, 0.04932790975647819, 0.24666666666666667, 0.5899999999998857, 0.0162896289467644, 0.26666666666666666, 0.5228571428571429, 0.022909483243557033, 0.2866666666666667, 0.95999999999962, 0.011717469252673777, 0.26666666666666666, 0.8799999999994286, 0.006248231983901149, 0.31333333333333335, 0.47714285714262855, 0.0048264204020447, 0.32666666666666666, 0.1799999999994, 0.0022493356154620193, 0.22, 0.6014285714285357, 0.1339149910866318, 0.32666666666666666, 0.19428571428525, 0.0032371390868055376, 0.31333333333333335, 0.6442857142856429, 0.010133253149417069, 0.10666666666666667, 0.41571428571408, 0.010490651384364433, 0.21333333333333335, 0.49142857142857144, 0.03377213929035598, 0.28, 0.80571428571384, 0.011746530436334314, 0.29333333333333333, 0.4742857142835429, 0.0014667384877461351, 0.2866666666666667, 0.39999999999934, 0.004882278855274617, 0.2866666666666667, 0.9399999999995485, 0.004461860398297855, 0.15333333333333332, 0.8057142857132743, 0.007150062004720215, 0.2733333333333333, 0.47428571428561145, 0.042499642035366055, 0.3333333333333333, 0.28, 0.001285870193510074, 0.22666666666666666, 0.22999999999999715, 0.0165686355466282, 0.26666666666666666, 0.6185714285691428, 0.0016710137868781653, 0.0, 0.0, 0.0, 0.0, 0.0, 0.0, 0.0, 0.0, 0.0, 0.0, 0.0, 0.0, 0.0, 0.0, 0.0, 0.0, 0.0, 0.0, 0.0, 0.0, 0.0, 0.0, 0.0, 0.0, 0.0, 0.0, 0.0, 0.0, 0.0, 0.0, 0.0, 0.0, 0.0, 0.0, 0.0, 0.0, 0.0, 0.0, 0.0, 0.0, 0.0, 0.0, 0.0, 0.0, 0.0, 0.0, 0.0, 0.0, 0.0, 0.0, 0.0, 0.0, 0.0, 0.0, 0.0, 0.0, 0.0, 0.0, 0.0, 0.0, 0.0, 0.0, 0.0, 0.0, 0.0, 0.0, 0.0, 0.0, 0.0, 0.0, 0.0, 0.0, 0.0, 0.0, 0.0, 0.0, 0.0, 0.0, 0.0, 0.0, 0.0, 0.0, 0.0, 0.0, 0.0, 0.0, 0.0, 0.0, 0.0, 0.0, 0.0, 0.0, 0.0, 0.0, 0.0, 0.0],[0, 0, 0, 0, 0, 0, 0, 0, 0, 0, 0, 0, 0, 0, 0, 0, 0, 0, 0, 0, 0, 0, 0, 0, 0, 0, 0, 0, 0, 0, 0, 0, 0, 0, 0, 0, 0, 0, 0, 0, 0, 0, 0, 0, 0, 0, 0, 0, 0, 0, 0, 0, 0, 0, 0, 0, 0, 0, 0, 0, 0, 0, 0, 0]
[0.0, 0.0, 0.0, 0.0, 0.0, 0.0, 0.0, 0.0, 0.0, 1.0, 1.0, 1.0, 1.0, 1.0, 1.0, 1.0, 0.0, 0.0, 0.0, 0.0, 0.0, 0.0, 0.0, 0.0, 1.0, 1.0, 1.0, 1.0, 0.0, 0.0, 0.0, 1.0, 1.0, 1.0, 1.0, 1.0, 1.0, 1.0, 1.0, 1.0, 1.0, 1.0, 1.0, 1.0, 1.0, 1.0, 1.0, 1.0, 1.0, 1.0, 1.0, 0.0, 0.0, 0.0, 0.0, 0.0, 0.0, 0.0, 0.0, 0.0, 1.0, 1.0, 1.0, 1.0, 1.0, 1.0, 0.0, 0.0, 0.0, 0.0, 0.0, 0.0, 0.0, 0.0, 0.0, 0.0, 0.0, 0.0, 0.0, 0.0, 0.0, 0.0, 0.0, 0.0, 0.0, 0.0, 0.0, 0.0, 0.0, 0.0, 0.0, 0.0, 0.0, 0.0, 0.0, 0.0, 0.0, 0.0, 0.0, 0.0, 0.0, 0.0, 0.0, 1.0, 1.0, 1.0, 1.0, 1.0, 1.0, 0.0, 0.0, 0.0, 0.0, 0.0, 0.0, 0.0, 0.0, 0.0, 0.0, 0.0, 0.0, 0.0, 0.0, 0.0, 0.0, 0.0, 0.0, 0.0, 0.0, 0.0, 0.0, 0.0, 0.0, 0.0, 0.0, 0.0, 1.0, 1.0, 0.0, 0.0, 0.0, 0.0, 0.0, 1.0, 1.0, 1.0, 0.0, 1.0, 0.0, 0.0, 0.31333333333333335, 0.3657142857127886, 0.004841042031844634, 0.19333333333333333, 0.8899999999996, 0.046489731257655875, 0.2733333333333333, 0.7942857142853571, 0.16085936063077083, 0.17333333333333334, 0.6357142857139657, 0.011228654554782082, 0.24666666666666667, 0.8671428571428357, 0.05056898528485491, 0.12, 0.2885714285710629, 0.013907908896298496, 0.23333333333333334, 0.1571428571426, 0.0011782234176249621, 0.2733333333333333, 0.6871428571427886, 0.06914648513962361, 0.31333333333333335, 0.80571428571348, 0.008997342461869073, 0.26, 0.7199999999997257, 0.009364639283831076, 0.24666666666666667, 0.9085714285711014, 0.029013954704440438, 0.32, 0.8542857142848, 0.04932790975647819, 0.24666666666666667, 0.5899999999998857, 0.0162896289467644, 0.26666666666666666, 0.5228571428571429, 0.022909483243557033, 0.2866666666666667, 0.95999999999962, 0.011717469252673777, 0.26666666666666666, 0.8799999999994286, 0.006248231983901149, 0.31333333333333335, 0.47714285714262855, 0.0048264204020447, 0.32666666666666666, 0.1799999999994, 0.0022493356154620193, 0.22, 0.6014285714285357, 0.1339149910866318, 0.32666666666666666, 0.19428571428525, 0.0032371390868055376, 0.31333333333333335, 0.6442857142856429, 0.010133253149417069, 0.10666666666666667, 0.41571428571408, 0.010490651384364433, 0.21333333333333335, 0.49142857142857144, 0.03377213929035598, 0.28, 0.80571428571384, 0.011746530436334314, 0.29333333333333333, 0.4742857142835429, 0.0014667384877461351, 0.2866666666666667, 0.39999999999934, 0.004882278855274617, 0.2866666666666667, 0.9399999999995485, 0.004461860398297855, 0.15333333333333332, 0.8057142857132743, 0.007150062004720215, 0.2733333333333333, 0.47428571428561145, 0.042499642035366055, 0.3333333333333333, 0.28, 0.001285870193510074, 0.22666666666666666, 0.22999999999999715, 0.0165686355466282, 0.26666666666666666, 0.6185714285691428, 0.0016710137868781653, 0.0, 0.0, 0.0, 0.0, 0.0, 0.0, 0.0, 0.0, 0.0, 0.0, 0.0, 0.0, 0.0, 0.0, 0.0, 0.0, 0.0, 0.0, 0.0, 0.0, 0.0, 0.0, 0.0, 0.0, 0.0, 0.0, 0.0, 0.0, 0.0, 0.0, 0.0, 0.0, 0.0, 0.0, 0.0, 0.0, 0.0, 0.0, 0.0, 0.0, 0.0, 0.0, 0.0, 0.0, 0.0, 0.0, 0.0, 0.0, 0.0, 0.0, 0.0, 0.0, 0.0, 0.0, 0.0, 0.0, 0.0, 0.0, 0.0, 0.0, 0.0, 0.0, 0.0, 0.0, 0.0, 0.0, 0.0, 0.0, 0.0, 0.0, 0.0, 0.0, 0.0, 0.0, 0.0, 0.0, 0.0, 0.0, 0.0, 0.0, 0.0, 0.0, 0.0, 0.0, 0.0, 0.0, 0.0, 0.0, 0.0, 0.0, 0.0, 0.0, 0.0, 0.0, 0.0, 0.0],[1, 0, 0, 0, 0, 0, 0, 0, 0, 0, 0, 0, 0, 0, 0, 0, 0, 0, 0, 0, 0, 0, 0, 0, 0, 0, 0, 0, 0, 0, 0, 0, 0, 0, 0, 0, 0, 0, 0, 0, 0, 0, 0, 0, 0, 0, 0, 0, 0, 0, 0, 0, 0, 0, 0, 0, 0, 0, 0, 0, 0, 0, 0, 0]
[0.0, 0.0, 0.0, 0.0, 0.0, 0.0, 0.0, 0.0, 0.0, 0.0, 0.0, 0.0, 0.0, 0.0, 0.0, 0.0, 0.0, 0.0, 0.0, 0.0, 0.0, 0.0, 0.0, 0.0, 0.0, 0.0, 0.0, 0.0, 0.0, 0.0, 0.0, 0.0, 0.0, 0.0, 0.0, 0.0, 0.0, 0.0, 0.0, 0.0, 0.0, 0.0, 0.0, 0.0, 0.0, 0.0, 0.0, 0.0, 0.0, 0.0, 0.0, 0.0, 0.0, 0.0, 0.0, 0.0, 0.0, 0.0, 0.0, 0.0, 0.0, 0.0, 0.0, 0.0, 0.0, 0.0, 0.0, 0.0, 0.0, 0.0, 0.0, 0.0, 0.0, 0.0, 0.0, 0.0, 0.0, 0.0, 0.0, 0.0, 0.0, 0.0, 0.0, 0.0, 0.0, 0.0, 0.0, 0.0, 0.0, 0.0, 0.0, 0.0, 0.0, 0.0, 0.0, 0.0, 0.0, 0.0, 0.0, 0.0, 0.0, 0.0, 0.0, 0.0, 0.0, 0.0, 0.0, 0.0, 0.0, 0.0, 0.0, 0.0, 0.0, 0.0, 0.0, 0.0, 0.0, 0.0, 0.0, 0.0, 0.0, 0.0, 0.0, 0.0, 0.0, 0.0, 0.0, 0.0, 0.0, 0.0, 0.0, 0.0, 0.0, 0.0, 0.0, 0.0, 0.0, 0.0, 0.0, 0.0, 0.0, 0.0, 0.0, 0.0, 0.0, 1.0, 0.0, 1.0, 0.0, 0.0, 0.19333333333333333, 0.8899999999996, 0.046489731257655875, 0.2733333333333333, 0.7942857142853571, 0.16085936063077083, 0.17333333333333334, 0.6357142857139657, 0.011228654554782082, 0.24666666666666667, 0.8671428571428357, 0.05056898528485491, 0.12, 0.2885714285710629, 0.013907908896298496, 0.23333333333333334, 0.1571428571426, 0.0011782234176249621, 0.2733333333333333, 0.6871428571427886, 0.06914648513962361, 0.31333333333333335, 0.80571428571348, 0.008997342461869073, 0.26, 0.7199999999997257, 0.009364639283831076, 0.24666666666666667, 0.9085714285711014, 0.029013954704440438, 0.32, 0.8542857142848, 0.04932790975647819, 0.24666666666666667, 0.5899999999998857, 0.0162896289467644, 0.26666666666666666, 0.5228571428571429, 0.022909483243557033, 0.2866666666666667, 0.95999999999962, 0.011717469252673777, 0.26666666666666666, 0.8799999999994286, 0.006248231983901149, 0.31333333333333335, 0.47714285714262855, 0.0048264204020447, 0.32666666666666666, 0.1799999999994, 0.0022493356154620193, 0.22, 0.6014285714285357, 0.1339149910866318, 0.32666666666666666, 0.19428571428525, 0.0032371390868055376, 0.31333333333333335, 0.6442857142856429, 0.010133253149417069, 0.10666666666666667, 0.41571428571408, 0.010490651384364433, 0.21333333333333335, 0.49142857142857144, 0.03377213929035598, 0.28, 0.80571428571384, 0.011746530436334314, 0.29333333333333333, 0.4742857142835429, 0.0014667384877461351, 0.2866666666666667, 0.39999999999934, 0.004882278855274617, 0.2866666666666667, 0.9399999999995485, 0.004461860398297855, 0.15333333333333332, 0.8057142857132743, 0.007150062004720215, 0.2733333333333333, 0.47428571428561145, 0.042499642035366055, 0.3333333333333333, 0.28, 0.001285870193510074, 0.22666666666666666, 0.22999999999999715, 0.0165686355466282, 0.26666666666666666, 0.6185714285691428, 0.0016710137868781653, 0.0, 0.0, 0.0, 0.0, 0.0, 0.0, 0.0, 0.0, 0.0, 0.0, 0.0, 0.0, 0.0, 0.0, 0.0, 0.0, 0.0, 0.0, 0.0, 0.0, 0.0, 0.0, 0.0, 0.0, 0.0, 0.0, 0.0, 0.0, 0.0, 0.0, 0.0, 0.0, 0.0, 0.0, 0.0, 0.0, 0.0, 0.0, 0.0, 0.0, 0.0, 0.0, 0.0, 0.0, 0.0, 0.0, 0.0, 0.0, 0.0, 0.0, 0.0, 0.0, 0.0, 0.0, 0.0, 0.0, 0.0, 0.0, 0.0, 0.0, 0.0, 0.0, 0.0, 0.0, 0.0, 0.0, 0.0, 0.0, 0.0, 0.0, 0.0, 0.0, 0.0, 0.0, 0.0, 0.0, 0.0, 0.0, 0.0, 0.0, 0.0, 0.0, 0.0, 0.0, 0.0, 0.0, 0.0, 0.0, 0.0, 0.0, 0.0, 0.0, 0.0, 0.0, 0.0, 0.0, 0.0, 0.0, 0.0],[0, 0, 0, 0, 0, 0, 0, 0, 0, 0, 0, 0, 0, 0, 0, 0, 0, 0, 0, 0, 0, 0, 0, 0, 0, 0, 0, 0, 0, 0, 0, 0, 0, 0, 0, 0, 0, 0, 0, 0, 0, 0, 0, 0, 0, 0, 0, 0, 0, 0, 0, 0, 0, 0, 0, 0, 0, 0, 0, 0, 0, 0, 0, 0]
[0.0, 0.0, 0.0, 0.0, 0.0, 0.0, 0.0, 0.0, 0.0, 1.0, 1.0, 1.0, 1.0, 1.0, 1.0, 1.0, 0.0, 0.0, 0.0, 0.0, 0.0, 0.0, 0.0, 0.0, 1.0, 1.0, 1.0, 1.0, 0.0, 0.0, 0.0, 1.0, 1.0, 1.0, 1.0, 1.0, 1.0, 1.0, 1.0, 1.0, 1.0, 1.0, 1.0, 1.0, 1.0, 1.0, 1.0, 1.0, 1.0, 1.0, 1.0, 0.0, 0.0, 0.0, 0.0, 0.0, 0.0, 0.0, 0.0, 0.0, 1.0, 1.0, 1.0, 1.0, 1.0, 1.0, 0.0, 0.0, 0.0, 0.0, 0.0, 0.0, 0.0, 0.0, 0.0, 0.0, 0.0, 0.0, 0.0, 0.0, 0.0, 0.0, 0.0, 0.0, 0.0, 0.0, 0.0, 0.0, 0.0, 0.0, 0.0, 0.0, 0.0, 0.0, 0.0, 0.0, 0.0, 0.0, 0.0, 0.0, 0.0, 0.0, 0.0, 1.0, 1.0, 1.0, 1.0, 1.0, 1.0, 0.0, 0.0, 0.0, 0.0, 0.0, 0.0, 0.0, 0.0, 0.0, 0.0, 0.0, 0.0, 0.0, 0.0, 0.0, 0.0, 0.0, 0.0, 0.0, 0.0, 0.0, 0.0, 0.0, 0.0, 0.0, 0.0, 0.0, 1.0, 1.0, 0.0, 0.0, 0.0, 0.0, 0.0, 1.0, 1.0, 1.0, 0.0, 1.0, 0.0, 0.0, 0.19333333333333333, 0.8899999999996, 0.046489731257655875, 0.2733333333333333, 0.7942857142853571, 0.16085936063077083, 0.17333333333333334, 0.6357142857139657, 0.011228654554782082, 0.24666666666666667, 0.8671428571428357, 0.05056898528485491, 0.12, 0.2885714285710629, 0.013907908896298496, 0.23333333333333334, 0.1571428571426, 0.0011782234176249621, 0.2733333333333333, 0.6871428571427886, 0.06914648513962361, 0.31333333333333335, 0.80571428571348, 0.008997342461869073, 0.26, 0.7199999999997257, 0.009364639283831076, 0.24666666666666667, 0.9085714285711014, 0.029013954704440438, 0.32, 0.8542857142848, 0.04932790975647819, 0.24666666666666667, 0.5899999999998857, 0.0162896289467644, 0.26666666666666666, 0.5228571428571429, 0.022909483243557033, 0.2866666666666667, 0.95999999999962, 0.011717469252673777, 0.26666666666666666, 0.8799999999994286, 0.006248231983901149, 0.31333333333333335, 0.47714285714262855, 0.0048264204020447, 0.32666666666666666, 0.1799999999994, 0.0022493356154620193, 0.22, 0.6014285714285357, 0.1339149910866318, 0.32666666666666666, 0.19428571428525, 0.0032371390868055376, 0.31333333333333335, 0.6442857142856429, 0.010133253149417069, 0.10666666666666667, 0.41571428571408, 0.010490651384364433, 0.21333333333333335, 0.49142857142857144, 0.03377213929035598, 0.28, 0.80571428571384, 0.011746530436334314, 0.29333333333333333, 0.4742857142835429, 0.0014667384877461351, 0.2866666666666667, 0.39999999999934, 0.004882278855274617, 0.2866666666666667, 0.9399999999995485, 0.004461860398297855, 0.15333333333333332, 0.8057142857132743, 0.007150062004720215, 0.2733333333333333, 0.47428571428561145, 0.042499642035366055, 0.28, 0.26714285714232, 0.0025964553092095925, 0.3333333333333333, 0.28, 0.001285870193510074, 0.22666666666666666, 0.22999999999999715, 0.0165686355466282, 0.26666666666666666, 0.6185714285691428, 0.0016710137868781653, 0.0, 0.0, 0.0, 0.0, 0.0, 0.0, 0.0, 0.0, 0.0, 0.0, 0.0, 0.0, 0.0, 0.0, 0.0, 0.0, 0.0, 0.0, 0.0, 0.0, 0.0, 0.0, 0.0, 0.0, 0.0, 0.0, 0.0, 0.0, 0.0, 0.0, 0.0, 0.0, 0.0, 0.0, 0.0, 0.0, 0.0, 0.0, 0.0, 0.0, 0.0, 0.0, 0.0, 0.0, 0.0, 0.0, 0.0, 0.0, 0.0, 0.0, 0.0, 0.0, 0.0, 0.0, 0.0, 0.0, 0.0, 0.0, 0.0, 0.0, 0.0, 0.0, 0.0, 0.0, 0.0, 0.0, 0.0, 0.0, 0.0, 0.0, 0.0, 0.0, 0.0, 0.0, 0.0, 0.0, 0.0, 0.0, 0.0, 0.0, 0.0, 0.0, 0.0, 0.0, 0.0, 0.0, 0.0, 0.0, 0.0, 0.0, 0.0, 0.0, 0.0, 0.0, 0.0, 0.0],[1, 0, 0, 0, 1, 0, 0, 0, 0, 0, 0, 0, 0, 0, 0, 0, 0, 0, 0, 0, 0, 0, 0, 0, 0, 0, 0, 0, 0, 0, 0, 0, 0, 0, 0, 0, 0, 0, 0, 0, 0, 0, 0, 0, 0, 0, 0, 0, 0, 0, 0, 0, 0, 0, 0, 0, 0, 0, 0, 0, 0, 0, 0, 0]
[0.0, 0.0, 0.0, 0.0, 0.0, 0.0, 0.0, 0.0, 0.0, 0.0, 0.0, 0.0, 0.0, 0.0, 0.0, 0.0, 0.0, 0.0, 0.0, 0.0, 0.0, 0.0, 0.0, 0.0, 0.0, 0.0, 0.0, 0.0, 0.0, 0.0, 0.0, 0.0, 0.0, 0.0, 0.0, 0.0, 0.0, 0.0, 0.0, 0.0, 0.0, 0.0, 0.0, 0.0, 0.0, 0.0, 0.0, 0.0, 0.0, 0.0, 0.0, 0.0, 0.0, 0.0, 0.0, 0.0, 0.0, 0.0, 0.0, 0.0, 0.0, 0.0, 0.0, 0.0, 0.0, 0.0, 0.0, 0.0, 0.0, 0.0, 0.0, 0.0, 0.0, 0.0, 0.0, 0.0, 0.0, 0.0, 0.0, 0.0, 0.0, 0.0, 0.0, 0.0, 0.0, 0.0, 0.0, 0.0, 0.0, 0.0, 0.0, 0.0, 0.0, 0.0, 0.0, 0.0, 0.0, 0.0, 0.0, 0.0, 0.0, 0.0, 0.0, 0.0, 0.0, 0.0, 0.0, 0.0, 0.0, 0.0, 0.0, 0.0, 0.0, 0.0, 0.0, 0.0, 0.0, 0.0, 0.0, 0.0, 0.0, 0.0, 0.0, 0.0, 0.0, 0.0, 0.0, 0.0, 0.0, 0.0, 0.0, 0.0, 0.0, 0.0, 0.0, 0.0, 0.0, 0.0, 0.0, 0.0, 0.0, 0.0, 0.0, 0.0, 0.0, 1.0, 0.0, 1.0, 0.0, 0.0, 0.2733333333333333, 0.7942857142853571, 0.16085936063077083, 0.17333333333333334, 0.6357142857139657, 0.011228654554782082, 0.24666666666666667, 0.8671428571428357, 0.05056898528485491, 0.23333333333333334, 0.1571428571426, 0.0011782234176249621, 0.2733333333333333, 0.6871428571427886, 0.06914648513962361, 0.31333333333333335, 0.80571428571348, 0.008997342461869073, 0.26, 0.7199999999997257, 0.009364639283831076, 0.24666666666666667, 0.9085714285711014, 0.029013954704440438, 0.32, 0.8542857142848, 0.04932790975647819, 0.24666666666666667, 0.5899999999998857, 0.0162896289467644, 0.26666666666666666, 0.5228571428571429, 0.022909483243557033, 0.2866666666666667, 0.95999999999962, 0.011717469252673777, 0.26666666666666666, 0.8799999999994286, 0.006248231983901149, 0.31333333333333335, 0.47714285714262855, 0.0048264204020447, 0.32666666666666666, 0.1799999999994, 0.0022493356154620193, 0.22, 0.6014285714285357, 0.1339149910866318, 0.32666666666666666, 0.19428571428525, 0.0032371390868055376, 0.31333333333333335, 0.6442857142856429, 0.010133253149417069, 0.10666666666666667, 0.41571428571408, 0.010490651384364433, 0.21333333333333335, 0.49142857142857144, 0.03377213929035598, 0.28, 0.80571428571384, 0.011746530436334314, 0.29333333333333333, 0.4742857142835429, 0.0014667384877461351, 0.2866666666666667, 0.39999999999934, 0.004882278855274617, 0.2866666666666667, 0.9399999999995485, 0.004461860398297855, 0.15333333333333332, 0.8057142857132743, 0.007150062004720215, 0.2733333333333333, 0.47428571428561145, 0.042499642035366055, 0.28, 0.26714285714232, 0.0025964553092095925, 0.3333333333333333, 0.28, 0.001285870193510074, 0.22666666666666666, 0.22999999999999715, 0.0165686355466282, 0.26666666666666666, 0.6185714285691428, 0.0016710137868781653, 0.0, 0.0, 0.0, 0.0, 0.0, 0.0, 0.0, 0.0, 0.0, 0.0, 0.0, 0.0, 0.0, 0.0, 0.0, 0.0, 0.0, 0.0, 0.0, 0.0, 0.0, 0.0, 0.0, 0.0, 0.0, 0.0, 0.0, 0.0, 0.0, 0.0, 0.0, 0.0, 0.0, 0.0, 0.0, 0.0, 0.0, 0.0, 0.0, 0.0, 0.0, 0.0, 0.0, 0.0, 0.0, 0.0, 0.0, 0.0, 0.0, 0.0, 0.0, 0.0, 0.0, 0.0, 0.0, 0.0, 0.0, 0.0, 0.0, 0.0, 0.0, 0.0, 0.0, 0.0, 0.0, 0.0, 0.0, 0.0, 0.0, 0.0, 0.0, 0.0, 0.0, 0.0, 0.0, 0.0, 0.0, 0.0, 0.0, 0.0, 0.0, 0.0, 0.0, 0.0, 0.0, 0.0, 0.0, 0.0, 0.0, 0.0, 0.0, 0.0, 0.0, 0.0, 0.0, 0.0, 0.0, 0.0, 0.0, 0.0, 0.0, 0.0],[0, 0, 0, 0, 0, 0, 0, 0, 0, 0, 0, 0, 0, 0, 0, 0, 0, 0, 0, 0, 0, 0, 0, 0, 0, 0, 0, 0, 0, 0, 0, 0, 0, 0, 0, 0, 0, 0, 0, 0, 0, 0, 0, 0, 0, 0, 0, 0, 0, 0, 0, 0, 0, 0, 0, 0, 0, 0, 0, 0, 0, 0, 0, 0]
[0.0, 0.0, 0.0, 0.0, 0.0, 0.0, 0.0, 0.0, 0.0, 0.0, 0.0, 0.0, 0.0, 0.0, 0.0, 0.0, 1.0, 1.0, 1.0, 1.0, 1.0, 1.0, 1.0, 1.0, 0.0, 0.0, 0.0, 0.0, 1.0, 1.0, 0.0, 0.0, 0.0, 0.0, 0.0, 0.0, 0.0, 0.0, 0.0, 0.0, 0.0, 0.0, 0.0, 0.0, 0.0, 0.0, 0.0, 0.0, 0.0, 0.0, 0.0, 0.0, 0.0, 0.0, 0.0, 0.0, 0.0, 0.0, 0.0, 0.0, 0.0, 0.0, 0.0, 0.0, 0.0, 0.0, 0.0, 0.0, 0.0, 0.0, 0.0, 0.0, 0.0, 0.0, 0.0, 0.0, 0.0, 0.0, 0.0, 0.0, 0.0, 0.0, 0.0, 0.0, 0.0, 0.0, 0.0, 0.0, 0.0, 0.0, 0.0, 0.0, 0.0, 0.0, 0.0, 0.0, 0.0, 0.0, 0.0, 0.0, 0.0, 0.0, 0.0, 0.0, 0.0, 0.0, 0.0, 0.0, 0.0, 0.0, 0.0, 0.0, 0.0, 0.0, 0.0, 0.0, 0.0, 0.0, 0.0, 0.0, 0.0, 0.0, 0.0, 0.0, 0.0, 0.0, 0.0, 0.0, 0.0, 0.0, 0.0, 0.0, 0.0, 0.0, 0.0, 0.0, 0.0, 0.0, 0.0, 0.0, 0.0, 0.0, 0.0, 0.0, 0.0, 1.0, 0.0, 1.0, 0.0, 0.0, 0.20666666666666667, 0.5328571428555429, 0.0026312792526761984, 0.04, 0.7999999999999714, 0.1162142037975884, 0.2733333333333333, 0.9857142857131771, 0.013183935106396216, 0.2733333333333333, 0.7942857142853571, 0.16085936063077083, 0.17333333333333334, 0.6357142857139657, 0.011228654554782082, 0.24666666666666667, 0.8671428571428357, 0.05056898528485491, 0.23333333333333334, 0.1571428571426, 0.0011782234176249621, 0.1, 0.22714285714277144, 0.027606723156936082, 0.2733333333333333, 0.6871428571427886, 0.06914648513962361, 0.31333333333333335, 0.80571428571348, 0.008997342461869073, 0.26, 0.7199999999997257, 0.009364639283831076, 0.24666666666666667, 0.9085714285711014, 0.029013954704440438, 0.32, 0.8542857142848, 0.04932790975647819, 0.24666666666666667, 0.5899999999998857, 0.0162896289467644, 0.26666666666666666, 0.5228571428571429, 0.022909483243557033, 0.2866666666666667, 0.95999999999962, 0.011717469252673777, 0.26666666666666666, 0.8799999999994286, 0.006248231983901149, 0.31333333333333335, 0.47714285714262855, 0.0048264204020447, 0.32666666666666666, 0.1799999999994, 0.0022493356154620193, 0.22, 0.6014285714285357, 0.1339149910866318, 0.32666666666666666, 0.19428571428525, 0.0032371390868055376, 0.31333333333333335, 0.6442857142856429, 0.010133253149417069, 0.10666666666666667, 0.41571428571408, 0.010490651384364433, 0.21333333333333335, 0.49142857142857144, 0.03377213929035598, 0.28, 0.80571428571384, 0.011746530436334314, 0.29333333333333333, 0.4742857142835429, 0.0014667384877461351, 0.2866666666666667, 0.39999999999934, 0.004882278855274617, 0.2866666666666667, 0.9399999999995485, 0.004461860398297855, 0.15333333333333332, 0.8057142857132743, 0.007150062004720215, 0.2733333333333333, 0.47428571428561145, 0.042499642035366055, 0.28, 0.26714285714232, 0.0025964553092095925, 0.3333333333333333, 0.28, 0.001285870193510074, 0.22666666666666666, 0.22999999999999715, 0.0165686355466282, 0.26666666666666666, 0.6185714285691428, 0.0016710137868781653, 0.0, 0.0, 0.0, 0.0, 0.0, 0.0, 0.0, 0.0, 0.0, 0.0, 0.0, 0.0, 0.0, 0.0, 0.0, 0.0, 0.0, 0.0, 0.0, 0.0, 0.0, 0.0, 0.0, 0.0, 0.0, 0.0, 0.0, 0.0, 0.0, 0.0, 0.0, 0.0, 0.0, 0.0, 0.0, 0.0, 0.0, 0.0, 0.0, 0.0, 0.0, 0.0, 0.0, 0.0, 0.0, 0.0, 0.0, 0.0, 0.0, 0.0, 0.0, 0.0, 0.0, 0.0, 0.0, 0.0, 0.0, 0.0, 0.0, 0.0, 0.0, 0.0, 0.0, 0.0, 0.0, 0.0, 0.0, 0.0, 0.0, 0.0, 0.0, 0.0, 0.0, 0.0, 0.0, 0.0, 0.0, 0.0, 0.0, 0.0, 0.0, 0.0, 0.0, 0.0, 0.0, 0.0, 0.0, 0.0, 0.0, 0.0],[0, 1, 0, 0, 0, 0, 0, 0, 0, 0, 0, 0, 0, 0, 0, 0, 0, 0, 0, 0, 0, 0, 0, 0, 0, 0, 0, 0, 0, 0, 0, 0, 0, 0, 0, 0, 0, 0, 0, 0, 0, 0, 0, 0, 0, 0, 0, 0, 0, 0, 0, 0, 0, 0, 0, 0, 0, 0, 0, 0, 0, 0, 0, 0]
[0.0, 0.0, 0.0, 0.0, 0.0, 0.0, 0.0, 0.0, 0.0, 0.0, 0.0, 0.0, 0.0, 0.0, 0.0, 0.0, 0.0, 0.0, 0.0, 0.0, 0.0, 0.0, 1.0, 1.0, 0.0, 0.0, 0.0, 0.0, 1.0, 1.0, 0.0, 0.0, 0.0, 0.0, 0.0, 0.0, 0.0, 0.0, 0.0, 0.0, 0.0, 0.0, 0.0, 0.0, 0.0, 0.0, 0.0, 0.0, 0.0, 0.0, 0.0, 0.0, 0.0, 0.0, 0.0, 0.0, 0.0, 0.0, 0.0, 0.0, 0.0, 0.0, 0.0, 0.0, 0.0, 0.0, 0.0, 0.0, 0.0, 0.0, 0.0, 0.0, 0.0, 0.0, 0.0, 0.0, 0.0, 0.0, 0.0, 0.0, 0.0, 0.0, 0.0, 0.0, 0.0, 0.0, 0.0, 0.0, 0.0, 0.0, 0.0, 0.0, 0.0, 0.0, 0.0, 0.0, 0.0, 0.0, 0.0, 0.0, 0.0, 0.0, 0.0, 0.0, 0.0, 0.0, 0.0, 0.0, 0.0, 0.0, 0.0, 0.0, 0.0, 0.0, 0.0, 0.0, 0.0, 0.0, 0.0, 0.0, 0.0, 0.0, 0.0, 0.0, 0.0, 0.0, 0.0, 0.0, 0.0, 0.0, 0.0, 0.0, 0.0, 0.0, 0.0, 0.0, 0.0, 0.0, 0.0, 0.0, 0.0, 0.0, 0.0, 0.0, 0.0, 1.0, 0.0, 1.0, 0.0, 0.0, 0.20666666666666667, 0.5328571428555429, 0.0026312792526761984, 0.2733333333333333, 0.9857142857131771, 0.013183935106396216, 0.2733333333333333, 0.7942857142853571, 0.16085936063077083, 0.17333333333333334, 0.6357142857139657, 0.011228654554782082, 0.24666666666666667, 0.8671428571428357, 0.05056898528485491, 0.23333333333333334, 0.1571428571426, 0.0011782234176249621, 0.1, 0.22714285714277144, 0.027606723156936082, 0.2733333333333333, 0.6871428571427886, 0.06914648513962361, 0.31333333333333335, 0.80571428571348, 0.008997342461869073, 0.26, 0.7199999999997257, 0.009364639283831076, 0.24666666666666667, 0.9085714285711014, 0.029013954704440438, 0.32, 0.8542857142848, 0.04932790975647819, 0.24666666666666667, 0.5899999999998857, 0.0162896289467644, 0.26666666666666666, 0.5228571428571429, 0.022909483243557033, 0.2866666666666667, 0.95999999999962, 0.011717469252673777, 0.26666666666666666, 0.8799999999994286, 0.006248231983901149, 0.31333333333333335, 0.47714285714262855, 0.0048264204020447, 0.32666666666666666, 0.1799999999994, 0.0022493356154620193, 0.22, 0.6014285714285357, 0.1339149910866318, 0.32666666666666666, 0.19428571428525, 0.0032371390868055376, 0.31333333333333335, 0.6442857142856429, 0.010133253149417069, 0.10666666666666667, 0.41571428571408, 0.010490651384364433, 0.21333333333333335, 0.49142857142857144, 0.03377213929035598, 0.28, 0.80571428571384, 0.011746530436334314, 0.29333333333333333, 0.4742857142835429, 0.0014667384877461351, 0.2866666666666667, 0.39999999999934, 0.004882278855274617, 0.2866666666666667, 0.9399999999995485, 0.004461860398297855, 0.15333333333333332, 0.8057142857132743, 0.007150062004720215, 0.2733333333333333, 0.47428571428561145, 0.042499642035366055, 0.28, 0.26714285714232, 0.0025964553092095925, 0.3333333333333333, 0.28, 0.001285870193510074, 0.22666666666666666, 0.22999999999999715, 0.0165686355466282, 0.26666666666666666, 0.6185714285691428, 0.0016710137868781653, 0.0, 0.0, 0.0, 0.0, 0.0, 0.0, 0.0, 0.0, 0.0, 0.0, 0.0, 0.0, 0.0, 0.0, 0.0, 0.0, 0.0, 0.0, 0.0, 0.0, 0.0, 0.0, 0.0, 0.0, 0.0, 0.0, 0.0, 0.0, 0.0, 0.0, 0.0, 0.0, 0.0, 0.0, 0.0, 0.0, 0.0, 0.0, 0.0, 0.0, 0.0, 0.0, 0.0, 0.0, 0.0, 0.0, 0.0, 0.0, 0.0, 0.0, 0.0, 0.0, 0.0, 0.0, 0.0, 0.0, 0.0, 0.0, 0.0, 0.0, 0.0, 0.0, 0.0, 0.0, 0.0, 0.0, 0.0, 0.0, 0.0, 0.0, 0.0, 0.0, 0.0, 0.0, 0.0, 0.0, 0.0, 0.0, 0.0, 0.0, 0.0, 0.0, 0.0, 0.0, 0.0, 0.0, 0.0, 0.0, 0.0, 0.0, 0.0, 0.0, 0.0],[0, 0, 0, 0, 0, 0, 0, 0, 0, 0, 0, 0, 0, 0, 0, 0, 0, 0, 0, 0, 0, 0, 0, 0, 0, 0, 0, 0, 0, 0, 0, 0, 0, 0, 0, 0, 0, 0, 0, 0, 0, 0, 0, 0, 0, 0, 0, 0, 0, 0, 0, 0, 0, 0, 0, 0, 0, 0, 0, 0, 0, 0, 0, 0]
[0.0, 0.0, 0.0, 0.0, 0.0, 0.0, 0.0, 0.0, 0.0, 0.0, 0.0, 0.0, 0.0, 0.0, 0.0, 0.0, 0.0, 0.0, 0.0, 0.0, 0.0, 0.0, 1.0, 1.0, 0.0, 0.0, 0.0, 0.0, 1.0, 1.0, 0.0, 0.0, 0.0, 0.0, 0.0, 0.0, 0.0, 0.0, 0.0, 0.0, 0.0, 0.0, 0.0, 0.0, 0.0, 0.0, 0.0, 0.0, 0.0, 1.0, 1.0, 0.0, 0.0, 0.0, 0.0, 0.0, 0.0, 0.0, 0.0, 0.0, 1.0, 1.0, 1.0, 1.0, 1.0, 1.0, 0.0, 0.0, 0.0, 0.0, 0.0, 0.0, 0.0, 0.0, 0.0, 0.0, 0.0, 0.0, 0.0, 0.0, 0.0, 0.0, 0.0, 0.0, 0.0, 0.0, 0.0, 0.0, 0.0, 0.0, 0.0, 0.0, 0.0, 0.0, 0.0, 0.0, 0.0, 0.0, 0.0, 0.0, 0.0, 0.0, 0.0, 1.0, 1.0, 1.0, 1.0, 1.0, 1.0, 0.0, 0.0, 0.0, 0.0, 0.0, 0.0, 0.0, 0.0, 0.0, 0.0, 0.0, 0.0, 0.0, 0.0, 0.0, 0.0, 0.0, 0.0, 0.0, 0.0, 0.0, 0.0, 0.0, 0.0, 0.0, 0.0, 0.0, 1.0, 1.0, 0.0, 0.0, 0.0, 0.0, 0.0, 1.0, 1.0, 1.0, 0.0, 1.0, 0.0, 0.0, 0.20666666666666667, 0.5328571428555429, 0.0026312792526761984, 0.2733333333333333, 0.9857142857131771, 0.013183935106396216, 0.2733333333333333, 0.7942857142853571, 0.16085936063077083, 0.17333333333333334, 0.6357142857139657, 0.011228654554782082, 0.24666666666666667, 0.8671428571428357, 0.05056898528485491, 0.23333333333333334, 0.1571428571426, 0.0011782234176249621, 0.1, 0.22714285714277144, 0.027606723156936082, 0.2733333333333333, 0.6871428571427886, 0.06914648513962361, 0.31333333333333335, 0.80571428571348, 0.008997342461869073, 0.26, 0.7199999999997257, 0.009364639283831076, 0.24666666666666667, 0.9085714285711014, 0.029013954704440438, 0.32, 0.8542857142848, 0.04932790975647819, 0.24666666666666667, 0.5899999999998857, 0.0162896289467644, 0.26666666666666666, 0.5228571428571429, 0.022909483243557033, 0.2866666666666667, 0.95999999999962, 0.011717469252673777, 0.22666666666666666, 0.49714285714251427, 0.008953237841960728, 0.26666666666666666, 0.8799999999994286, 0.006248231983901149, 0.31333333333333335, 0.47714285714262855, 0.0048264204020447, 0.32666666666666666, 0.1799999999994, 0.0022493356154620193, 0.22, 0.6014285714285357, 0.1339149910866318, 0.32666666666666666, 0.19428571428525, 0.0032371390868055376, 0.31333333333333335, 0.6442857142856429, 0.010133253149417069, 0.10666666666666667, 0.41571428571408, 0.010490651384364433, 0.21333333333333335, 0.49142857142857144, 0.03377213929035598, 0.28, 0.80571428571384, 0.011746530436334314, 0.29333333333333333, 0.4742857142835429, 0.0014667384877461351, 0.2866666666666667, 0.39999999999934, 0.004882278855274617, 0.2866666666666667, 0.9399999999995485, 0.004461860398297855, 0.15333333333333332, 0.8057142857132743, 0.007150062004720215, 0.2733333333333333, 0.47428571428561145, 0.042499642035366055, 0.28, 0.26714285714232, 0.0025964553092095925, 0.3333333333333333, 0.28, 0.001285870193510074, 0.22666666666666666, 0.22999999999999715, 0.0165686355466282, 0.26666666666666666, 0.6185714285691428, 0.0016710137868781653, 0.0, 0.0, 0.0, 0.0, 0.0, 0.0, 0.0, 0.0, 0.0, 0.0, 0.0, 0.0, 0.0, 0.0, 0.0, 0.0, 0.0, 0.0, 0.0, 0.0, 0.0, 0.0, 0.0, 0.0, 0.0, 0.0, 0.0, 0.0, 0.0, 0.0, 0.0, 0.0, 0.0, 0.0, 0.0, 0.0, 0.0, 0.0, 0.0, 0.0, 0.0, 0.0, 0.0, 0.0, 0.0, 0.0, 0.0, 0.0, 0.0, 0.0, 0.0, 0.0, 0.0, 0.0, 0.0, 0.0, 0.0, 0.0, 0.0, 0.0, 0.0, 0.0, 0.0, 0.0, 0.0, 0.0, 0.0, 0.0, 0.0, 0.0, 0.0, 0.0, 0.0, 0.0, 0.0, 0.0, 0.0, 0.0, 0.0, 0.0, 0.0, 0.0, 0.0, 0.0, 0.0, 0.0, 0.0, 0.0, 0.0, 0.0],[0, 0, 0, 0, 0, 0, 1, 0, 0, 0, 0, 0, 0, 0, 0, 0, 0, 0, 0, 0, 0, 0, 0, 0, 0, 0, 0, 0, 0, 0, 0, 0, 0, 0, 0, 0, 0, 0, 0, 0, 0, 0, 0, 0, 0, 0, 0, 0, 0, 0, 0, 0, 0, 0, 0, 0, 0, 0, 0, 0, 0, 0, 0, 0]
[0.0, 0.0, 0.0, 0.0, 0.0, 0.0, 0.0, 0.0, 0.0, 0.0, 0.0, 0.0, 0.0, 0.0, 0.0, 0.0, 0.0, 0.0, 0.0, 0.0, 0.0, 0.0, 0.0, 0.0, 0.0, 0.0, 0.0, 0.0, 0.0, 0.0, 0.0, 0.0, 0.0, 0.0, 0.0, 0.0, 0.0, 0.0, 0.0, 0.0, 0.0, 0.0, 0.0, 0.0, 0.0, 0.0, 0.0, 0.0, 0.0, 0.0, 0.0, 0.0, 0.0, 0.0, 0.0, 0.0, 0.0, 0.0, 0.0, 0.0, 0.0, 0.0, 0.0, 0.0, 0.0, 0.0, 0.0, 0.0, 0.0, 0.0, 0.0, 0.0, 0.0, 0.0, 0.0, 0.0, 0.0, 0.0, 0.0, 0.0, 0.0, 0.0, 0.0, 0.0, 0.0, 0.0, 0.0, 0.0, 0.0, 0.0, 0.0, 0.0, 0.0, 0.0, 0.0, 0.0, 0.0, 0.0, 0.0, 0.0, 0.0, 0.0, 0.0, 0.0, 0.0, 0.0, 1.0, 1.0, 1.0, 0.0, 0.0, 0.0, 0.0, 0.0, 0.0, 0.0, 0.0, 0.0, 0.0, 0.0, 0.0, 0.0, 0.0, 0.0, 0.0, 0.0, 0.0, 0.0, 0.0, 0.0, 0.0, 0.0, 0.0, 0.0, 0.0, 0.0, 1.0, 1.0, 0.0, 0.0, 0.0, 0.0, 0.0, 1.0, 1.0, 1.0, 0.0, 1.0, 0.0, 0.0, 0.20666666666666667, 0.5328571428555429, 0.0026312792526761984, 0.2733333333333333, 0.9857142857131771, 0.013183935106396216, 0.2733333333333333, 0.7942857142853571, 0.16085936063077083, 0.17333333333333334, 0.6357142857139657, 0.011228654554782082, 0.24666666666666667, 0.8671428571428357, 0.05056898528485491, 0.23333333333333334, 0.1571428571426, 0.0011782234176249621, 0.2733333333333333, 0.6871428571427886, 0.06914648513962361, 0.31333333333333335, 0.80571428571348, 0.008997342461869073, 0.26, 0.7199999999997257, 0.009364639283831076, 0.24666666666666667, 0.9085714285711014, 0.029013954704440438, 0.32, 0.8542857142848, 0.04932790975647819, 0.24666666666666667, 0.5899999999998857, 0.0162896289467644, 0.26666666666666666, 0.5228571428571429, 0.022909483243557033, 0.2866666666666667, 0.95999999999962, 0.011717469252673777, 0.22666666666666666, 0.49714285714251427, 0.008953237841960728, 0.26666666666666666, 0.8799999999994286, 0.006248231983901149, 0.31333333333333335, 0.47714285714262855, 0.0048264204020447, 0.32666666666666666, 0.1799999999994, 0.0022493356154620193, 0.22, 0.6014285714285357, 0.1339149910866318, 0.32666666666666666, 0.19428571428525, 0.0032371390868055376, 0.31333333333333335, 0.6442857142856429, 0.010133253149417069, 0.10666666666666667, 0.41571428571408, 0.010490651384364433, 0.21333333333333335, 0.49142857142857144, 0.03377213929035598, 0.28, 0.80571428571384, 0.011746530436334314, 0.29333333333333333, 0.4742857142835429, 0.0014667384877461351, 0.2866666666666667, 0.39999999999934, 0.004882278855274617, 0.2866666666666667, 0.9399999999995485, 0.004461860398297855, 0.15333333333333332, 0.8057142857132743, 0.007150062004720215, 0.2733333333333333, 0.47428571428561145, 0.042499642035366055, 0.28, 0.26714285714232, 0.0025964553092095925, 0.3333333333333333, 0.28, 0.001285870193510074, 0.22666666666666666, 0.22999999999999715, 0.0165686355466282, 0.26666666666666666, 0.6185714285691428, 0.0016710137868781653, 0.0, 0.0, 0.0, 0.0, 0.0, 0.0, 0.0, 0.0, 0.0, 0.0, 0.0, 0.0, 0.0, 0.0, 0.0, 0.0, 0.0, 0.0, 0.0, 0.0, 0.0, 0.0, 0.0, 0.0, 0.0, 0.0, 0.0, 0.0, 0.0, 0.0, 0.0, 0.0, 0.0, 0.0, 0.0, 0.0, 0.0, 0.0, 0.0, 0.0, 0.0, 0.0, 0.0, 0.0, 0.0, 0.0, 0.0, 0.0, 0.0, 0.0, 0.0, 0.0, 0.0, 0.0, 0.0, 0.0, 0.0, 0.0, 0.0, 0.0, 0.0, 0.0, 0.0, 0.0, 0.0, 0.0, 0.0, 0.0, 0.0, 0.0, 0.0, 0.0, 0.0, 0.0, 0.0, 0.0, 0.0, 0.0, 0.0, 0.0, 0.0, 0.0, 0.0, 0.0, 0.0, 0.0, 0.0, 0.0, 0.0, 0.0, 0.0, 0.0, 0.0],[0, 0, 0, 0, 0, 0, 0, 0, 0, 0, 0, 0, 0, 0, 0, 0, 0, 0, 0, 0, 0, 0, 0, 0, 0, 0, 0, 0, 0, 0, 0, 0, 0, 0, 0, 0, 0, 0, 0, 0, 0, 0, 0, 0, 0, 0, 0, 0, 0, 0, 0, 0, 0, 0, 0, 0, 0, 0, 0, 0, 0, 0, 0, 0]
[0.0, 0.0, 0.0, 0.0, 0.0, 0.0, 0.0, 0.0, 0.0, 0.0, 0.0, 0.0, 0.0, 0.0, 0.0, 0.0, 0.0, 0.0, 0.0, 0.0, 0.0, 0.0, 0.0, 0.0, 0.0, 0.0, 0.0, 0.0, 0.0, 0.0, 1.0, 0.0, 0.0, 0.0, 0.0, 0.0, 0.0, 0.0, 0.0, 0.0, 0.0, 0.0, 0.0, 0.0, 0.0, 0.0, 0.0, 0.0, 0.0, 0.0, 0.0, 0.0, 0.0, 0.0, 0.0, 0.0, 0.0, 0.0, 0.0, 0.0, 0.0, 0.0, 0.0, 0.0, 0.0, 0.0, 0.0, 0.0, 0.0, 0.0, 1.0, 1.0, 1.0, 1.0, 1.0, 1.0, 1.0, 1.0, 1.0, 1.0, 1.0, 0.0, 0.0, 0.0, 0.0, 0.0, 0.0, 0.0, 0.0, 0.0, 1.0, 1.0, 1.0, 1.0, 1.0, 1.0, 1.0, 1.0, 1.0, 1.0, 1.0, 1.0, 1.0, 0.0, 0.0, 0.0, 1.0, 1.0, 1.0, 0.0, 0.0, 0.0, 0.0, 0.0, 0.0, 0.0, 0.0, 0.0, 0.0, 0.0, 0.0, 0.0, 0.0, 0.0, 0.0, 0.0, 0.0, 0.0, 0.0, 0.0, 0.0, 0.0, 0.0, 0.0, 0.0, 0.0, 1.0, 1.0, 1.0, 1.0, 0.0, 0.0, 0.0, 1.0, 1.0, 1.0, 0.0, 1.0, 0.0, 0.0, 0.20666666666666667, 0.5328571428555429, 0.0026312792526761984, 0.2733333333333333, 0.9857142857131771, 0.013183935106396216, 0.2733333333333333, 0.7942857142853571, 0.16085936063077083, 0.17333333333333334, 0.6357142857139657, 0.011228654554782082, 0.24666666666666667, 0.8671428571428357, 0.05056898528485491, 0.23333333333333334, 0.1571428571426, 0.0011782234176249621, 0.2733333333333333, 0.6871428571427886, 0.06914648513962361, 0.31333333333333335, 0.80571428571348, 0.008997342461869073, 0.26, 0.7199999999997257, 0.009364639283831076, 0.24666666666666667, 0.9085714285711014, 0.029013954704440438, 0.32, 0.8542857142848, 0.04932790975647819, 0.24666666666666667, 0.5899999999998857, 0.0162896289467644, 0.26666666666666666, 0.5228571428571429, 0.022909483243557033, 0.2866666666666667, 0.95999999999962, 0.011717469252673777, 0.22666666666666666, 0.49714285714251427, 0.008953237841960728, 0.26666666666666666, 0.8799999999994286, 0.006248231983901149, 0.31333333333333335, 0.47714285714262855, 0.0048264204020447, 0.32666666666666666, 0.1799999999994, 0.0022493356154620193, 0.22, 0.6014285714285357, 0.1339149910866318, 0.32666666666666666, 0.19428571428525, 0.0032371390868055376, 0.31333333333333335, 0.6442857142856429, 0.010133253149417069, 0.10666666666666667, 0.41571428571408, 0.010490651384364433, 0.21333333333333335, 0.49142857142857144, 0.03377213929035598, 0.28, 0.80571428571384, 0.011746530436334314, 0.29333333333333333, 0.4742857142835429, 0.0014667384877461351, 0.2866666666666667, 0.39999999999934, 0.004882278855274617, 0.2866666666666667, 0.9399999999995485, 0.004461860398297855, 0.15333333333333332, 0.8057142857132743, 0.007150062004720215, 0.2733333333333333, 0.47428571428561145, 0.042499642035366055, 0.28, 0.26714285714232, 0.0025964553092095925, 0.3333333333333333, 0.28, 0.001285870193510074, 0.22666666666666666, 0.22999999999999715, 0.0165686355466282, 0.26666666666666666, 0.6185714285691428, 0.0016710137868781653, 0.08666666666666667, 0.45857142857126715, 0.019937897940663613, 0.0, 0.0, 0.0, 0.0, 0.0, 0.0, 0.0, 0.0, 0.0, 0.0, 0.0, 0.0, 0.0, 0.0, 0.0, 0.0, 0.0, 0.0, 0.0, 0.0, 0.0, 0.0, 0.0, 0.0, 0.0, 0.0, 0.0, 0.0, 0.0, 0.0, 0.0, 0.0, 0.0, 0.0, 0.0, 0.0, 0.0, 0.0, 0.0, 0.0, 0.0, 0.0, 0.0, 0.0, 0.0, 0.0, 0.0, 0.0, 0.0, 0.0, 0.0, 0.0, 0.0, 0.0, 0.0, 0.0, 0.0, 0.0, 0.0, 0.0, 0.0, 0.0, 0.0, 0.0, 0.0, 0.0, 0.0, 0.0, 0.0, 0.0, 0.0, 0.0, 0.0, 0.0, 0.0, 0.0, 0.0, 0.0, 0.0, 0.0, 0.0, 0.0, 0.0, 0.0, 0.0, 0.0, 0.0, 0.0, 0.0, 0.0],[1, 0, 0, 0, 0, 0, 0, 0, 0, 0, 0, 0, 0, 0, 0, 0, 0, 0, 0, 0, 0, 0, 0, 0, 0, 0, 0, 0, 0, 0, 0, 0, 0, 0, 0, 0, 0, 0, 0, 0, 0, 0, 0, 0, 0, 0, 0, 0, 0, 0, 0, 0, 0, 0, 0, 0, 0, 0, 0, 0, 0, 0, 0, 0]
[0.0, 0.0, 0.0, 0.0, 0.0, 0.0, 0.0, 0.0, 0.0, 0.0, 0.0, 0.0, 0.0, 0.0, 0.0, 0.0, 0.0, 0.0, 0.0, 0.0, 0.0, 0.0, 0.0, 0.0, 0.0, 0.0, 0.0, 0.0, 0.0, 0.0, 0.0, 0.0, 0.0, 0.0, 0.0, 0.0, 0.0, 0.0, 0.0, 0.0, 0.0, 0.0, 0.0, 0.0, 0.0, 0.0, 0.0, 0.0, 0.0, 0.0, 0.0, 0.0, 0.0, 0.0, 0.0, 0.0, 0.0, 0.0, 0.0, 0.0, 0.0, 0.0, 0.0, 0.0, 0.0, 0.0, 0.0, 0.0, 0.0, 0.0, 0.0, 0.0, 0.0, 0.0, 0.0, 0.0, 0.0, 0.0, 0.0, 0.0, 0.0, 0.0, 0.0, 0.0, 0.0, 0.0, 0.0, 0.0, 0.0, 0.0, 0.0, 0.0, 0.0, 0.0, 0.0, 0.0, 0.0, 0.0, 0.0, 0.0, 0.0, 0.0, 0.0, 0.0, 0.0, 0.0, 0.0, 0.0, 0.0, 0.0, 0.0, 0.0, 0.0, 0.0, 0.0, 0.0, 0.0, 0.0, 0.0, 0.0, 0.0, 0.0, 0.0, 0.0, 0.0, 0.0, 0.0, 0.0, 0.0, 0.0, 0.0, 0.0, 0.0, 0.0, 0.0, 0.0, 0.0, 0.0, 0.0, 1.0, 0.0, 0.0, 0.0, 1.0, 1.0, 1.0, 0.0, 1.0, 0.0, 0.0, 0.2733333333333333, 0.9857142857131771, 0.013183935106396216, 0.2733333333333333, 0.7942857142853571, 0.16085936063077083, 0.17333333333333334, 0.6357142857139657, 0.011228654554782082, 0.24666666666666667, 0.8671428571428357, 0.05056898528485491, 0.23333333333333334, 0.1571428571426, 0.0011782234176249621, 0.2733333333333333, 0.6871428571427886, 0.06914648513962361, 0.31333333333333335, 0.80571428571348, 0.008997342461869073, 0.26, 0.7199999999997257, 0.009364639283831076, 0.24666666666666667, 0.9085714285711014, 0.029013954704440438, 0.32, 0.8542857142848, 0.04932790975647819, 0.24666666666666667, 0.5899999999998857, 0.0162896289467644, 0.26666666666666666, 0.5228571428571429, 0.022909483243557033, 0.2866666666666667, 0.95999999999962, 0.011717469252673777, 0.22666666666666666, 0.49714285714251427, 0.008953237841960728, 0.26666666666666666, 0.8799999999994286, 0.006248231983901149, 0.31333333333333335, 0.47714285714262855, 0.0048264204020447, 0.32666666666666666, 0.1799999999994, 0.0022493356154620193, 0.22, 0.6014285714285357, 0.1339149910866318, 0.32666666666666666, 0.19428571428525, 0.0032371390868055376, 0.31333333333333335, 0.6442857142856429, 0.010133253149417069, 0.10666666666666667, 0.41571428571408, 0.010490651384364433, 0.21333333333333335, 0.49142857142857144, 0.03377213929035598, 0.28, 0.80571428571384, 0.011746530436334314, 0.29333333333333333, 0.4742857142835429, 0.0014667384877461351, 0.2866666666666667, 0.39999999999934, 0.004882278855274617, 0.2866666666666667, 0.9399999999995485, 0.004461860398297855, 0.15333333333333332, 0.8057142857132743, 0.007150062004720215, 0.2733333333333333, 0.47428571428561145, 0.042499642035366055, 0.28, 0.26714285714232, 0.0025964553092095925, 0.3333333333333333, 0.28, 0.001285870193510074, 0.22666666666666666, 0.22999999999999715, 0.0165686355466282, 0.26666666666666666, 0.6185714285691428, 0.0016710137868781653, 0.08666666666666667, 0.45857142857126715, 0.019937897940663613, 0.0, 0.0, 0.0, 0.0, 0.0, 0.0, 0.0, 0.0, 0.0, 0.0, 0.0, 0.0, 0.0, 0.0, 0.0, 0.0, 0.0, 0.0, 0.0, 0.0, 0.0, 0.0, 0.0, 0.0, 0.0, 0.0, 0.0, 0.0, 0.0, 0.0, 0.0, 0.0, 0.0, 0.0, 0.0, 0.0, 0.0, 0.0, 0.0, 0.0, 0.0, 0.0, 0.0, 0.0, 0.0, 0.0, 0.0, 0.0, 0.0, 0.0, 0.0, 0.0, 0.0, 0.0, 0.0, 0.0, 0.0, 0.0, 0.0, 0.0, 0.0, 0.0, 0.0, 0.0, 0.0, 0.0, 0.0, 0.0, 0.0, 0.0, 0.0, 0.0, 0.0, 0.0, 0.0, 0.0, 0.0, 0.0, 0.0, 0.0, 0.0, 0.0, 0.0, 0.0, 0.0, 0.0, 0.0, 0.0, 0.0, 0.0, 0.0, 0.0, 0.0],[0, 0, 0, 0, 0, 0, 0, 0, 0, 0, 0, 0, 0, 0, 0, 0, 0, 0, 0, 0, 0, 0, 0, 0, 0, 0, 0, 0, 0, 0, 0, 0, 0, 0, 0, 0, 0, 0, 0, 0, 0, 0, 0, 0, 0, 0, 0, 0, 0, 0, 0, 0, 0, 0, 0, 0, 0, 0, 0, 0, 0, 0, 0, 0]
[0.0, 0.0, 0.0, 0.0, 0.0, 0.0, 0.0, 0.0, 0.0, 1.0, 1.0, 1.0, 1.0, 1.0, 1.0, 1.0, 0.0, 0.0, 0.0, 0.0, 0.0, 0.0, 0.0, 0.0, 1.0, 1.0, 1.0, 1.0, 0.0, 0.0, 0.0, 1.0, 1.0, 1.0, 1.0, 1.0, 1.0, 1.0, 1.0, 1.0, 1.0, 1.0, 1.0, 1.0, 1.0, 1.0, 1.0, 1.0, 1.0, 0.0, 0.0, 0.0, 0.0, 0.0, 0.0, 0.0, 0.0, 0.0, 0.0, 0.0, 0.0, 0.0, 0.0, 0.0, 0.0, 0.0, 0.0, 0.0, 0.0, 0.0, 0.0, 0.0, 0.0, 0.0, 0.0, 0.0, 0.0, 0.0, 0.0, 0.0, 0.0, 0.0, 0.0, 0.0, 0.0, 0.0, 0.0, 0.0, 0.0, 0.0, 0.0, 0.0, 0.0, 0.0, 0.0, 0.0, 0.0, 0.0, 0.0, 0.0, 0.0, 0.0, 0.0, 0.0, 0.0, 0.0, 0.0, 0.0, 0.0, 0.0, 0.0, 0.0, 0.0, 0.0, 0.0, 0.0, 0.0, 0.0, 0.0, 0.0, 0.0, 0.0, 0.0, 0.0, 0.0, 0.0, 0.0, 0.0, 0.0, 0.0, 0.0, 0.0, 0.0, 0.0, 0.0, 0.0, 0.0, 0.0, 0.0, 1.0, 0.0, 0.0, 0.0, 1.0, 1.0, 1.0, 0.0, 1.0, 0.0, 0.0, 0.2733333333333333, 0.9857142857131771, 0.013183935106396216, 0.2733333333333333, 0.7942857142853571, 0.16085936063077083, 0.17333333333333334, 0.6357142857139657, 0.011228654554782082, 0.24666666666666667, 0.8671428571428357, 0.05056898528485491, 0.23333333333333334, 0.1571428571426, 0.0011782234176249621, 0.2733333333333333, 0.6871428571427886, 0.06914648513962361, 0.31333333333333335, 0.80571428571348, 0.008997342461869073, 0.26, 0.7199999999997257, 0.009364639283831076, 0.24666666666666667, 0.9085714285711014, 0.029013954704440438, 0.32, 0.8542857142848, 0.04932790975647819, 0.24666666666666667, 0.5899999999998857, 0.0162896289467644, 0.26666666666666666, 0.5228571428571429, 0.022909483243557033, 0.2866666666666667, 0.95999999999962, 0.011717469252673777, 0.22666666666666666, 0.49714285714251427, 0.008953237841960728, 0.26666666666666666, 0.8799999999994286, 0.006248231983901149, 0.31333333333333335, 0.47714285714262855, 0.0048264204020447, 0.32666666666666666, 0.1799999999994, 0.0022493356154620193, 0.22, 0.6014285714285357, 0.1339149910866318, 0.32666666666666666, 0.19428571428525, 0.0032371390868055376, 0.13333333333333333, 0.32, 0.005878263741760339, 0.31333333333333335, 0.6442857142856429, 0.010133253149417069, 0.10666666666666667, 0.41571428571408, 0.010490651384364433, 0.21333333333333335, 0.49142857142857144, 0.03377213929035598, 0.28, 0.80571428571384, 0.011746530436334314, 0.29333333333333333, 0.4742857142835429, 0.0014667384877461351, 0.2866666666666667, 0.39999999999934, 0.004882278855274617, 0.2866666666666667, 0.9399999999995485, 0.004461860398297855, 0.15333333333333332, 0.8057142857132743, 0.007150062004720215, 0.2733333333333333, 0.47428571428561145, 0.042499642035366055, 0.28, 0.26714285714232, 0.0025964553092095925, 0.3333333333333333, 0.28, 0.001285870193510074, 0.22666666666666666, 0.22999999999999715, 0.0165686355466282, 0.26666666666666666, 0.6185714285691428, 0.0016710137868781653, 0.08666666666666667, 0.45857142857126715, 0.019937897940663613, 0.0, 0.0, 0.0, 0.0, 0.0, 0.0, 0.0, 0.0, 0.0, 0.0, 0.0, 0.0, 0.0, 0.0, 0.0, 0.0, 0.0, 0.0, 0.0, 0.0, 0.0, 0.0, 0.0, 0.0, 0.0, 0.0, 0.0, 0.0, 0.0, 0.0, 0.0, 0.0, 0.0, 0.0, 0.0, 0.0, 0.0, 0.0, 0.0, 0.0, 0.0, 0.0, 0.0, 0.0, 0.0, 0.0, 0.0, 0.0, 0.0, 0.0, 0.0, 0.0, 0.0, 0.0, 0.0, 0.0, 0.0, 0.0, 0.0, 0.0, 0.0, 0.0, 0.0, 0.0, 0.0, 0.0, 0.0, 0.0, 0.0, 0.0, 0.0, 0.0, 0.0, 0.0, 0.0, 0.0, 0.0, 0.0, 0.0, 0.0, 0.0, 0.0, 0.0, 0.0, 0.0, 0.0, 0.0, 0.0, 0.0, 0.0],[0, 0, 1, 0, 0, 0, 0, 0, 0, 0, 0, 0, 0, 0, 0, 0, 0, 0, 0, 0, 0, 0, 0, 0, 0, 0, 0, 0, 0, 0, 0, 0, 0, 0, 0, 0, 0, 0, 0, 0, 0, 0, 0, 0, 0, 0, 0, 0, 0, 0, 0, 0, 0, 0, 0, 0, 0, 0, 0, 0, 0, 0, 0, 0]
[0.0, 0.0, 0.0, 0.0, 0.0, 0.0, 0.0, 0.0, 0.0, 0.0, 0.0, 0.0, 0.0, 0.0, 0.0, 0.0, 0.0, 0.0, 0.0, 0.0, 0.0, 0.0, 0.0, 0.0, 0.0, 0.0, 0.0, 0.0, 0.0, 0.0, 0.0, 0.0, 0.0, 0.0, 0.0, 0.0, 0.0, 0.0, 0.0, 0.0, 0.0, 0.0, 0.0, 0.0, 0.0, 0.0, 1.0, 1.0, 1.0, 0.0, 0.0, 0.0, 0.0, 0.0, 0.0, 0.0, 0.0, 0.0, 0.0, 0.0, 0.0, 0.0, 0.0, 0.0, 0.0, 0.0, 0.0, 0.0, 0.0, 0.0, 0.0, 0.0, 0.0, 0.0, 0.0, 0.0, 0.0, 0.0, 0.0, 0.0, 0.0, 0.0, 0.0, 0.0, 0.0, 0.0, 0.0, 0.0, 0.0, 0.0, 0.0, 0.0, 0.0, 0.0, 0.0, 0.0, 0.0, 0.0, 0.0, 0.0, 0.0, 0.0, 0.0, 0.0, 0.0, 0.0, 0.0, 0.0, 0.0, 0.0, 0.0, 0.0, 0.0, 0.0, 0.0, 0.0, 0.0, 0.0, 0.0, 0.0, 0.0, 0.0, 0.0, 0.0, 0.0, 0.0, 0.0, 0.0, 0.0, 0.0, 0.0, 0.0, 0.0, 0.0, 0.0, 0.0, 0.0, 0.0, 0.0, 1.0, 0.0, 0.0, 0.0, 1.0, 1.0, 1.0, 0.0, 1.0, 0.0, 0.0, 0.2733333333333333, 0.9857142857131771, 0.013183935106396216, 0.2733333333333333, 0.7942857142853571, 0.16085936063077083, 0.24666666666666667, 0.8671428571428357, 0.05056898528485491, 0.23333333333333334, 0.1571428571426, 0.0011782234176249621, 0.2733333333333333, 0.6871428571427886, 0.06914648513962361, 0.31333333333333335, 0.80571428571348, 0.008997342461869073, 0.26, 0.7199999999997257, 0.009364639283831076, 0.24666666666666667, 0.9085714285711014, 0.029013954704440438, 0.32, 0.8542857142848, 0.04932790975647819, 0.24666666666666667, 0.5899999999998857, 0.0162896289467644, 0.26666666666666666, 0.5228571428571429, 0.022909483243557033, 0.2866666666666667, 0.95999999999962, 0.011717469252673777, 0.22666666666666666, 0.49714285714251427, 0.008953237841960728, 0.26666666666666666, 0.8799999999994286, 0.006248231983901149, 0.31333333333333335, 0.47714285714262855, 0.0048264204020447, 0.32666666666666666, 0.1799999999994, 0.0022493356154620193, 0.22, 0.6014285714285357, 0.1339149910866318, 0.32666666666666666, 0.19428571428525, 0.0032371390868055376, 0.13333333333333333, 0.32, 0.005878263741760339, 0.31333333333333335, 0.6442857142856429, 0.010133253149417069, 0.10666666666666667, 0.41571428571408, 0.010490651384364433, 0.21333333333333335, 0.49142857142857144, 0.03377213929035598, 0.28, 0.80571428571384, 0.011746530436334314, 0.29333333333333333, 0.4742857142835429, 0.0014667384877461351, 0.2866666666666667, 0.39999999999934, 0.004882278855274617, 0.2866666666666667, 0.9399999999995485, 0.004461860398297855, 0.15333333333333332, 0.8057142857132743, 0.007150062004720215, 0.2733333333333333, 0.47428571428561145, 0.042499642035366055, 0.28, 0.26714285714232, 0.0025964553092095925, 0.3333333333333333, 0.28, 0.001285870193510074, 0.22666666666666666, 0.22999999999999715, 0.0165686355466282, 0.26666666666666666, 0.6185714285691428, 0.0016710137868781653, 0.08666666666666667, 0.45857142857126715, 0.019937897940663613, 0.0, 0.0, 0.0, 0.0, 0.0, 0.0, 0.0, 0.0, 0.0, 0.0, 0.0, 0.0, 0.0, 0.0, 0.0, 0.0, 0.0, 0.0, 0.0, 0.0, 0.0, 0.0, 0.0, 0.0, 0.0, 0.0, 0.0, 0.0, 0.0, 0.0, 0.0, 0.0, 0.0, 0.0, 0.0, 0.0, 0.0, 0.0, 0.0, 0.0, 0.0, 0.0, 0.0, 0.0, 0.0, 0.0, 0.0, 0.0, 0.0, 0.0, 0.0, 0.0, 0.0, 0.0, 0.0, 0.0, 0.0, 0.0, 0.0, 0.0, 0.0, 0.0, 0.0, 0.0, 0.0, 0.0, 0.0, 0.0, 0.0, 0.0, 0.0, 0.0, 0.0, 0.0, 0.0, 0.0, 0.0, 0.0, 0.0, 0.0, 0.0, 0.0, 0.0, 0.0, 0.0, 0.0, 0.0, 0.0, 0.0, 0.0, 0.0, 0.0, 0.0],[0, 0, 0, 0, 0, 0, 0, 0, 0, 0, 0, 0, 0, 0, 0, 0, 0, 0, 0, 0, 0, 0, 0, 0, 0, 0, 0, 0, 0, 0, 0, 0, 0, 0, 0, 0, 0, 0, 0, 0, 0, 0, 0, 0, 0, 0, 0, 0, 0, 0, 0, 0, 0, 0, 0, 0, 0, 0, 0, 0, 0, 0, 0, 0]
[0.0, 0.0, 0.0, 0.0, 0.0, 0.0, 0.0, 0.0, 0.0, 0.0, 0.0, 0.0, 0.0, 0.0, 0.0, 0.0, 0.0, 0.0, 0.0, 0.0, 0.0, 0.0, 1.0, 1.0, 0.0, 0.0, 0.0, 0.0, 1.0, 1.0, 0.0, 0.0, 0.0, 0.0, 0.0, 0.0, 0.0, 0.0, 0.0, 0.0, 0.0, 0.0, 0.0, 0.0, 0.0, 0.0, 1.0, 1.0, 1.0, 1.0, 1.0, 0.0, 0.0, 0.0, 0.0, 0.0, 0.0, 0.0, 0.0, 0.0, 1.0, 1.0, 1.0, 1.0, 1.0, 1.0, 0.0, 0.0, 0.0, 0.0, 0.0, 0.0, 0.0, 0.0, 0.0, 0.0, 0.0, 0.0, 0.0, 0.0, 0.0, 0.0, 0.0, 0.0, 0.0, 0.0, 0.0, 0.0, 0.0, 0.0, 0.0, 0.0, 0.0, 0.0, 0.0, 0.0, 0.0, 0.0, 0.0, 0.0, 0.0, 0.0, 0.0, 1.0, 1.0, 1.0, 0.0, 0.0, 0.0, 0.0, 0.0, 0.0, 0.0, 0.0, 0.0, 0.0, 0.0, 0.0, 0.0, 0.0, 0.0, 0.0, 0.0, 0.0, 0.0, 0.0, 0.0, 0.0, 0.0, 0.0, 0.0, 0.0, 0.0, 0.0, 0.0, 0.0, 0.0, 0.0, 0.0, 1.0, 0.0, 0.0, 0.0, 1.0, 1.0, 1.0, 0.0, 1.0, 0.0, 0.0, 0.2733333333333333, 0.9857142857131771, 0.013183935106396216, 0.2733333333333333, 0.7942857142853571, 0.16085936063077083, 0.24666666666666667, 0.8671428571428357, 0.05056898528485491, 0.23333333333333334, 0.1571428571426, 0.0011782234176249621, 0.2733333333333333, 0.6871428571427886, 0.06914648513962361, 0.31333333333333335, 0.80571428571348, 0.008997342461869073, 0.26, 0.7199999999997257, 0.009364639283831076, 0.24666666666666667, 0.9085714285711014, 0.029013954704440438, 0.32, 0.8542857142848, 0.04932790975647819, 0.24666666666666667, 0.5899999999998857, 0.0162896289467644, 0.26666666666666666, 0.5228571428571429, 0.022909483243557033, 0.2866666666666667, 0.95999999999962, 0.011717469252673777, 0.22666666666666666, 0.49714285714251427, 0.008953237841960728, 0.26666666666666666, 0.8799999999994286, 0.006248231983901149, 0.31333333333333335, 0.47714285714262855, 0.0048264204020447, 0.32666666666666666, 0.1799999999994, 0.0022493356154620193, 0.22, 0.6014285714285357, 0.1339149910866318, 0.32666666666666666, 0.19428571428525, 0.0032371390868055376, 0.13333333333333333, 0.32, 0.005878263741760339, 0.31333333333333335, 0.6442857142856429, 0.010133253149417069, 0.10666666666666667, 0.41571428571408, 0.010490651384364433, 0.21333333333333335, 0.49142857142857144, 0.03377213929035598, 0.28, 0.80571428571384, 0.011746530436334314, 0.29333333333333333, 0.4742857142835429, 0.0014667384877461351, 0.2866666666666667, 0.39999999999934, 0.004882278855274617, 0.20666666666666667, 0.6014285714285571, 0.04751822264364523, 0.2866666666666667, 0.9399999999995485, 0.004461860398297855, 0.15333333333333332, 0.8057142857132743, 0.007150062004720215, 0.2733333333333333, 0.47428571428561145, 0.042499642035366055, 0.28, 0.26714285714232, 0.0025964553092095925, 0.3333333333333333, 0.28, 0.001285870193510074, 0.22666666666666666, 0.22999999999999715, 0.0165686355466282, 0.26666666666666666, 0.6185714285691428, 0.0016710137868781653, 0.08666666666666667, 0.45857142857126715, 0.019937897940663613, 0.0, 0.0, 0.0, 0.0, 0.0, 0.0, 0.0, 0.0, 0.0, 0.0, 0.0, 0.0, 0.0, 0.0, 0.0, 0.0, 0.0, 0.0, 0.0, 0.0, 0.0, 0.0, 0.0, 0.0, 0.0, 0.0, 0.0, 0.0, 0.0, 0.0, 0.0, 0.0, 0.0, 0.0, 0.0, 0.0, 0.0, 0.0, 0.0, 0.0, 0.0, 0.0, 0.0, 0.0, 0.0, 0.0, 0.0, 0.0, 0.0, 0.0, 0.0, 0.0, 0.0, 0.0, 0.0, 0.0, 0.0, 0.0, 0.0, 0.0, 0.0, 0.0, 0.0, 0.0, 0.0, 0.0, 0.0, 0.0, 0.0, 0.0, 0.0, 0.0, 0.0, 0.0, 0.0, 0.0, 0.0, 0.0, 0.0, 0.0, 0.0, 0.0, 0.0, 0.0, 0.0, 0.0, 0.0, 0.0, 0.0, 0.0],[0, 0, 0, 0, 0, 0, 0, 0, 0, 0, 0, 0, 0, 0, 0, 0, 0, 0, 1, 0, 0, 0, 0, 0, 0, 0, 0, 0, 0, 0, 0, 0, 0, 0, 0, 0, 0, 0, 0, 0, 0, 0, 0, 0, 0, 0, 0, 0, 0, 0, 0, 0, 0, 0, 0, 0, 0, 0, 0, 0, 0, 0, 0, 0]
[0.0, 0.0, 0.0, 0.0, 0.0, 0.0, 0.0, 0.0, 0.0, 0.0, 0.0, 0.0, 0.0, 0.0, 0.0, 0.0, 0.0, 0.0, 0.0, 0.0, 0.0, 0.0, 0.0, 0.0, 0.0, 0.0, 0.0, 0.0, 0.0, 0.0, 0.0, 0.0, 0.0, 0.0, 0.0, 0.0, 0.0, 0.0, 0.0, 0.0, 0.0, 0.0, 0.0, 0.0, 0.0, 0.0, 0.0, 0.0, 0.0, 0.0, 0.0, 0.0, 0.0, 0.0, 0.0, 0.0, 0.0, 0.0, 0.0, 0.0, 0.0, 0.0, 0.0, 0.0, 0.0, 0.0, 0.0, 0.0, 0.0, 0.0, 0.0, 0.0, 0.0, 0.0, 0.0, 0.0, 0.0, 0.0, 0.0, 0.0, 0.0, 0.0, 0.0, 0.0, 0.0, 0.0, 0.0, 0.0, 0.0, 0.0, 0.0, 0.0, 0.0, 0.0, 0.0, 0.0, 0.0, 0.0, 0.0, 0.0, 0.0, 0.0, 0.0, 0.0, 0.0, 0.0, 0.0, 0.0, 0.0, 0.0, 0.0, 0.0, 0.0, 0.0, 0.0, 0.0, 0.0, 0.0, 0.0, 0.0, 0.0, 0.0, 0.0, 0.0, 0.0, 0.0, 0.0, 0.0, 0.0, 0.0, 0.0, 0.0, 0.0, 0.0, 0.0, 0.0, 0.0, 0.0, 0.0, 0.0, 0.0, 0.0, 0.0, 0.0, 1.0, 1.0, 0.0, 1.0, 0.0, 0.0, 0.2733333333333333, 0.9857142857131771, 0.013183935106396216, 0.2733333333333333, 0.7942857142853571, 0.16085936063077083, 0.24666666666666667, 0.8671428571428357, 0.05056898528485491, 0.23333333333333334, 0.1571428571426, 0.0011782234176249621, 0.2733333333333333, 0.6871428571427886, 0.06914648513962361, 0.31333333333333335, 0.80571428571348, 0.008997342461869073, 0.26, 0.7199999999997257, 0.009364639283831076, 0.24666666666666667, 0.9085714285711014, 0.029013954704440438, 0.32, 0.8542857142848, 0.04932790975647819, 0.24666666666666667, 0.5899999999998857, 0.0162896289467644, 0.26666666666666666, 0.5228571428571429, 0.022909483243557033, 0.2866666666666667, 0.95999999999962, 0.011717469252673777, 0.22666666666666666, 0.49714285714251427, 0.008953237841960728, 0.26666666666666666, 0.8799999999994286, 0.006248231983901149, 0.31333333333333335, 0.47714285714262855, 0.0048264204020447, 0.32666666666666666, 0.1799999999994, 0.0022493356154620193, 0.22, 0.6014285714285357, 0.1339149910866318, 0.32666666666666666, 0.19428571428525, 0.0032371390868055376, 0.31333333333333335, 0.6442857142856429, 0.010133253149417069, 0.10666666666666667, 0.41571428571408, 0.010490651384364433, 0.21333333333333335, 0.49142857142857144, 0.03377213929035598, 0.28, 0.80571428571384, 0.011746530436334314, 0.29333333333333333, 0.4742857142835429, 0.0014667384877461351, 0.2866666666666667, 0.39999999999934, 0.004882278855274617, 0.20666666666666667, 0.6014285714285571, 0.04751822264364523, 0.2866666666666667, 0.9399999999995485, 0.004461860398297855, 0.15333333333333332, 0.8057142857132743, 0.007150062004720215, 0.2733333333333333, 0.47428571428561145, 0.042499642035366055, 0.28, 0.26714285714232, 0.0025964553092095925, 0.3333333333333333, 0.28, 0.001285870193510074, 0.22666666666666666, 0.22999999999999715, 0.0165686355466282, 0.26666666666666666, 0.6185714285691428, 0.0016710137868781653, 0.08666666666666667, 0.45857142857126715, 0.019937897940663613, 0.0, 0.0, 0.0, 0.0, 0.0, 0.0, 0.0, 0.0, 0.0, 0.0, 0.0, 0.0, 0.0, 0.0, 0.0, 0.0, 0.0, 0.0, 0.0, 0.0, 0.0, 0.0, 0.0, 0.0, 0.0, 0.0, 0.0, 0.0, 0.0, 0.0, 0.0, 0.0, 0.0, 0.0, 0.0, 0.0, 0.0, 0.0, 0.0, 0.0, 0.0, 0.0, 0.0, 0.0, 0.0, 0.0, 0.0, 0.0, 0.0, 0.0, 0.0, 0.0, 0.0, 0.0, 0.0, 0.0, 0.0, 0.0, 0.0, 0.0, 0.0, 0.0, 0.0, 0.0, 0.0, 0.0, 0.0, 0.0, 0.0, 0.0, 0.0, 0.0, 0.0, 0.0, 0.0, 0.0, 0.0, 0.0, 0.0, 0.0, 0.0, 0.0, 0.0, 0.0, 0.0, 0.0, 0.0, 0.0, 0.0, 0.0, 0.0, 0.0, 0.0],[0, 0, 0, 0, 0, 0, 0, 0, 0, 0, 0, 0, 0, 0, 0, 0, 0, 0, 0, 0, 0, 0, 0, 0, 0, 0, 0, 0, 0, 0, 0, 0, 0, 0, 0, 0, 0, 0, 0, 0, 0, 0, 0, 0, 0, 0, 0, 0, 0, 0, 0, 0, 0, 0, 0, 0, 0, 0, 0, 0, 0, 0, 0, 0]
[0.0, 0.0, 0.0, 0.0, 0.0, 0.0, 0.0, 0.0, 0.0, 0.0, 0.0, 0.0, 0.0, 0.0, 0.0, 0.0, 0.0, 0.0, 0.0, 0.0, 0.0, 0.0, 0.0, 0.0, 0.0, 0.0, 0.0, 0.0, 0.0, 0.0, 1.0, 0.0, 0.0, 0.0, 0.0, 0.0, 0.0, 0.0, 0.0, 0.0, 0.0, 0.0, 0.0, 0.0, 0.0, 0.0, 0.0, 0.0, 0.0, 0.0, 0.0, 0.0, 0.0, 0.0, 0.0, 0.0, 0.0, 0.0, 0.0, 0.0, 0.0, 0.0, 0.0, 0.0, 0.0, 0.0, 0.0, 0.0, 0.0, 0.0, 1.0, 1.0, 1.0, 1.0, 1.0, 1.0, 1.0, 1.0, 1.0, 1.0, 1.0, 0.0, 0.0, 0.0, 0.0, 0.0, 0.0, 0.0, 0.0, 0.0, 1.0, 1.0, 1.0, 1.0, 1.0, 1.0, 1.0, 1.0, 1.0, 1.0, 1.0, 1.0, 1.0, 0.0, 0.0, 0.0, 1.0, 1.0, 1.0, 0.0, 0.0, 0.0, 0.0, 0.0, 0.0, 0.0, 0.0, 0.0, 0.0, 0.0, 0.0, 0.0, 0.0, 0.0, 0.0, 0.0, 0.0, 0.0, 0.0, 0.0, 0.0, 0.0, 0.0, 0.0, 0.0, 0.0, 1.0, 1.0, 1.0, 0.0, 0.0, 0.0, 0.0, 0.0, 1.0, 1.0, 0.0, 1.0, 0.0, 0.0, 0.2733333333333333, 0.9857142857131771, 0.013183935106396216, 0.2733333333333333, 0.7942857142853571, 0.16085936063077083, 0.24666666666666667, 0.8671428571428357, 0.05056898528485491, 0.23333333333333334, 0.1571428571426, 0.0011782234176249621, 0.2733333333333333, 0.6871428571427886, 0.06914648513962361, 0.31333333333333335, 0.80571428571348, 0.008997342461869073, 0.26, 0.7199999999997257, 0.009364639283831076, 0.24666666666666667, 0.9085714285711014, 0.029013954704440438, 0.32, 0.8542857142848, 0.04932790975647819, 0.24666666666666667, 0.5899999999998857, 0.0162896289467644, 0.26666666666666666, 0.5228571428571429, 0.022909483243557033, 0.2866666666666667, 0.95999999999962, 0.011717469252673777, 0.22666666666666666, 0.49714285714251427, 0.008953237841960728, 0.26666666666666666, 0.8799999999994286, 0.006248231983901149, 0.31333333333333335, 0.47714285714262855, 0.0048264204020447, 0.32666666666666666, 0.1799999999994, 0.0022493356154620193, 0.22, 0.6014285714285357, 0.1339149910866318, 0.32666666666666666, 0.19428571428525, 0.0032371390868055376, 0.31333333333333335, 0.6442857142856429, 0.010133253149417069, 0.10666666666666667, 0.41571428571408, 0.010490651384364433, 0.21333333333333335, 0.49142857142857144, 0.03377213929035598, 0.28, 0.80571428571384, 0.011746530436334314, 0.29333333333333333, 0.4742857142835429, 0.0014667384877461351, 0.2866666666666667, 0.39999999999934, 0.004882278855274617, 0.20666666666666667, 0.6014285714285571, 0.04751822264364523, 0.2866666666666667, 0.9399999999995485, 0.004461860398297855, 0.15333333333333332, 0.8057142857132743, 0.007150062004720215, 0.2733333333333333, 0.47428571428561145, 0.042499642035366055, 0.28, 0.26714285714232, 0.0025964553092095925, 0.3333333333333333, 0.28, 0.001285870193510074, 0.22666666666666666, 0.22999999999999715, 0.0165686355466282, 0.26666666666666666, 0.6185714285691428, 0.0016710137868781653, 0.08666666666666667, 0.45857142857126715, 0.019937897940663613, 0.0, 0.0, 0.0, 0.0, 0.0, 0.0, 0.0, 0.0, 0.0, 0.0, 0.0, 0.0, 0.0, 0.0, 0.0, 0.0, 0.0, 0.0, 0.0, 0.0, 0.0, 0.0, 0.0, 0.0, 0.0, 0.0, 0.0, 0.0, 0.0, 0.0, 0.0, 0.0, 0.0, 0.0, 0.0, 0.0, 0.0, 0.0, 0.0, 0.0, 0.0, 0.0, 0.0, 0.0, 0.0, 0.0, 0.0, 0.0, 0.0, 0.0, 0.0, 0.0, 0.0, 0.0, 0.0, 0.0, 0.0, 0.0, 0.0, 0.0, 0.0, 0.0, 0.0, 0.0, 0.0, 0.0, 0.0, 0.0, 0.0, 0.0, 0.0, 0.0, 0.0, 0.0, 0.0, 0.0, 0.0, 0.0, 0.0, 0.0, 0.0, 0.0, 0.0, 0.0, 0.0, 0.0, 0.0, 0.0, 0.0, 0.0, 0.0, 0.0, 0.0],[0, 0, 0, 0, 0, 0, 0, 0, 0, 0, 0, 0, 1, 0, 0, 0, 0, 0, 0, 0, 0, 0, 0, 0, 0, 0, 0, 0, 0, 0, 0, 0, 0, 0, 0, 0, 0, 0, 0, 0, 0, 0, 0, 0, 0, 0, 0, 0, 0, 0, 0, 0, 0, 0, 0, 0, 0, 0, 0, 0, 0, 0, 0, 0]
[0.0, 0.0, 0.0, 0.0, 0.0, 0.0, 0.0, 0.0, 0.0, 0.0, 0.0, 0.0, 0.0, 0.0, 0.0, 0.0, 0.0, 0.0, 0.0, 0.0, 0.0, 0.0, 0.0, 0.0, 0.0, 0.0, 0.0, 0.0, 0.0, 0.0, 0.0, 0.0, 0.0, 0.0, 0.0, 0.0, 0.0, 0.0, 0.0, 0.0, 0.0, 0.0, 0.0, 0.0, 0.0, 0.0, 0.0, 0.0, 0.0, 0.0, 0.0, 0.0, 0.0, 0.0, 0.0, 0.0, 0.0, 0.0, 0.0, 0.0, 0.0, 0.0, 0.0, 0.0, 0.0, 0.0, 0.0, 0.0, 0.0, 0.0, 0.0, 0.0, 0.0, 0.0, 0.0, 0.0, 0.0, 0.0, 0.0, 0.0, 0.0, 0.0, 0.0, 0.0, 0.0, 0.0, 0.0, 0.0, 0.0, 0.0, 0.0, 0.0, 0.0, 0.0, 0.0, 0.0, 0.0, 0.0, 0.0, 0.0, 0.0, 0.0, 0.0, 0.0, 0.0, 0.0, 0.0, 0.0, 0.0, 0.0, 0.0, 0.0, 0.0, 0.0, 0.0, 0.0, 0.0, 0.0, 0.0, 0.0, 0.0, 0.0, 0.0, 0.0, 0.0, 0.0, 0.0, 0.0, 0.0, 0.0, 0.0, 0.0, 0.0, 0.0, 0.0, 0.0, 0.0, 0.0, 0.0, 0.0, 0.0, 0.0, 0.0, 0.0, 0.0, 0.0, 0.0, 0.0, 0.0, 0.0, 0.2733333333333333, 0.9857142857131771, 0.013183935106396216, 0.2733333333333333, 0.7942857142853571, 0.16085936063077083, 0.24666666666666667, 0.8671428571428357, 0.05056898528485491, 0.23333333333333334, 0.1571428571426, 0.0011782234176249621, 0.2733333333333333, 0.6871428571427886, 0.06914648513962361, 0.31333333333333335, 0.80571428571348, 0.008997342461869073, 0.26, 0.7199999999997257, 0.009364639283831076, 0.24666666666666667, 0.9085714285711014, 0.029013954704440438, 0.32, 0.8542857142848, 0.04932790975647819, 0.24666666666666667, 0.5899999999998857, 0.0162896289467644, 0.26666666666666666, 0.5228571428571429, 0.022909483243557033, 0.2866666666666667, 0.95999999999962, 0.011717469252673777, 0.26666666666666666, 0.8799999999994286, 0.006248231983901149, 0.31333333333333335, 0.47714285714262855, 0.0048264204020447, 0.32666666666666666, 0.1799999999994, 0.0022493356154620193, 0.22, 0.6014285714285357, 0.1339149910866318, 0.32666666666666666, 0.19428571428525, 0.0032371390868055376, 0.31333333333333335, 0.6442857142856429, 0.010133253149417069, 0.10666666666666667, 0.41571428571408, 0.010490651384364433, 0.21333333333333335, 0.49142857142857144, 0.03377213929035598, 0.28, 0.80571428571384, 0.011746530436334314, 0.29333333333333333, 0.4742857142835429, 0.0014667384877461351, 0.2866666666666667, 0.39999999999934, 0.004882278855274617, 0.20666666666666667, 0.6014285714285571, 0.04751822264364523, 0.2866666666666667, 0.9399999999995485, 0.004461860398297855, 0.15333333333333332, 0.8057142857132743, 0.007150062004720215, 0.2733333333333333, 0.47428571428561145, 0.042499642035366055, 0.28, 0.26714285714232, 0.0025964553092095925, 0.3333333333333333, 0.28, 0.001285870193510074, 0.22666666666666666, 0.22999999999999715, 0.0165686355466282, 0.26666666666666666, 0.6185714285691428, 0.0016710137868781653, 0.08666666666666667, 0.45857142857126715, 0.019937897940663613, 0.0, 0.0, 0.0, 0.0, 0.0, 0.0, 0.0, 0.0, 0.0, 0.0, 0.0, 0.0, 0.0, 0.0, 0.0, 0.0, 0.0, 0.0, 0.0, 0.0, 0.0, 0.0, 0.0, 0.0, 0.0, 0.0, 0.0, 0.0, 0.0, 0.0, 0.0, 0.0, 0.0, 0.0, 0.0, 0.0, 0.0, 0.0, 0.0, 0.0, 0.0, 0.0, 0.0, 0.0, 0.0, 0.0, 0.0, 0.0, 0.0, 0.0, 0.0, 0.0, 0.0, 0.0, 0.0, 0.0, 0.0, 0.0, 0.0, 0.0, 0.0, 0.0, 0.0, 0.0, 0.0, 0.0, 0.0, 0.0, 0.0, 0.0, 0.0, 0.0, 0.0, 0.0, 0.0, 0.0, 0.0, 0.0, 0.0, 0.0, 0.0, 0.0, 0.0, 0.0, 0.0, 0.0, 0.0, 0.0, 0.0, 0.0, 0.0, 0.0, 0.0, 0.0, 0.0, 0.0],[0, 0, 0, 0, 0, 0, 0, 0, 0, 0, 0, 0, 0, 0, 0, 0, 0, 0, 0, 0, 0, 0, 0, 0, 0, 0, 0, 0, 0, 0, 0, 0, 0, 0, 0, 0, 0, 0, 0, 0, 0, 0, 0, 0, 0, 0, 0, 0, 0, 0, 0, 0, 0, 0, 0, 0, 0, 0, 0, 0, 0, 0, 0, 0]
[0.0, 0.0, 0.0, 0.0, 0.0, 0.0, 0.0, 0.0, 0.0, 0.0, 0.0, 0.0, 0.0, 0.0, 0.0, 0.0, 0.0, 0.0, 0.0, 0.0, 0.0, 0.0, 0.0, 0.0, 0.0, 0.0, 0.0, 0.0, 0.0, 0.0, 0.0, 0.0, 0.0, 0.0, 0.0, 0.0, 0.0, 0.0, 0.0, 0.0, 0.0, 0.0, 0.0, 0.0, 0.0, 0.0, 0.0, 0.0, 0.0, 0.0, 0.0, 0.0, 0.0, 0.0, 0.0, 0.0, 0.0, 0.0, 0.0, 0.0, 0.0, 0.0, 0.0, 0.0, 0.0, 0.0, 0.0, 0.0, 0.0, 0.0, 0.0, 0.0, 0.0, 0.0, 0.0, 0.0, 0.0, 0.0, 0.0, 0.0, 0.0, 0.0, 0.0, 0.0, 0.0, 0.0, 0.0, 0.0, 0.0, 0.0, 0.0, 0.0, 0.0, 0.0, 0.0, 0.0, 0.0, 0.0, 0.0, 0.0, 0.0, 0.0, 0.0, 0.0, 0.0, 0.0, 0.0, 0.0, 0.0, 1.0, 1.0, 0.0, 0.0, 0.0, 0.0, 0.0, 0.0, 0.0, 0.0, 0.0, 0.0, 0.0, 0.0, 0.0, 0.0, 0.0, 0.0, 0.0, 0.0, 0.0, 0.0, 0.0, 0.0, 0.0, 0.0, 0.0, 0.0, 0.0, 0.0, 0.0, 0.0, 0.0, 0.0, 0.0, 0.0, 0.0, 0.0, 0.0, 0.0, 0.0, 0.08666666666666667, 0.8042857142857086, 0.1299358992274745, 0.2733333333333333, 0.9857142857131771, 0.013183935106396216, 0.22666666666666666, 0.8914285714285428, 0.22728430645324973, 0.2733333333333333, 0.7942857142853571, 0.16085936063077083, 0.24666666666666667, 0.8671428571428357, 0.05056898528485491, 0.23333333333333334, 0.1571428571426, 0.0011782234176249621, 0.2733333333333333, 0.6871428571427886, 0.06914648513962361, 0.31333333333333335, 0.80571428571348, 0.008997342461869073, 0.26, 0.7199999999997257, 0.009364639283831076, 0.24666666666666667, 0.9085714285711014, 0.029013954704440438, 0.32, 0.8542857142848, 0.04932790975647819, 0.24666666666666667, 0.5899999999998857, 0.0162896289467644, 0.26666666666666666, 0.5228571428571429, 0.022909483243557033, 0.2866666666666667, 0.95999999999962, 0.011717469252673777, 0.26666666666666666, 0.8799999999994286, 0.006248231983901149, 0.31333333333333335, 0.47714285714262855, 0.0048264204020447, 0.32666666666666666, 0.1799999999994, 0.0022493356154620193, 0.22, 0.6014285714285357, 0.1339149910866318, 0.32666666666666666, 0.19428571428525, 0.0032371390868055376, 0.31333333333333335, 0.6442857142856429, 0.010133253149417069, 0.10666666666666667, 0.41571428571408, 0.010490651384364433, 0.21333333333333335, 0.49142857142857144, 0.03377213929035598, 0.28, 0.80571428571384, 0.011746530436334314, 0.29333333333333333, 0.4742857142835429, 0.0014667384877461351, 0.2866666666666667, 0.39999999999934, 0.004882278855274617, 0.20666666666666667, 0.6014285714285571, 0.04751822264364523, 0.2866666666666667, 0.9399999999995485, 0.004461860398297855, 0.15333333333333332, 0.8057142857132743, 0.007150062004720215, 0.2733333333333333, 0.47428571428561145, 0.042499642035366055, 0.28, 0.26714285714232, 0.0025964553092095925, 0.3333333333333333, 0.28, 0.001285870193510074, 0.22666666666666666, 0.22999999999999715, 0.0165686355466282, 0.26666666666666666, 0.6185714285691428, 0.0016710137868781653, 0.08666666666666667, 0.45857142857126715, 0.019937897940663613, 0.0, 0.0, 0.0, 0.0, 0.0, 0.0, 0.0, 0.0, 0.0, 0.0, 0.0, 0.0, 0.0, 0.0, 0.0, 0.0, 0.0, 0.0, 0.0, 0.0, 0.0, 0.0, 0.0, 0.0, 0.0, 0.0, 0.0, 0.0, 0.0, 0.0, 0.0, 0.0, 0.0, 0.0, 0.0, 0.0, 0.0, 0.0, 0.0, 0.0, 0.0, 0.0, 0.0, 0.0, 0.0, 0.0, 0.0, 0.0, 0.0, 0.0, 0.0, 0.0, 0.0, 0.0, 0.0, 0.0, 0.0, 0.0, 0.0, 0.0, 0.0, 0.0, 0.0, 0.0, 0.0, 0.0, 0.0, 0.0, 0.0, 0.0, 0.0, 0.0, 0.0, 0.0, 0.0, 0.0, 0.0, 0.0, 0.0, 0.0, 0.0, 0.0, 0.0, 0.0, 0.0, 0.0, 0.0, 0.0, 0.0, 0.0],[0, 0, 0, 0, 0, 0, 0, 0, 0, 0, 0, 0, 0, 0, 0, 0, 0, 0, 0, 0, 0, 0, 0, 0, 0, 0, 0, 0, 0, 0, 0, 0, 0, 0, 0, 0, 0, 0, 0, 0, 0, 0, 0, 0, 0, 0, 0, 0, 0, 0, 0, 0, 0, 0, 0, 0, 0, 0, 0, 0, 0, 0, 0, 0]
[0.0, 0.0, 0.0, 0.0, 0.0, 0.0, 0.0, 0.0, 0.0, 0.0, 0.0, 0.0, 0.0, 0.0, 0.0, 0.0, 0.0, 0.0, 0.0, 0.0, 0.0, 0.0, 1.0, 1.0, 0.0, 0.0, 0.0, 0.0, 1.0, 1.0, 0.0, 0.0, 0.0, 0.0, 0.0, 0.0, 0.0, 0.0, 0.0, 0.0, 0.0, 0.0, 0.0, 0.0, 0.0, 0.0, 1.0, 1.0, 1.0, 1.0, 1.0, 0.0, 0.0, 0.0, 0.0, 0.0, 0.0, 0.0, 0.0, 0.0, 1.0, 1.0, 1.0, 1.0, 1.0, 1.0, 0.0, 0.0, 0.0, 0.0, 0.0, 0.0, 0.0, 0.0, 0.0, 0.0, 0.0, 0.0, 0.0, 0.0, 0.0, 0.0, 0.0, 0.0, 0.0, 0.0, 0.0, 0.0, 0.0, 0.0, 0.0, 0.0, 0.0, 0.0, 0.0, 0.0, 0.0, 0.0, 0.0, 0.0, 0.0, 0.0, 0.0, 1.0, 1.0, 1.0, 0.0, 0.0, 0.0, 1.0, 1.0, 0.0, 0.0, 0.0, 0.0, 0.0, 0.0, 0.0, 0.0, 0.0, 0.0, 0.0, 0.0, 0.0, 0.0, 0.0, 0.0, 0.0, 0.0, 0.0, 0.0, 0.0, 0.0, 0.0, 0.0, 0.0, 0.0, 0.0, 0.0, 1.0, 0.0, 0.0, 0.0, 1.0, 0.0, 0.0, 0.0, 0.0, 0.0, 0.0, 0.08666666666666667, 0.8042857142857086, 0.1299358992274745, 0.2733333333333333, 0.9857142857131771, 0.013183935106396216, 0.22666666666666666, 0.8914285714285428, 0.22728430645324973, 0.2733333333333333, 0.7942857142853571, 0.16085936063077083, 0.24666666666666667, 0.8671428571428357, 0.05056898528485491, 0.23333333333333334, 0.1571428571426, 0.0011782234176249621, 0.2733333333333333, 0.6871428571427886, 0.06914648513962361, 0.31333333333333335, 0.80571428571348, 0.008997342461869073, 0.26, 0.7199999999997257, 0.009364639283831076, 0.24666666666666667, 0.9085714285711014, 0.029013954704440438, 0.32, 0.8542857142848, 0.04932790975647819, 0.24666666666666667, 0.5899999999998857, 0.0162896289467644, 0.26666666666666666, 0.5228571428571429, 0.022909483243557033, 0.2866666666666667, 0.95999999999962, 0.011717469252673777, 0.26666666666666666, 0.8799999999994286, 0.006248231983901149, 0.31333333333333335, 0.47714285714262855, 0.0048264204020447, 0.32666666666666666, 0.1799999999994, 0.0022493356154620193, 0.22, 0.6014285714285357, 0.1339149910866318, 0.32666666666666666, 0.19428571428525, 0.0032371390868055376, 0.31333333333333335, 0.6442857142856429, 0.010133253149417069, 0.10666666666666667, 0.41571428571408, 0.010490651384364433, 0.21333333333333335, 0.49142857142857144, 0.03377213929035598, 0.28, 0.80571428571384, 0.011746530436334314, 0.29333333333333333, 0.4742857142835429, 0.0014667384877461351, 0.2866666666666667, 0.39999999999934, 0.004882278855274617, 0.20666666666666667, 0.6014285714285571, 0.04751822264364523, 0.2866666666666667, 0.9399999999995485, 0.004461860398297855, 0.15333333333333332, 0.8057142857132743, 0.007150062004720215, 0.2733333333333333, 0.47428571428561145, 0.042499642035366055, 0.28, 0.26714285714232, 0.0025964553092095925, 0.3333333333333333, 0.28, 0.001285870193510074, 0.22666666666666666, 0.22999999999999715, 0.0165686355466282, 0.26666666666666666, 0.6185714285691428, 0.0016710137868781653, 0.08666666666666667, 0.45857142857126715, 0.019937897940663613, 0.0, 0.0, 0.0, 0.0, 0.0, 0.0, 0.0, 0.0, 0.0, 0.0, 0.0, 0.0, 0.0, 0.0, 0.0, 0.0, 0.0, 0.0, 0.0, 0.0, 0.0, 0.0, 0.0, 0.0, 0.0, 0.0, 0.0, 0.0, 0.0, 0.0, 0.0, 0.0, 0.0, 0.0, 0.0, 0.0, 0.0, 0.0, 0.0, 0.0, 0.0, 0.0, 0.0, 0.0, 0.0, 0.0, 0.0, 0.0, 0.0, 0.0, 0.0, 0.0, 0.0, 0.0, 0.0, 0.0, 0.0, 0.0, 0.0, 0.0, 0.0, 0.0, 0.0, 0.0, 0.0, 0.0, 0.0, 0.0, 0.0, 0.0, 0.0, 0.0, 0.0, 0.0, 0.0, 0.0, 0.0, 0.0, 0.0, 0.0, 0.0, 0.0, 0.0, 0.0, 0.0, 0.0, 0.0, 0.0, 0.0, 0.0],[1, 0, 0, 0, 0, 0, 0, 0, 0, 0, 0, 0, 0, 0, 0, 0, 0, 0, 0, 0, 0, 0, 0, 0, 0, 0, 0, 0, 0, 0, 0, 0, 0, 0, 0, 0, 0, 0, 0, 0, 0, 0, 0, 0, 0, 0, 0, 0, 0, 0, 0, 0, 0, 0, 0, 0, 0, 0, 0, 0, 0, 0, 0, 0]
[0.0, 0.0, 0.0, 0.0, 0.0, 0.0, 0.0, 0.0, 0.0, 0.0, 0.0, 0.0, 0.0, 0.0, 0.0, 0.0, 0.0, 0.0, 0.0, 0.0, 0.0, 0.0, 0.0, 0.0, 0.0, 0.0, 0.0, 0.0, 0.0, 0.0, 0.0, 0.0, 0.0, 0.0, 0.0, 0.0, 0.0, 0.0, 0.0, 0.0, 0.0, 0.0, 0.0, 0.0, 0.0, 0.0, 0.0, 0.0, 0.0, 0.0, 0.0, 0.0, 0.0, 0.0, 0.0, 0.0, 0.0, 0.0, 0.0, 0.0, 0.0, 0.0, 0.0, 0.0, 1.0, 1.0, 0.0, 0.0, 0.0, 0.0, 0.0, 0.0, 0.0, 0.0, 0.0, 0.0, 0.0, 0.0, 0.0, 0.0, 0.0, 0.0, 0.0, 0.0, 0.0, 0.0, 0.0, 0.0, 0.0, 0.0, 0.0, 0.0, 0.0, 0.0, 0.0, 0.0, 0.0, 0.0, 0.0, 0.0, 0.0, 0.0, 0.0, 1.0, 1.0, 1.0, 0.0, 0.0, 0.0, 1.0, 1.0, 0.0, 0.0, 0.0, 0.0, 0.0, 0.0, 0.0, 0.0, 0.0, 0.0, 0.0, 0.0, 0.0, 0.0, 0.0, 0.0, 0.0, 0.0, 0.0, 0.0, 0.0, 0.0, 0.0, 0.0, 0.0, 0.0, 0.0, 0.0, 1.0, 0.0, 0.0, 0.0, 1.0, 0.0, 0.0, 0.0, 0.0, 0.0, 0.0, 0.2733333333333333, 0.9857142857131771, 0.013183935106396216, 0.22666666666666666, 0.8914285714285428, 0.22728430645324973, 0.2733333333333333, 0.7942857142853571, 0.16085936063077083, 0.24666666666666667, 0.8671428571428357, 0.05056898528485491, 0.23333333333333334, 0.1571428571426, 0.0011782234176249621, 0.2733333333333333, 0.6871428571427886, 0.06914648513962361, 0.31333333333333335, 0.80571428571348, 0.008997342461869073, 0.26, 0.7199999999997257, 0.009364639283831076, 0.24666666666666667, 0.9085714285711014, 0.029013954704440438, 0.32, 0.8542857142848, 0.04932790975647819, 0.24666666666666667, 0.5899999999998857, 0.0162896289467644, 0.26666666666666666, 0.5228571428571429, 0.022909483243557033, 0.2866666666666667, 0.95999999999962, 0.011717469252673777, 0.26666666666666666, 0.8799999999994286, 0.006248231983901149, 0.31333333333333335, 0.47714285714262855, 0.0048264204020447, 0.32666666666666666, 0.1799999999994, 0.0022493356154620193, 0.22, 0.6014285714285357, 0.1339149910866318, 0.32666666666666666, 0.19428571428525, 0.0032371390868055376, 0.31333333333333335, 0.6442857142856429, 0.010133253149417069, 0.10666666666666667, 0.41571428571408, 0.010490651384364433, 0.21333333333333335, 0.49142857142857144, 0.03377213929035598, 0.28, 0.80571428571384, 0.011746530436334314, 0.29333333333333333, 0.4742857142835429, 0.0014667384877461351, 0.2866666666666667, 0.39999999999934, 0.004882278855274617, 0.20666666666666667, 0.6014285714285571, 0.04751822264364523, 0.2866666666666667, 0.9399999999995485, 0.004461860398297855, 0.15333333333333332, 0.8057142857132743, 0.007150062004720215, 0.2733333333333333, 0.47428571428561145, 0.042499642035366055, 0.28, 0.26714285714232, 0.0025964553092095925, 0.3333333333333333, 0.28, 0.001285870193510074, 0.22666666666666666, 0.22999999999999715, 0.0165686355466282, 0.26666666666666666, 0.6185714285691428, 0.0016710137868781653, 0.08666666666666667, 0.45857142857126715, 0.019937897940663613, 0.0, 0.0, 0.0, 0.0, 0.0, 0.0, 0.0, 0.0, 0.0, 0.0, 0.0, 0.0, 0.0, 0.0, 0.0, 0.0, 0.0, 0.0, 0.0, 0.0, 0.0, 0.0, 0.0, 0.0, 0.0, 0.0, 0.0, 0.0, 0.0, 0.0, 0.0, 0.0, 0.0, 0.0, 0.0, 0.0, 0.0, 0.0, 0.0, 0.0, 0.0, 0.0, 0.0, 0.0, 0.0, 0.0, 0.0, 0.0, 0.0, 0.0, 0.0, 0.0, 0.0, 0.0, 0.0, 0.0, 0.0, 0.0, 0.0, 0.0, 0.0, 0.0, 0.0, 0.0, 0.0, 0.0, 0.0, 0.0, 0.0, 0.0, 0.0, 0.0, 0.0, 0.0, 0.0, 0.0, 0.0, 0.0, 0.0, 0.0, 0.0, 0.0, 0.0, 0.0, 0.0, 0.0, 0.0, 0.0, 0.0, 0.0, 0.0, 0.0, 0.0],[0, 0, 0, 0, 0, 0, 0, 0, 0, 0, 0, 0, 0, 0, 0, 0, 0, 0, 0, 0, 0, 0, 0, 0, 0, 0, 0, 0, 0, 0, 0, 0, 0, 0, 0, 0, 0, 0, 0, 0, 0, 0, 0, 0, 0, 0, 0, 0, 0, 0, 0, 0, 0, 0, 0, 0, 0, 0, 0, 0, 0, 0, 0, 0]
[0.0, 0.0, 0.0, 0.0, 0.0, 0.0, 0.0, 0.0, 0.0, 0.0, 0.0, 0.0, 0.0, 0.0, 0.0, 0.0, 0.0, 0.0, 0.0, 0.0, 0.0, 0.0, 0.0, 0.0, 0.0, 0.0, 0.0, 0.0, 0.0, 0.0, 1.0, 0.0, 0.0, 0.0, 0.0, 0.0, 0.0, 0.0, 0.0, 0.0, 0.0, 0.0, 0.0, 0.0, 0.0, 0.0, 0.0, 0.0, 0.0, 0.0, 0.0, 0.0, 0.0, 0.0, 0.0, 0.0, 0.0, 0.0, 0.0, 0.0, 0.0, 0.0, 0.0, 0.0, 1.0, 1.0, 0.0, 0.0, 0.0, 0.0, 1.0, 1.0, 1.0, 1.0, 1.0, 1.0, 1.0, 1.0, 1.0, 1.0, 1.0, 0.0, 0.0, 0.0, 0.0, 0.0, 0.0, 0.0, 0.0, 0.0, 1.0, 1.0, 1.0, 1.0, 1.0, 1.0, 1.0, 1.0, 1.0, 1.0, 1.0, 1.0, 1.0, 1.0, 1.0, 1.0, 1.0, 1.0, 1.0, 1.0, 1.0, 0.0, 0.0, 0.0, 0.0, 0.0, 0.0, 0.0, 0.0, 0.0, 0.0, 0.0, 0.0, 0.0, 0.0, 0.0, 0.0, 0.0, 0.0, 0.0, 0.0, 0.0, 0.0, 0.0, 0.0, 0.0, 1.0, 1.0, 1.0, 1.0, 0.0, 0.0, 0.0, 1.0, 1.0, 1.0, 0.0, 1.0, 0.0, 0.0, 0.2733333333333333, 0.9857142857131771, 0.013183935106396216, 0.22666666666666666, 0.8914285714285428, 0.22728430645324973, 0.2733333333333333, 0.7942857142853571, 0.16085936063077083, 0.24666666666666667, 0.8671428571428357, 0.05056898528485491, 0.23333333333333334, 0.1571428571426, 0.0011782234176249621, 0.2733333333333333, 0.6871428571427886, 0.06914648513962361, 0.31333333333333335, 0.80571428571348, 0.008997342461869073, 0.26, 0.7199999999997257, 0.009364639283831076, 0.24666666666666667, 0.9085714285711014, 0.029013954704440438, 0.32, 0.8542857142848, 0.04932790975647819, 0.24666666666666667, 0.5899999999998857, 0.0162896289467644, 0.26666666666666666, 0.5228571428571429, 0.022909483243557033, 0.2866666666666667, 0.95999999999962, 0.011717469252673777, 0.26666666666666666, 0.8799999999994286, 0.006248231983901149, 0.31333333333333335, 0.47714285714262855, 0.0048264204020447, 0.32666666666666666, 0.1799999999994, 0.0022493356154620193, 0.22, 0.6014285714285357, 0.1339149910866318, 0.32666666666666666, 0.19428571428525, 0.0032371390868055376, 0.31333333333333335, 0.6442857142856429, 0.010133253149417069, 0.10666666666666667, 0.41571428571408, 0.010490651384364433, 0.21333333333333335, 0.49142857142857144, 0.03377213929035598, 0.28, 0.80571428571384, 0.011746530436334314, 0.29333333333333333, 0.4742857142835429, 0.0014667384877461351, 0.2866666666666667, 0.39999999999934, 0.004882278855274617, 0.20666666666666667, 0.6014285714285571, 0.04751822264364523, 0.2866666666666667, 0.9399999999995485, 0.004461860398297855, 0.15333333333333332, 0.8057142857132743, 0.007150062004720215, 0.2733333333333333, 0.47428571428561145, 0.042499642035366055, 0.28, 0.26714285714232, 0.0025964553092095925, 0.3333333333333333, 0.28, 0.001285870193510074, 0.22666666666666666, 0.22999999999999715, 0.0165686355466282, 0.26666666666666666, 0.6185714285691428, 0.0016710137868781653, 0.08666666666666667, 0.45857142857126715, 0.019937897940663613, 0.0, 0.0, 0.0, 0.0, 0.0, 0.0, 0.0, 0.0, 0.0, 0.0, 0.0, 0.0, 0.0, 0.0, 0.0, 0.0, 0.0, 0.0, 0.0, 0.0, 0.0, 0.0, 0.0, 0.0, 0.0, 0.0, 0.0, 0.0, 0.0, 0.0, 0.0, 0.0, 0.0, 0.0, 0.0, 0.0, 0.0, 0.0, 0.0, 0.0, 0.0, 0.0, 0.0, 0.0, 0.0, 0.0, 0.0, 0.0, 0.0, 0.0, 0.0, 0.0, 0.0, 0.0, 0.0, 0.0, 0.0, 0.0, 0.0, 0.0, 0.0, 0.0, 0.0, 0.0, 0.0, 0.0, 0.0, 0.0, 0.0, 0.0, 0.0, 0.0, 0.0, 0.0, 0.0, 0.0, 0.0, 0.0, 0.0, 0.0, 0.0, 0.0, 0.0, 0.0, 0.0, 0.0, 0.0, 0.0, 0.0, 0.0, 0.0, 0.0, 0.0],[1, 0, 0, 0, 0, 0, 0, 0, 0, 0, 0, 0, 0, 0, 0, 0, 0, 0, 0, 0, 0, 0, 0, 0, 0, 0, 0, 0, 0, 0, 0, 0, 0, 0, 0, 0, 0, 0, 0, 0, 0, 0, 0, 0, 0, 0, 0, 0, 0, 0, 0, 0, 0, 0, 0, 0, 0, 0, 0, 0, 0, 0, 0, 0]
[0.0, 0.0, 0.0, 0.0, 0.0, 0.0, 0.0, 0.0, 0.0, 0.0, 0.0, 0.0, 0.0, 0.0, 0.0, 0.0, 0.0, 0.0, 0.0, 0.0, 0.0, 0.0, 0.0, 0.0, 0.0, 0.0, 0.0, 0.0, 0.0, 0.0, 0.0, 0.0, 0.0, 0.0, 0.0, 0.0, 0.0, 0.0, 0.0, 0.0, 0.0, 0.0, 0.0, 0.0, 0.0, 0.0, 0.0, 0.0, 0.0, 0.0, 0.0, 0.0, 0.0, 0.0, 0.0, 0.0, 0.0, 0.0, 0.0, 0.0, 0.0, 0.0, 0.0, 0.0, 0.0, 0.0, 0.0, 0.0, 0.0, 0.0, 0.0, 0.0, 0.0, 0.0, 0.0, 0.0, 0.0, 0.0, 0.0, 0.0, 0.0, 0.0, 0.0, 0.0, 0.0, 0.0, 0.0, 0.0, 0.0, 0.0, 0.0, 0.0, 0.0, 0.0, 0.0, 0.0, 0.0, 0.0, 0.0, 0.0, 0.0, 0.0, 0.0, 0.0, 0.0, 0.0, 0.0, 0.0, 0.0, 0.0, 0.0, 0.0, 0.0, 0.0, 0.0, 0.0, 0.0, 0.0, 0.0, 0.0, 0.0, 0.0, 0.0, 0.0, 0.0, 0.0, 0.0, 0.0, 0.0, 0.0, 0.0, 0.0, 0.0, 0.0, 0.0, 0.0, 0.0, 0.0, 0.0, 0.0, 0.0, 0.0, 0.0, 0.0, 0.0, 1.0, 0.0, 1.0, 0.0, 0.0, 0.22666666666666666, 0.8914285714285428, 0.22728430645324973, 0.2733333333333333, 0.7942857142853571, 0.16085936063077083, 0.24666666666666667, 0.8671428571428357, 0.05056898528485491, 0.23333333333333334, 0.1571428571426, 0.0011782234176249621, 0.2733333333333333, 0.6871428571427886, 0.06914648513962361, 0.31333333333333335, 0.80571428571348, 0.008997342461869073, 0.26, 0.7199999999997257, 0.009364639283831076, 0.24666666666666667, 0.9085714285711014, 0.029013954704440438, 0.32, 0.8542857142848, 0.04932790975647819, 0.24666666666666667, 0.5899999999998857, 0.0162896289467644, 0.26666666666666666, 0.5228571428571429, 0.022909483243557033, 0.2866666666666667, 0.95999999999962, 0.011717469252673777, 0.26666666666666666, 0.8799999999994286, 0.006248231983901149, 0.31333333333333335, 0.47714285714262855, 0.0048264204020447, 0.32666666666666666, 0.1799999999994, 0.0022493356154620193, 0.22, 0.6014285714285357, 0.1339149910866318, 0.32666666666666666, 0.19428571428525, 0.0032371390868055376, 0.31333333333333335, 0.6442857142856429, 0.010133253149417069, 0.10666666666666667, 0.41571428571408, 0.010490651384364433, 0.21333333333333335, 0.49142857142857144, 0.03377213929035598, 0.28, 0.80571428571384, 0.011746530436334314, 0.29333333333333333, 0.4742857142835429, 0.0014667384877461351, 0.2866666666666667, 0.39999999999934, 0.004882278855274617, 0.20666666666666667, 0.6014285714285571, 0.04751822264364523, 0.2866666666666667, 0.9399999999995485, 0.004461860398297855, 0.15333333333333332, 0.8057142857132743, 0.007150062004720215, 0.2733333333333333, 0.47428571428561145, 0.042499642035366055, 0.28, 0.26714285714232, 0.0025964553092095925, 0.3333333333333333, 0.28, 0.001285870193510074, 0.22666666666666666, 0.22999999999999715, 0.0165686355466282, 0.26666666666666666, 0.6185714285691428, 0.0016710137868781653, 0.08666666666666667, 0.45857142857126715, 0.019937897940663613, 0.0, 0.0, 0.0, 0.0, 0.0, 0.0, 0.0, 0.0, 0.0, 0.0, 0.0, 0.0, 0.0, 0.0, 0.0, 0.0, 0.0, 0.0, 0.0, 0.0, 0.0, 0.0, 0.0, 0.0, 0.0, 0.0, 0.0, 0.0, 0.0, 0.0, 0.0, 0.0, 0.0, 0.0, 0.0, 0.0, 0.0, 0.0, 0.0, 0.0, 0.0, 0.0, 0.0, 0.0, 0.0, 0.0, 0.0, 0.0, 0.0, 0.0, 0.0, 0.0, 0.0, 0.0, 0.0, 0.0, 0.0, 0.0, 0.0, 0.0, 0.0, 0.0, 0.0, 0.0, 0.0, 0.0, 0.0, 0.0, 0.0, 0.0, 0.0, 0.0, 0.0, 0.0, 0.0, 0.0, 0.0, 0.0, 0.0, 0.0, 0.0, 0.0, 0.0, 0.0, 0.0, 0.0, 0.0, 0.0, 0.0, 0.0, 0.0, 0.0, 0.0, 0.0, 0.0, 0.0],[0, 0, 0, 0, 0, 0, 0, 0, 0, 0, 0, 0, 0, 0, 0, 0, 0, 0, 0, 0, 0, 0, 0, 0, 0, 0, 0, 0, 0, 0, 0, 0, 0, 0, 0, 0, 0, 0, 0, 0, 0, 0, 0, 0, 0, 0, 0, 0, 0, 0, 0, 0, 0, 0, 0, 0, 0, 0, 0, 0, 0, 0, 0, 0]
[0.0, 0.0, 0.0, 0.0, 0.0, 0.0, 0.0, 0.0, 0.0, 1.0, 1.0, 1.0, 1.0, 1.0, 1.0, 1.0, 0.0, 0.0, 0.0, 0.0, 0.0, 0.0, 0.0, 0.0, 1.0, 1.0, 1.0, 1.0, 0.0, 0.0, 0.0, 1.0, 1.0, 1.0, 1.0, 1.0, 1.0, 1.0, 1.0, 1.0, 1.0, 1.0, 1.0, 1.0, 1.0, 1.0, 0.0, 0.0, 0.0, 0.0, 0.0, 0.0, 0.0, 0.0, 0.0, 0.0, 0.0, 0.0, 0.0, 0.0, 0.0, 0.0, 0.0, 0.0, 0.0, 0.0, 0.0, 0.0, 0.0, 0.0, 0.0, 0.0, 0.0, 0.0, 0.0, 0.0, 0.0, 0.0, 0.0, 0.0, 0.0, 0.0, 0.0, 0.0, 0.0, 0.0, 0.0, 0.0, 0.0, 0.0, 0.0, 0.0, 0.0, 0.0, 0.0, 0.0, 0.0, 0.0, 0.0, 0.0, 0.0, 0.0, 0.0, 0.0, 0.0, 0.0, 0.0, 0.0, 0.0, 0.0, 0.0, 0.0, 0.0, 0.0, 0.0, 0.0, 0.0, 0.0, 0.0, 0.0, 0.0, 0.0, 0.0, 0.0, 0.0, 0.0, 0.0, 0.0, 0.0, 0.0, 0.0, 0.0, 0.0, 0.0, 0.0, 0.0, 0.0, 0.0, 0.0, 0.0, 0.0, 0.0, 0.0, 0.0, 0.0, 1.0, 0.0, 1.0, 0.0, 0.0, 0.22666666666666666, 0.8914285714285428, 0.22728430645324973, 0.2733333333333333, 0.7942857142853571, 0.16085936063077083, 0.24666666666666667, 0.8671428571428357, 0.05056898528485491, 0.23333333333333334, 0.1571428571426, 0.0011782234176249621, 0.2733333333333333, 0.6871428571427886, 0.06914648513962361, 0.31333333333333335, 0.80571428571348, 0.008997342461869073, 0.26, 0.7199999999997257, 0.009364639283831076, 0.24666666666666667, 0.9085714285711014, 0.029013954704440438, 0.32, 0.8542857142848, 0.04932790975647819, 0.24666666666666667, 0.5899999999998857, 0.0162896289467644, 0.26666666666666666, 0.5228571428571429, 0.022909483243557033, 0.2866666666666667, 0.95999999999962, 0.011717469252673777, 0.26666666666666666, 0.8799999999994286, 0.006248231983901149, 0.31333333333333335, 0.47714285714262855, 0.0048264204020447, 0.32666666666666666, 0.1799999999994, 0.0022493356154620193, 0.22, 0.6014285714285357, 0.1339149910866318, 0.32666666666666666, 0.19428571428525, 0.0032371390868055376, 0.31333333333333335, 0.6442857142856429, 0.010133253149417069, 0.10666666666666667, 0.41571428571408, 0.010490651384364433, 0.21333333333333335, 0.49142857142857144, 0.03377213929035598, 0.28, 0.80571428571384, 0.011746530436334314, 0.29333333333333333, 0.4742857142835429, 0.0014667384877461351, 0.2866666666666667, 0.39999999999934, 0.004882278855274617, 0.20666666666666667, 0.6014285714285571, 0.04751822264364523, 0.2866666666666667, 0.9399999999995485, 0.004461860398297855, 0.15333333333333332, 0.8057142857132743, 0.007150062004720215, 0.2733333333333333, 0.47428571428561145, 0.042499642035366055, 0.28, 0.26714285714232, 0.0025964553092095925, 0.3333333333333333, 0.28, 0.001285870193510074, 0.22666666666666666, 0.22999999999999715, 0.0165686355466282, 0.26666666666666666, 0.6185714285691428, 0.0016710137868781653, 0.08666666666666667, 0.45857142857126715, 0.019937897940663613, 0.0, 0.0, 0.0, 0.0, 0.0, 0.0, 0.0, 0.0, 0.0, 0.0, 0.0, 0.0, 0.0, 0.0, 0.0, 0.0, 0.0, 0.0, 0.0, 0.0, 0.0, 0.0, 0.0, 0.0, 0.0, 0.0, 0.0, 0.0, 0.0, 0.0, 0.0, 0.0, 0.0, 0.0, 0.0, 0.0, 0.0, 0.0, 0.0, 0.0, 0.0, 0.0, 0.0, 0.0, 0.0, 0.0, 0.0, 0.0, 0.0, 0.0, 0.0, 0.0, 0.0, 0.0, 0.0, 0.0, 0.0, 0.0, 0.0, 0.0, 0.0, 0.0, 0.0, 0.0, 0.0, 0.0, 0.0, 0.0, 0.0, 0.0, 0.0, 0.0, 0.0, 0.0, 0.0, 0.0, 0.0, 0.0, 0.0, 0.0, 0.0, 0.0, 0.0, 0.0, 0.0, 0.0, 0.0, 0.0, 0.0, 0.0, 0.0, 0.0, 0.0, 0.0, 0.0, 0.0],[0, 0, 0, 0, 0, 0, 0, 0, 0, 0, 0, 0, 0, 0, 0, 0, 0, 0, 1, 0, 0, 0, 0, 0, 0, 0, 0, 0, 0, 0, 0, 0, 0, 0, 0, 0, 0, 0, 0, 0, 0, 0, 0, 0, 0, 0, 0, 0, 0, 0, 0, 0, 0, 0, 0, 0, 0, 0, 0, 0, 0, 0, 0, 0]
[0.0, 0.0, 0.0, 0.0, 0.0, 0.0, 0.0, 0.0, 0.0, 0.0, 0.0, 0.0, 0.0, 0.0, 0.0, 0.0, 0.0, 0.0, 0.0, 0.0, 0.0, 0.0, 0.0, 0.0, 0.0, 0.0, 0.0, 0.0, 0.0, 0.0, 0.0, 0.0, 0.0, 0.0, 0.0, 0.0, 1.0, 1.0, 1.0, 1.0, 1.0, 1.0, 1.0, 1.0, 1.0, 1.0, 0.0, 0.0, 0.0, 0.0, 0.0, 0.0, 0.0, 0.0, 0.0, 0.0, 0.0, 0.0, 0.0, 0.0, 0.0, 0.0, 0.0, 0.0, 0.0, 0.0, 0.0, 0.0, 0.0, 0.0, 0.0, 0.0, 0.0, 0.0, 0.0, 0.0, 0.0, 0.0, 0.0, 0.0, 0.0, 0.0, 0.0, 0.0, 0.0, 0.0, 0.0, 0.0, 0.0, 0.0, 0.0, 0.0, 0.0, 0.0, 0.0, 0.0, 0.0, 0.0, 0.0, 0.0, 0.0, 0.0, 0.0, 0.0, 0.0, 0.0, 0.0, 0.0, 0.0, 0.0, 0.0, 0.0, 0.0, 0.0, 0.0, 0.0, 0.0, 0.0, 0.0, 0.0, 0.0, 0.0, 0.0, 0.0, 0.0, 0.0, 0.0, 0.0, 0.0, 0.0, 0.0, 0.0, 0.0, 0.0, 0.0, 0.0, 0.0, 0.0, 0.0, 0.0, 0.0, 0.0, 0.0, 0.0, 0.0, 1.0, 0.0, 1.0, 0.0, 0.0, 0.22666666666666666, 0.8914285714285428, 0.22728430645324973, 0.2733333333333333, 0.7942857142853571, 0.16085936063077083, 0.24666666666666667, 0.8671428571428357, 0.05056898528485491, 0.23333333333333334, 0.1571428571426, 0.0011782234176249621, 0.2733333333333333, 0.6871428571427886, 0.06914648513962361, 0.31333333333333335, 0.80571428571348, 0.008997342461869073, 0.26, 0.7199999999997257, 0.009364639283831076, 0.24666666666666667, 0.9085714285711014, 0.029013954704440438, 0.32, 0.8542857142848, 0.04932790975647819, 0.24666666666666667, 0.5899999999998857, 0.0162896289467644, 0.26666666666666666, 0.5228571428571429, 0.022909483243557033, 0.2866666666666667, 0.95999999999962, 0.011717469252673777, 0.26666666666666666, 0.8799999999994286, 0.006248231983901149, 0.31333333333333335, 0.47714285714262855, 0.0048264204020447, 0.32666666666666666, 0.1799999999994, 0.0022493356154620193, 0.22, 0.6014285714285357, 0.1339149910866318, 0.32666666666666666, 0.19428571428525, 0.0032371390868055376, 0.31333333333333335, 0.6442857142856429, 0.010133253149417069, 0.21333333333333335, 0.49142857142857144, 0.03377213929035598, 0.28, 0.80571428571384, 0.011746530436334314, 0.29333333333333333, 0.4742857142835429, 0.0014667384877461351, 0.2866666666666667, 0.39999999999934, 0.004882278855274617, 0.20666666666666667, 0.6014285714285571, 0.04751822264364523, 0.2866666666666667, 0.9399999999995485, 0.004461860398297855, 0.15333333333333332, 0.8057142857132743, 0.007150062004720215, 0.2733333333333333, 0.47428571428561145, 0.042499642035366055, 0.28, 0.26714285714232, 0.0025964553092095925, 0.3333333333333333, 0.28, 0.001285870193510074, 0.22666666666666666, 0.22999999999999715, 0.0165686355466282, 0.26666666666666666, 0.6185714285691428, 0.0016710137868781653, 0.08666666666666667, 0.45857142857126715, 0.019937897940663613, 0.0, 0.0, 0.0, 0.0, 0.0, 0.0, 0.0, 0.0, 0.0, 0.0, 0.0, 0.0, 0.0, 0.0, 0.0, 0.0, 0.0, 0.0, 0.0, 0.0, 0.0, 0.0, 0.0, 0.0, 0.0, 0.0, 0.0, 0.0, 0.0, 0.0, 0.0, 0.0, 0.0, 0.0, 0.0, 0.0, 0.0, 0.0, 0.0, 0.0, 0.0, 0.0, 0.0, 0.0, 0.0, 0.0, 0.0, 0.0, 0.0, 0.0, 0.0, 0.0, 0.0, 0.0, 0.0, 0.0, 0.0, 0.0, 0.0, 0.0, 0.0, 0.0, 0.0, 0.0, 0.0, 0.0, 0.0, 0.0, 0.0, 0.0, 0.0, 0.0, 0.0, 0.0, 0.0, 0.0, 0.0, 0.0, 0.0, 0.0, 0.0, 0.0, 0.0, 0.0, 0.0, 0.0, 0.0, 0.0, 0.0, 0.0, 0.0, 0.0, 0.0, 0.0, 0.0, 0.0, 0.0, 0.0, 0.0],[0, 0, 0, 0, 0, 0, 0, 0, 0, 0, 0, 0, 0, 0, 0, 0, 0, 0, 0, 0, 0, 0, 0, 0, 0, 0, 0, 0, 0, 0, 0, 0, 0, 0, 0, 0, 0, 0, 0, 0, 0, 0, 0, 0, 0, 0, 0, 0, 0, 0, 0, 0, 0, 0, 0, 0, 0, 0, 0, 0, 0, 0, 0, 0]
[0.0, 0.0, 0.0, 0.0, 0.0, 0.0, 0.0, 0.0, 0.0, 0.0, 0.0, 0.0, 0.0, 0.0, 0.0, 0.0, 0.0, 0.0, 0.0, 0.0, 0.0, 0.0, 0.0, 0.0, 0.0, 0.0, 0.0, 0.0, 0.0, 0.0, 0.0, 0.0, 0.0, 0.0, 0.0, 0.0, 1.0, 1.0, 1.0, 1.0, 1.0, 1.0, 1.0, 1.0, 1.0, 1.0, 0.0, 0.0, 0.0, 0.0, 0.0, 0.0, 0.0, 0.0, 0.0, 0.0, 0.0, 0.0, 0.0, 0.0, 0.0, 0.0, 0.0, 0.0, 0.0, 0.0, 1.0, 1.0, 1.0, 1.0, 0.0, 0.0, 0.0, 0.0, 0.0, 0.0, 0.0, 0.0, 0.0, 0.0, 0.0, 1.0, 0.0, 0.0, 0.0, 0.0, 0.0, 0.0, 0.0, 0.0, 0.0, 0.0, 0.0, 0.0, 0.0, 0.0, 0.0, 0.0, 0.0, 0.0, 0.0, 0.0, 0.0, 0.0, 0.0, 0.0, 0.0, 0.0, 0.0, 0.0, 0.0, 0.0, 0.0, 0.0, 0.0, 0.0, 0.0, 0.0, 0.0, 0.0, 0.0, 0.0, 1.0, 1.0, 0.0, 0.0, 0.0, 0.0, 0.0, 1.0, 1.0, 1.0, 0.0, 0.0, 0.0, 0.0, 0.0, 0.0, 0.0, 0.0, 0.0, 0.0, 0.0, 0.0, 0.0, 1.0, 0.0, 1.0, 0.0, 0.0, 0.03333333333333333, 0.5785714285714286, 0.8508797107971027, 0.22666666666666666, 0.8914285714285428, 0.22728430645324973, 0.2733333333333333, 0.7942857142853571, 0.16085936063077083, 0.24666666666666667, 0.8671428571428357, 0.05056898528485491, 0.12, 0.8599999999999886, 0.020006858620747185, 0.23333333333333334, 0.1571428571426, 0.0011782234176249621, 0.2733333333333333, 0.6871428571427886, 0.06914648513962361, 0.31333333333333335, 0.80571428571348, 0.008997342461869073, 0.15333333333333332, 0.8742857142849942, 0.011746249501282885, 0.26, 0.7199999999997257, 0.009364639283831076, 0.24666666666666667, 0.9085714285711014, 0.029013954704440438, 0.32, 0.8542857142848, 0.04932790975647819, 0.24666666666666667, 0.5899999999998857, 0.0162896289467644, 0.26666666666666666, 0.5228571428571429, 0.022909483243557033, 0.2866666666666667, 0.95999999999962, 0.011717469252673777, 0.26666666666666666, 0.8799999999994286, 0.006248231983901149, 0.31333333333333335, 0.47714285714262855, 0.0048264204020447, 0.32666666666666666, 0.1799999999994, 0.0022493356154620193, 0.22, 0.6014285714285357, 0.1339149910866318, 0.32666666666666666, 0.19428571428525, 0.0032371390868055376, 0.31333333333333335, 0.6442857142856429, 0.010133253149417069, 0.21333333333333335, 0.49142857142857144, 0.03377213929035598, 0.28, 0.80571428571384, 0.011746530436334314, 0.29333333333333333, 0.4742857142835429, 0.0014667384877461351, 0.2866666666666667, 0.39999999999934, 0.004882278855274617, 0.20666666666666667, 0.6014285714285571, 0.04751822264364523, 0.2866666666666667, 0.9399999999995485, 0.004461860398297855, 0.15333333333333332, 0.8057142857132743, 0.007150062004720215, 0.2733333333333333, 0.47428571428561145, 0.042499642035366055, 0.28, 0.26714285714232, 0.0025964553092095925, 0.3333333333333333, 0.28, 0.001285870193510074, 0.22666666666666666, 0.22999999999999715, 0.0165686355466282, 0.26666666666666666, 0.6185714285691428, 0.0016710137868781653, 0.08666666666666667, 0.45857142857126715, 0.019937897940663613, 0.0, 0.0, 0.0, 0.0, 0.0, 0.0, 0.0, 0.0, 0.0, 0.0, 0.0, 0.0, 0.0, 0.0, 0.0, 0.0, 0.0, 0.0, 0.0, 0.0, 0.0, 0.0, 0.0, 0.0, 0.0, 0.0, 0.0, 0.0, 0.0, 0.0, 0.0, 0.0, 0.0, 0.0, 0.0, 0.0, 0.0, 0.0, 0.0, 0.0, 0.0, 0.0, 0.0, 0.0, 0.0, 0.0, 0.0, 0.0, 0.0, 0.0, 0.0, 0.0, 0.0, 0.0, 0.0, 0.0, 0.0, 0.0, 0.0, 0.0, 0.0, 0.0, 0.0, 0.0, 0.0, 0.0, 0.0, 0.0, 0.0, 0.0, 0.0, 0.0, 0.0, 0.0, 0.0, 0.0, 0.0, 0.0, 0.0, 0.0, 0.0, 0.0, 0.0, 0.0, 0.0, 0.0, 0.0, 0.0, 0.0, 0.0],[1, 0, 0, 0, 0, 0, 0, 0, 0, 0, 0, 0, 0, 0, 0, 0, 0, 0, 0, 0, 0, 0, 0, 0, 0, 0, 0, 0, 0, 0, 0, 0, 0, 1, 0, 0, 0, 0, 0, 0, 0, 0, 0, 0, 0, 0, 0, 0, 0, 0, 0, 0, 0, 0, 0, 0, 0, 0, 0, 0, 0, 0, 0, 0]
[0.0, 0.0, 0.0, 0.0, 0.0, 0.0, 0.0, 0.0, 0.0, 0.0, 0.0, 0.0, 0.0, 0.0, 0.0, 0.0, 0.0, 0.0, 0.0, 0.0, 0.0, 0.0, 0.0, 0.0, 0.0, 0.0, 0.0, 0.0, 0.0, 0.0, 0.0, 0.0, 0.0, 0.0, 0.0, 0.0, 0.0, 0.0, 0.0, 0.0, 0.0, 0.0, 0.0, 0.0, 0.0, 0.0, 0.0, 0.0, 0.0, 0.0, 0.0, 0.0, 0.0, 0.0, 0.0, 0.0, 0.0, 0.0, 0.0, 0.0, 0.0, 0.0, 0.0, 0.0, 0.0, 0.0, 0.0, 0.0, 0.0, 0.0, 0.0, 0.0, 0.0, 0.0, 0.0, 0.0, 0.0, 0.0, 0.0, 0.0, 0.0, 0.0, 0.0, 0.0, 0.0, 0.0, 0.0, 0.0, 0.0, 0.0, 0.0, 0.0, 0.0, 0.0, 0.0, 0.0, 0.0, 0.0, 0.0, 0.0, 0.0, 0.0, 0.0, 0.0, 0.0, 0.0, 0.0, 0.0, 0.0, 0.0, 0.0, 0.0, 0.0, 0.0, 0.0, 0.0, 0.0, 0.0, 0.0, 0.0, 0.0, 0.0, 0.0, 0.0, 0.0, 0.0, 0.0, 0.0, 0.0, 0.0, 1.0, 1.0, 0.0, 0.0, 0.0, 0.0, 0.0, 0.0, 0.0, 0.0, 0.0, 0.0, 0.0, 0.0, 0.0, 1.0, 0.0, 1.0, 0.0, 0.0, 0.22666666666666666, 0.8914285714285428, 0.22728430645324973, 0.2733333333333333, 0.7942857142853571, 0.16085936063077083, 0.24666666666666667, 0.8671428571428357, 0.05056898528485491, 0.12, 0.8599999999999886, 0.020006858620747185, 0.23333333333333334, 0.1571428571426, 0.0011782234176249621, 0.2733333333333333, 0.6871428571427886, 0.06914648513962361, 0.31333333333333335, 0.80571428571348, 0.008997342461869073, 0.15333333333333332, 0.8742857142849942, 0.011746249501282885, 0.26, 0.7199999999997257, 0.009364639283831076, 0.24666666666666667, 0.9085714285711014, 0.029013954704440438, 0.32, 0.8542857142848, 0.04932790975647819, 0.24666666666666667, 0.5899999999998857, 0.0162896289467644, 0.26666666666666666, 0.5228571428571429, 0.022909483243557033, 0.2866666666666667, 0.95999999999962, 0.011717469252673777, 0.26666666666666666, 0.8799999999994286, 0.006248231983901149, 0.31333333333333335, 0.47714285714262855, 0.0048264204020447, 0.32666666666666666, 0.1799999999994, 0.0022493356154620193, 0.22, 0.6014285714285357, 0.1339149910866318, 0.32666666666666666, 0.19428571428525, 0.0032371390868055376, 0.31333333333333335, 0.6442857142856429, 0.010133253149417069, 0.21333333333333335, 0.49142857142857144, 0.03377213929035598, 0.28, 0.80571428571384, 0.011746530436334314, 0.29333333333333333, 0.4742857142835429, 0.0014667384877461351, 0.2866666666666667, 0.39999999999934, 0.004882278855274617, 0.20666666666666667, 0.6014285714285571, 0.04751822264364523, 0.2866666666666667, 0.9399999999995485, 0.004461860398297855, 0.15333333333333332, 0.8057142857132743, 0.007150062004720215, 0.2733333333333333, 0.47428571428561145, 0.042499642035366055, 0.28, 0.26714285714232, 0.0025964553092095925, 0.3333333333333333, 0.28, 0.001285870193510074, 0.22666666666666666, 0.22999999999999715, 0.0165686355466282, 0.26666666666666666, 0.6185714285691428, 0.0016710137868781653, 0.0, 0.0, 0.0, 0.0, 0.0, 0.0, 0.0, 0.0, 0.0, 0.0, 0.0, 0.0, 0.0, 0.0, 0.0, 0.0, 0.0, 0.0, 0.0, 0.0, 0.0, 0.0, 0.0, 0.0, 0.0, 0.0, 0.0, 0.0, 0.0, 0.0, 0.0, 0.0, 0.0, 0.0, 0.0, 0.0, 0.0, 0.0, 0.0, 0.0, 0.0, 0.0, 0.0, 0.0, 0.0, 0.0, 0.0, 0.0, 0.0, 0.0, 0.0, 0.0, 0.0, 0.0, 0.0, 0.0, 0.0, 0.0, 0.0, 0.0, 0.0, 0.0, 0.0, 0.0, 0.0, 0.0, 0.0, 0.0, 0.0, 0.0, 0.0, 0.0, 0.0, 0.0, 0.0, 0.0, 0.0, 0.0, 0.0, 0.0, 0.0, 0.0, 0.0, 0.0, 0.0, 0.0, 0.0, 0.0, 0.0, 0.0, 0.0, 0.0, 0.0, 0.0, 0.0, 0.0],[0, 0, 0, 0, 0, 0, 0, 0, 0, 0, 0, 0, 0, 0, 0, 0, 0, 0, 0, 0, 0, 0, 0, 0, 0, 0, 0, 0, 0, 0, 0, 0, 0, 0, 0, 0, 0, 0, 0, 0, 0, 0, 0, 0, 0, 0, 0, 0, 0, 0, 0, 0, 0, 0, 0, 0, 0, 0, 0, 0, 0, 0, 0, 0]
[0.0, 0.0, 0.0, 0.0, 0.0, 0.0, 0.0, 0.0, 0.0, 0.0, 0.0, 0.0, 0.0, 0.0, 0.0, 0.0, 0.0, 0.0, 0.0, 0.0, 0.0, 0.0, 0.0, 0.0, 0.0, 0.0, 0.0, 0.0, 0.0, 0.0, 1.0, 0.0, 0.0, 0.0, 0.0, 0.0, 0.0, 0.0, 0.0, 0.0, 0.0, 0.0, 0.0, 0.0, 0.0, 0.0, 0.0, 0.0, 0.0, 0.0, 0.0, 0.0, 0.0, 0.0, 0.0, 0.0, 0.0, 0.0, 0.0, 0.0, 0.0, 0.0, 0.0, 0.0, 1.0, 1.0, 0.0, 0.0, 0.0, 0.0, 1.0, 1.0, 1.0, 1.0, 1.0, 1.0, 1.0, 1.0, 1.0, 1.0, 1.0, 0.0, 0.0, 0.0, 0.0, 0.0, 0.0, 0.0, 0.0, 0.0, 1.0, 1.0, 1.0, 1.0, 1.0, 1.0, 1.0, 1.0, 1.0, 1.0, 1.0, 1.0, 1.0, 1.0, 1.0, 1.0, 1.0, 1.0, 1.0, 1.0, 1.0, 0.0, 0.0, 0.0, 0.0, 0.0, 0.0, 0.0, 0.0, 0.0, 0.0, 0.0, 0.0, 0.0, 0.0, 0.0, 0.0, 0.0, 0.0, 0.0, 1.0, 1.0, 0.0, 0.0, 0.0, 0.0, 1.0, 1.0, 1.0, 1.0, 0.0, 0.0, 0.0, 1.0, 1.0, 1.0, 0.0, 1.0, 0.0, 0.0, 0.22666666666666666, 0.8914285714285428, 0.22728430645324973, 0.2733333333333333, 0.7942857142853571, 0.16085936063077083, 0.24666666666666667, 0.8671428571428357, 0.05056898528485491, 0.23333333333333334, 0.4999999999998, 0.02269706557044912, 0.12, 0.8599999999999886, 0.020006858620747185, 0.23333333333333334, 0.1571428571426, 0.0011782234176249621, 0.2733333333333333, 0.6871428571427886, 0.06914648513962361, 0.31333333333333335, 0.80571428571348, 0.008997342461869073, 0.15333333333333332, 0.8742857142849942, 0.011746249501282885, 0.26, 0.7199999999997257, 0.009364639283831076, 0.24666666666666667, 0.9085714285711014, 0.029013954704440438, 0.32, 0.8542857142848, 0.04932790975647819, 0.24666666666666667, 0.5899999999998857, 0.0162896289467644, 0.26666666666666666, 0.5228571428571429, 0.022909483243557033, 0.2866666666666667, 0.95999999999962, 0.011717469252673777, 0.26666666666666666, 0.8799999999994286, 0.006248231983901149, 0.31333333333333335, 0.47714285714262855, 0.0048264204020447, 0.32666666666666666, 0.1799999999994, 0.0022493356154620193, 0.22, 0.6014285714285357, 0.1339149910866318, 0.32666666666666666, 0.19428571428525, 0.0032371390868055376, 0.31333333333333335, 0.6442857142856429, 0.010133253149417069, 0.21333333333333335, 0.49142857142857144, 0.03377213929035598, 0.28, 0.80571428571384, 0.011746530436334314, 0.29333333333333333, 0.4742857142835429, 0.0014667384877461351, 0.2866666666666667, 0.39999999999934, 0.004882278855274617, 0.20666666666666667, 0.6014285714285571, 0.04751822264364523, 0.2866666666666667, 0.9399999999995485, 0.004461860398297855, 0.15333333333333332, 0.8057142857132743, 0.007150062004720215, 0.2733333333333333, 0.47428571428561145, 0.042499642035366055, 0.28, 0.26714285714232, 0.0025964553092095925, 0.3333333333333333, 0.28, 0.001285870193510074, 0.22666666666666666, 0.22999999999999715, 0.0165686355466282, 0.26666666666666666, 0.6185714285691428, 0.0016710137868781653, 0.0, 0.0, 0.0, 0.0, 0.0, 0.0, 0.0, 0.0, 0.0, 0.0, 0.0, 0.0, 0.0, 0.0, 0.0, 0.0, 0.0, 0.0, 0.0, 0.0, 0.0, 0.0, 0.0, 0.0, 0.0, 0.0, 0.0, 0.0, 0.0, 0.0, 0.0, 0.0, 0.0, 0.0, 0.0, 0.0, 0.0, 0.0, 0.0, 0.0, 0.0, 0.0, 0.0, 0.0, 0.0, 0.0, 0.0, 0.0, 0.0, 0.0, 0.0, 0.0, 0.0, 0.0, 0.0, 0.0, 0.0, 0.0, 0.0, 0.0, 0.0, 0.0, 0.0, 0.0, 0.0, 0.0, 0.0, 0.0, 0.0, 0.0, 0.0, 0.0, 0.0, 0.0, 0.0, 0.0, 0.0, 0.0, 0.0, 0.0, 0.0, 0.0, 0.0, 0.0, 0.0, 0.0, 0.0, 0.0, 0.0, 0.0, 0.0, 0.0, 0.0],[1, 0, 0, 0, 0, 0, 0, 0, 0, 0, 0, 0, 0, 0, 0, 0, 0, 0, 0, 0, 0, 0, 0, 0, 0, 0, 0, 0, 0, 0, 0, 0, 0, 0, 0, 0, 0, 0, 0, 0, 0, 0, 0, 0, 0, 0, 0, 0, 0, 0, 0, 0, 0, 0, 0, 0, 0, 0, 0, 0, 0, 0, 0, 0]
[0.0, 0.0, 0.0, 0.0, 0.0, 0.0, 0.0, 0.0, 0.0, 0.0, 0.0, 0.0, 0.0, 0.0, 0.0, 0.0, 0.0, 0.0, 0.0, 0.0, 0.0, 0.0, 0.0, 0.0, 0.0, 0.0, 0.0, 0.0, 0.0, 0.0, 0.0, 0.0, 0.0, 0.0, 0.0, 0.0, 0.0, 0.0, 0.0, 0.0, 0.0, 0.0, 0.0, 0.0, 0.0, 0.0, 0.0, 0.0, 0.0, 0.0, 0.0, 0.0, 0.0, 0.0, 0.0, 0.0, 0.0, 0.0, 0.0, 0.0, 0.0, 0.0, 0.0, 0.0, 0.0, 0.0, 0.0, 0.0, 0.0, 0.0, 0.0, 0.0, 0.0, 0.0, 0.0, 0.0, 0.0, 0.0, 0.0, 0.0, 0.0, 0.0, 0.0, 0.0, 0.0, 0.0, 0.0, 0.0, 0.0, 0.0, 0.0, 0.0, 0.0, 0.0, 0.0, 0.0, 0.0, 0.0, 0.0, 0.0, 0.0, 0.0, 0.0, 0.0, 0.0, 0.0, 0.0, 0.0, 0.0, 0.0, 1.0, 0.0, 0.0, 0.0, 0.0, 0.0, 0.0, 0.0, 0.0, 0.0, 0.0, 0.0, 0.0, 0.0, 0.0, 0.0, 0.0, 0.0, 0.0, 0.0, 1.0, 1.0, 0.0, 0.0, 0.0, 0.0, 1.0, 1.0, 1.0, 1.0, 0.0, 0.0, 0.0, 1.0, 1.0, 1.0, 0.0, 1.0, 0.0, 0.0, 0.2733333333333333, 0.7942857142853571, 0.16085936063077083, 0.24666666666666667, 0.8671428571428357, 0.05056898528485491, 0.23333333333333334, 0.4999999999998, 0.02269706557044912, 0.12, 0.8599999999999886, 0.020006858620747185, 0.23333333333333334, 0.1571428571426, 0.0011782234176249621, 0.2733333333333333, 0.6871428571427886, 0.06914648513962361, 0.31333333333333335, 0.80571428571348, 0.008997342461869073, 0.15333333333333332, 0.8742857142849942, 0.011746249501282885, 0.26, 0.7199999999997257, 0.009364639283831076, 0.24666666666666667, 0.9085714285711014, 0.029013954704440438, 0.32, 0.8542857142848, 0.04932790975647819, 0.24666666666666667, 0.5899999999998857, 0.0162896289467644, 0.26666666666666666, 0.5228571428571429, 0.022909483243557033, 0.2866666666666667, 0.95999999999962, 0.011717469252673777, 0.26666666666666666, 0.8799999999994286, 0.006248231983901149, 0.31333333333333335, 0.47714285714262855, 0.0048264204020447, 0.32666666666666666, 0.1799999999994, 0.0022493356154620193, 0.22, 0.6014285714285357, 0.1339149910866318, 0.32666666666666666, 0.19428571428525, 0.0032371390868055376, 0.31333333333333335, 0.6442857142856429, 0.010133253149417069, 0.21333333333333335, 0.49142857142857144, 0.03377213929035598, 0.28, 0.80571428571384, 0.011746530436334314, 0.29333333333333333, 0.4742857142835429, 0.0014667384877461351, 0.2866666666666667, 0.39999999999934, 0.004882278855274617, 0.20666666666666667, 0.6014285714285571, 0.04751822264364523, 0.2866666666666667, 0.9399999999995485, 0.004461860398297855, 0.15333333333333332, 0.8057142857132743, 0.007150062004720215, 0.2733333333333333, 0.47428571428561145, 0.042499642035366055, 0.28, 0.26714285714232, 0.0025964553092095925, 0.3333333333333333, 0.28, 0.001285870193510074, 0.22666666666666666, 0.22999999999999715, 0.0165686355466282, 0.26666666666666666, 0.6185714285691428, 0.0016710137868781653, 0.0, 0.0, 0.0, 0.0, 0.0, 0.0, 0.0, 0.0, 0.0, 0.0, 0.0, 0.0, 0.0, 0.0, 0.0, 0.0, 0.0, 0.0, 0.0, 0.0, 0.0, 0.0, 0.0, 0.0, 0.0, 0.0, 0.0, 0.0, 0.0, 0.0, 0.0, 0.0, 0.0, 0.0, 0.0, 0.0, 0.0, 0.0, 0.0, 0.0, 0.0, 0.0, 0.0, 0.0, 0.0, 0.0, 0.0, 0.0, 0.0, 0.0, 0.0, 0.0, 0.0, 0.0, 0.0, 0.0, 0.0, 0.0, 0.0, 0.0, 0.0, 0.0, 0.0, 0.0, 0.0, 0.0, 0.0, 0.0, 0.0, 0.0, 0.0, 0.0, 0.0, 0.0, 0.0, 0.0, 0.0, 0.0, 0.0, 0.0, 0.0, 0.0, 0.0, 0.0, 0.0, 0.0, 0.0, 0.0, 0.0, 0.0, 0.0, 0.0, 0.0, 0.0, 0.0, 0.0],[0, 0, 0, 0, 0, 0, 0, 0, 0, 0, 0, 0, 0, 0, 0, 0, 0, 0, 0, 0, 0, 0, 0, 0, 0, 0, 0, 0, 0, 0, 0, 0, 0, 0, 0, 0, 0, 0, 0, 0, 0, 0, 0, 0, 0, 0, 0, 0, 0, 0, 0, 0, 0, 0, 0, 0, 0, 0, 0, 0, 0, 0, 0, 0]
[0.0, 0.0, 0.0, 0.0, 0.0, 0.0, 0.0, 0.0, 0.0, 1.0, 1.0, 1.0, 1.0, 1.0, 1.0, 1.0, 0.0, 0.0, 0.0, 0.0, 0.0, 0.0, 0.0, 0.0, 1.0, 1.0, 1.0, 1.0, 0.0, 0.0, 0.0, 1.0, 1.0, 1.0, 1.0, 1.0, 0.0, 0.0, 0.0, 0.0, 0.0, 0.0, 0.0, 0.0, 0.0, 0.0, 0.0, 0.0, 0.0, 0.0, 0.0, 0.0, 0.0, 0.0, 0.0, 0.0, 0.0, 0.0, 0.0, 0.0, 0.0, 0.0, 0.0, 0.0, 0.0, 0.0, 0.0, 0.0, 0.0, 0.0, 0.0, 0.0, 0.0, 0.0, 0.0, 0.0, 0.0, 0.0, 0.0, 0.0, 0.0, 0.0, 0.0, 0.0, 0.0, 0.0, 0.0, 0.0, 0.0, 0.0, 0.0, 0.0, 0.0, 0.0, 0.0, 0.0, 0.0, 0.0, 0.0, 0.0, 0.0, 0.0, 0.0, 0.0, 0.0, 0.0, 0.0, 0.0, 0.0, 0.0, 1.0, 0.0, 0.0, 0.0, 0.0, 0.0, 0.0, 0.0, 0.0, 0.0, 0.0, 0.0, 0.0, 0.0, 0.0, 0.0, 0.0, 0.0, 0.0, 0.0, 1.0, 1.0, 0.0, 0.0, 0.0, 0.0, 1.0, 1.0, 1.0, 1.0, 0.0, 0.0, 0.0, 1.0, 1.0, 1.0, 0.0, 1.0, 0.0, 0.0, 0.2733333333333333, 0.7942857142853571, 0.16085936063077083, 0.24666666666666667, 0.8671428571428357, 0.05056898528485491, 0.23333333333333334, 0.4999999999998, 0.02269706557044912, 0.12, 0.8599999999999886, 0.020006858620747185, 0.23333333333333334, 0.1571428571426, 0.0011782234176249621, 0.2733333333333333, 0.6871428571427886, 0.06914648513962361, 0.31333333333333335, 0.80571428571348, 0.008997342461869073, 0.15333333333333332, 0.8742857142849942, 0.011746249501282885, 0.26, 0.7199999999997257, 0.009364639283831076, 0.24666666666666667, 0.9085714285711014, 0.029013954704440438, 0.32, 0.8542857142848, 0.04932790975647819, 0.24666666666666667, 0.5899999999998857, 0.0162896289467644, 0.26666666666666666, 0.5228571428571429, 0.022909483243557033, 0.2866666666666667, 0.95999999999962, 0.011717469252673777, 0.26666666666666666, 0.8799999999994286, 0.006248231983901149, 0.31333333333333335, 0.47714285714262855, 0.0048264204020447, 0.32666666666666666, 0.1799999999994, 0.0022493356154620193, 0.22, 0.6014285714285357, 0.1339149910866318, 0.32666666666666666, 0.19428571428525, 0.0032371390868055376, 0.31333333333333335, 0.6442857142856429, 0.010133253149417069, 0.21333333333333335, 0.49142857142857144, 0.03377213929035598, 0.28, 0.80571428571384, 0.011746530436334314, 0.29333333333333333, 0.4742857142835429, 0.0014667384877461351, 0.2866666666666667, 0.39999999999934, 0.004882278855274617, 0.20666666666666667, 0.6014285714285571, 0.04751822264364523, 0.2866666666666667, 0.9399999999995485, 0.004461860398297855, 0.15333333333333332, 0.8057142857132743, 0.007150062004720215, 0.2733333333333333, 0.47428571428561145, 0.042499642035366055, 0.28, 0.26714285714232, 0.0025964553092095925, 0.3333333333333333, 0.28, 0.001285870193510074, 0.22666666666666666, 0.22999999999999715, 0.0165686355466282, 0.26666666666666666, 0.6185714285691428, 0.0016710137868781653, 0.0, 0.0, 0.0, 0.0, 0.0, 0.0, 0.0, 0.0, 0.0, 0.0, 0.0, 0.0, 0.0, 0.0, 0.0, 0.0, 0.0, 0.0, 0.0, 0.0, 0.0, 0.0, 0.0, 0.0, 0.0, 0.0, 0.0, 0.0, 0.0, 0.0, 0.0, 0.0, 0.0, 0.0, 0.0, 0.0, 0.0, 0.0, 0.0, 0.0, 0.0, 0.0, 0.0, 0.0, 0.0, 0.0, 0.0, 0.0, 0.0, 0.0, 0.0, 0.0, 0.0, 0.0, 0.0, 0.0, 0.0, 0.0, 0.0, 0.0, 0.0, 0.0, 0.0, 0.0, 0.0, 0.0, 0.0, 0.0, 0.0, 0.0, 0.0, 0.0, 0.0, 0.0, 0.0, 0.0, 0.0, 0.0, 0.0, 0.0, 0.0, 0.0, 0.0, 0.0, 0.0, 0.0, 0.0, 0.0, 0.0, 0.0, 0.0, 0.0, 0.0, 0.0, 0.0, 0.0],[0, 0, 0, 1, 0, 0, 0, 0, 0, 0, 0, 0, 0, 0, 0, 0, 0, 0, 0, 0, 0, 0, 0, 0, 0, 0, 0, 0, 0, 0, 0, 0, 0, 0, 0, 0, 0, 0, 0, 0, 0, 0, 0, 0, 0, 0, 0, 0, 0, 0, 0, 0, 0, 0, 0, 0, 0, 0, 0, 0, 0, 0, 0, 0]
[0.0, 0.0, 0.0, 0.0, 0.0, 0.0, 0.0, 0.0, 0.0, 0.0, 0.0, 0.0, 0.0, 0.0, 0.0, 0.0, 0.0, 0.0, 0.0, 0.0, 0.0, 0.0, 0.0, 0.0, 0.0, 0.0, 0.0, 0.0, 0.0, 0.0, 0.0, 0.0, 0.0, 0.0, 0.0, 0.0, 0.0, 0.0, 0.0, 0.0, 0.0, 0.0, 0.0, 0.0, 0.0, 0.0, 0.0, 0.0, 0.0, 0.0, 0.0, 0.0, 0.0, 0.0, 0.0, 0.0, 0.0, 0.0, 0.0, 0.0, 0.0, 0.0, 0.0, 0.0, 0.0, 0.0, 0.0, 0.0, 0.0, 0.0, 0.0, 0.0, 0.0, 0.0, 0.0, 0.0, 0.0, 0.0, 0.0, 0.0, 0.0, 0.0, 0.0, 0.0, 0.0, 0.0, 0.0, 0.0, 0.0, 0.0, 0.0, 0.0, 0.0, 0.0, 0.0, 0.0, 0.0, 0.0, 0.0, 0.0, 0.0, 0.0, 0.0, 0.0, 0.0, 0.0, 0.0, 0.0, 0.0, 0.0, 0.0, 0.0, 0.0, 0.0, 0.0, 0.0, 0.0, 0.0, 0.0, 0.0, 0.0, 0.0, 0.0, 0.0, 0.0, 0.0, 0.0, 0.0, 0.0, 0.0, 0.0, 1.0, 0.0, 0.0, 0.0, 0.0, 1.0, 1.0, 1.0, 1.0, 0.0, 0.0, 0.0, 1.0, 1.0, 1.0, 0.0, 1.0, 0.0, 0.0, 0.2733333333333333, 0.7942857142853571, 0.16085936063077083, 0.24666666666666667, 0.8671428571428357, 0.05056898528485491, 0.23333333333333334, 0.4999999999998, 0.02269706557044912, 0.23333333333333334, 0.1571428571426, 0.0011782234176249621, 0.2733333333333333, 0.6871428571427886, 0.06914648513962361, 0.31333333333333335, 0.80571428571348, 0.008997342461869073, 0.15333333333333332, 0.8742857142849942, 0.011746249501282885, 0.26, 0.7199999999997257, 0.009364639283831076, 0.24666666666666667, 0.9085714285711014, 0.029013954704440438, 0.32, 0.8542857142848, 0.04932790975647819, 0.24666666666666667, 0.5899999999998857, 0.0162896289467644, 0.26666666666666666, 0.5228571428571429, 0.022909483243557033, 0.2866666666666667, 0.95999999999962, 0.011717469252673777, 0.26666666666666666, 0.8799999999994286, 0.006248231983901149, 0.31333333333333335, 0.47714285714262855, 0.0048264204020447, 0.32666666666666666, 0.1799999999994, 0.0022493356154620193, 0.22, 0.6014285714285357, 0.1339149910866318, 0.32666666666666666, 0.19428571428525, 0.0032371390868055376, 0.31333333333333335, 0.6442857142856429, 0.010133253149417069, 0.21333333333333335, 0.49142857142857144, 0.03377213929035598, 0.28, 0.80571428571384, 0.011746530436334314, 0.29333333333333333, 0.4742857142835429, 0.0014667384877461351, 0.2866666666666667, 0.39999999999934, 0.004882278855274617, 0.20666666666666667, 0.6014285714285571, 0.04751822264364523, 0.2866666666666667, 0.9399999999995485, 0.004461860398297855, 0.15333333333333332, 0.8057142857132743, 0.007150062004720215, 0.2733333333333333, 0.47428571428561145, 0.042499642035366055, 0.28, 0.26714285714232, 0.0025964553092095925, 0.3333333333333333, 0.28, 0.001285870193510074, 0.22666666666666666, 0.22999999999999715, 0.0165686355466282, 0.26666666666666666, 0.6185714285691428, 0.0016710137868781653, 0.0, 0.0, 0.0, 0.0, 0.0, 0.0, 0.0, 0.0, 0.0, 0.0, 0.0, 0.0, 0.0, 0.0, 0.0, 0.0, 0.0, 0.0, 0.0, 0.0, 0.0, 0.0, 0.0, 0.0, 0.0, 0.0, 0.0, 0.0, 0.0, 0.0, 0.0, 0.0, 0.0, 0.0, 0.0, 0.0, 0.0, 0.0, 0.0, 0.0, 0.0, 0.0, 0.0, 0.0, 0.0, 0.0, 0.0, 0.0, 0.0, 0.0, 0.0, 0.0, 0.0, 0.0, 0.0, 0.0, 0.0, 0.0, 0.0, 0.0, 0.0, 0.0, 0.0, 0.0, 0.0, 0.0, 0.0, 0.0, 0.0, 0.0, 0.0, 0.0, 0.0, 0.0, 0.0, 0.0, 0.0, 0.0, 0.0, 0.0, 0.0, 0.0, 0.0, 0.0, 0.0, 0.0, 0.0, 0.0, 0.0, 0.0, 0.0, 0.0, 0.0, 0.0, 0.0, 0.0, 0.0, 0.0, 0.0],[0, 0, 0, 0, 0, 0, 0, 0, 0, 0, 0, 0, 0, 0, 0, 0, 0, 0, 0, 0, 0, 0, 0, 0, 0, 0, 0, 0, 0, 0, 0, 0, 0, 0, 0, 0, 0, 0, 0, 0, 0, 0, 0, 0, 0, 0, 0, 0, 0, 0, 0, 0, 0, 0, 0, 0, 0, 0, 0, 0, 0, 0, 0, 0]
[0.0, 0.0, 0.0, 0.0, 0.0, 0.0, 0.0, 0.0, 0.0, 0.0, 0.0, 0.0, 0.0, 0.0, 0.0, 0.0, 0.0, 0.0, 0.0, 0.0, 0.0, 0.0, 0.0, 0.0, 0.0, 0.0, 0.0, 0.0, 0.0, 0.0, 0.0, 0.0, 0.0, 0.0, 0.0, 0.0, 0.0, 0.0, 0.0, 0.0, 0.0, 0.0, 0.0, 0.0, 0.0, 0.0, 0.0, 0.0, 0.0, 0.0, 0.0, 0.0, 0.0, 0.0, 0.0, 0.0, 0.0, 0.0, 0.0, 0.0, 0.0, 0.0, 0.0, 0.0, 0.0, 0.0, 0.0, 0.0, 0.0, 0.0, 0.0, 0.0, 0.0, 0.0, 0.0, 0.0, 0.0, 0.0, 0.0, 0.0, 0.0, 0.0, 0.0, 0.0, 0.0, 0.0, 0.0, 0.0, 0.0, 0.0, 0.0, 0.0, 0.0, 0.0, 0.0, 0.0, 0.0, 0.0, 0.0, 0.0, 0.0, 0.0, 0.0, 0.0, 0.0, 0.0, 0.0, 0.0, 0.0, 0.0, 0.0, 0.0, 0.0, 0.0, 0.0, 0.0, 0.0, 0.0, 0.0, 0.0, 0.0, 0.0, 0.0, 0.0, 0.0, 0.0, 1.0, 1.0, 1.0, 0.0, 0.0, 1.0, 0.0, 0.0, 0.0, 0.0, 1.0, 1.0, 1.0, 1.0, 0.0, 0.0, 0.0, 1.0, 1.0, 1.0, 0.0, 1.0, 0.0, 0.0, 0.2733333333333333, 0.7942857142853571, 0.16085936063077083, 0.24666666666666667, 0.8671428571428357, 0.05056898528485491, 0.23333333333333334, 0.4999999999998, 0.02269706557044912, 0.23333333333333334, 0.1571428571426, 0.0011782234176249621, 0.2733333333333333, 0.6871428571427886, 0.06914648513962361, 0.31333333333333335, 0.80571428571348, 0.008997342461869073, 0.15333333333333332, 0.8742857142849942, 0.011746249501282885, 0.26, 0.7199999999997257, 0.009364639283831076, 0.24666666666666667, 0.9085714285711014, 0.029013954704440438, 0.32, 0.8542857142848, 0.04932790975647819, 0.24666666666666667, 0.5899999999998857, 0.0162896289467644, 0.26666666666666666, 0.5228571428571429, 0.022909483243557033, 0.2866666666666667, 0.95999999999962, 0.011717469252673777, 0.26666666666666666, 0.8799999999994286, 0.006248231983901149, 0.31333333333333335, 0.47714285714262855, 0.0048264204020447, 0.32666666666666666, 0.1799999999994, 0.0022493356154620193, 0.22, 0.6014285714285357, 0.1339149910866318, 0.32666666666666666, 0.19428571428525, 0.0032371390868055376, 0.31333333333333335, 0.6442857142856429, 0.010133253149417069, 0.21333333333333335, 0.49142857142857144, 0.03377213929035598, 0.28, 0.80571428571384, 0.011746530436334314, 0.29333333333333333, 0.4742857142835429, 0.0014667384877461351, 0.2866666666666667, 0.39999999999934, 0.004882278855274617, 0.20666666666666667, 0.6014285714285571, 0.04751822264364523, 0.2866666666666667, 0.9399999999995485, 0.004461860398297855, 0.15333333333333332, 0.8057142857132743, 0.007150062004720215, 0.2733333333333333, 0.47428571428561145, 0.042499642035366055, 0.28, 0.26714285714232, 0.0025964553092095925, 0.3333333333333333, 0.28, 0.001285870193510074, 0.22666666666666666, 0.22999999999999715, 0.0165686355466282, 0.26666666666666666, 0.6185714285691428, 0.0016710137868781653, 0.0, 0.0, 0.0, 0.0, 0.0, 0.0, 0.0, 0.0, 0.0, 0.0, 0.0, 0.0, 0.0, 0.0, 0.0, 0.0, 0.0, 0.0, 0.0, 0.0, 0.0, 0.0, 0.0, 0.0, 0.0, 0.0, 0.0, 0.0, 0.0, 0.0, 0.0, 0.0, 0.0, 0.0, 0.0, 0.0, 0.0, 0.0, 0.0, 0.0, 0.0, 0.0, 0.0, 0.0, 0.0, 0.0, 0.0, 0.0, 0.0, 0.0, 0.0, 0.0, 0.0, 0.0, 0.0, 0.0, 0.0, 0.0, 0.0, 0.0, 0.0, 0.0, 0.0, 0.0, 0.0, 0.0, 0.0, 0.0, 0.0, 0.0, 0.0, 0.0, 0.0, 0.0, 0.0, 0.0, 0.0, 0.0, 0.0, 0.0, 0.0, 0.0, 0.0, 0.0, 0.0, 0.0, 0.0, 0.0, 0.0, 0.0, 0.0, 0.0, 0.0, 0.0, 0.0, 0.0, 0.0, 0.0, 0.0],[0, 0, 0, 0, 0, 0, 0, 0, 0, 0, 0, 0, 0, 0, 0, 0, 0, 0, 0, 0, 0, 0, 0, 0, 0, 0, 0, 0, 0, 0, 0, 0, 0, 0, 0, 0, 0, 0, 0, 0, 0, 0, 0, 0, 0, 0, 0, 0, 0, 0, 0, 0, 0, 0, 0, 0, 0, 0, 0, 0, 0, 0, 0, 0]
[0.0, 0.0, 0.0, 0.0, 0.0, 0.0, 0.0, 0.0, 0.0, 0.0, 0.0, 0.0, 0.0, 0.0, 0.0, 0.0, 0.0, 0.0, 0.0, 0.0, 0.0, 0.0, 0.0, 0.0, 0.0, 0.0, 0.0, 0.0, 0.0, 0.0, 0.0, 0.0, 0.0, 0.0, 0.0, 0.0, 0.0, 0.0, 0.0, 0.0, 0.0, 0.0, 0.0, 0.0, 0.0, 0.0, 0.0, 0.0, 0.0, 0.0, 0.0, 0.0, 0.0, 0.0, 0.0, 0.0, 0.0, 0.0, 0.0, 0.0, 0.0, 0.0, 0.0, 0.0, 0.0, 0.0, 0.0, 0.0, 0.0, 0.0, 0.0, 0.0, 0.0, 0.0, 0.0, 0.0, 0.0, 0.0, 0.0, 0.0, 0.0, 0.0, 0.0, 0.0, 0.0, 0.0, 0.0, 0.0, 0.0, 0.0, 0.0, 0.0, 0.0, 0.0, 0.0, 0.0, 0.0, 0.0, 0.0, 0.0, 0.0, 0.0, 0.0, 0.0, 0.0, 0.0, 0.0, 0.0, 0.0, 0.0, 0.0, 0.0, 0.0, 0.0, 0.0, 0.0, 0.0, 0.0, 0.0, 0.0, 0.0, 0.0, 0.0, 0.0, 0.0, 0.0, 1.0, 1.0, 1.0, 0.0, 0.0, 1.0, 1.0, 1.0, 1.0, 1.0, 1.0, 1.0, 1.0, 1.0, 1.0, 1.0, 1.0, 1.0, 1.0, 1.0, 0.0, 1.0, 0.0, 0.0, 0.2733333333333333, 0.7942857142853571, 0.16085936063077083, 0.24666666666666667, 0.8671428571428357, 0.05056898528485491, 0.23333333333333334, 0.4999999999998, 0.02269706557044912, 0.23333333333333334, 0.1571428571426, 0.0011782234176249621, 0.2733333333333333, 0.6871428571427886, 0.06914648513962361, 0.31333333333333335, 0.80571428571348, 0.008997342461869073, 0.15333333333333332, 0.8742857142849942, 0.011746249501282885, 0.26, 0.7199999999997257, 0.009364639283831076, 0.24666666666666667, 0.9085714285711014, 0.029013954704440438, 0.32, 0.8542857142848, 0.04932790975647819, 0.24666666666666667, 0.5899999999998857, 0.0162896289467644, 0.26666666666666666, 0.5228571428571429, 0.022909483243557033, 0.2866666666666667, 0.95999999999962, 0.011717469252673777, 0.26666666666666666, 0.8799999999994286, 0.006248231983901149, 0.31333333333333335, 0.47714285714262855, 0.0048264204020447, 0.32666666666666666, 0.1799999999994, 0.0022493356154620193, 0.22, 0.6014285714285357, 0.1339149910866318, 0.32666666666666666, 0.19428571428525, 0.0032371390868055376, 0.31333333333333335, 0.6442857142856429, 0.010133253149417069, 0.21333333333333335, 0.49142857142857144, 0.03377213929035598, 0.28, 0.80571428571384, 0.011746530436334314, 0.29333333333333333, 0.4742857142835429, 0.0014667384877461351, 0.2866666666666667, 0.39999999999934, 0.004882278855274617, 0.20666666666666667, 0.6014285714285571, 0.04751822264364523, 0.2866666666666667, 0.9399999999995485, 0.004461860398297855, 0.15333333333333332, 0.8057142857132743, 0.007150062004720215, 0.2733333333333333, 0.47428571428561145, 0.042499642035366055, 0.28, 0.26714285714232, 0.0025964553092095925, 0.3333333333333333, 0.28, 0.001285870193510074, 0.22666666666666666, 0.22999999999999715, 0.0165686355466282, 0.26666666666666666, 0.6185714285691428, 0.0016710137868781653, 0.0, 0.0, 0.0, 0.0, 0.0, 0.0, 0.0, 0.0, 0.0, 0.0, 0.0, 0.0, 0.0, 0.0, 0.0, 0.0, 0.0, 0.0, 0.0, 0.0, 0.0, 0.0, 0.0, 0.0, 0.0, 0.0, 0.0, 0.0, 0.0, 0.0, 0.0, 0.0, 0.0, 0.0, 0.0, 0.0, 0.0, 0.0, 0.0, 0.0, 0.0, 0.0, 0.0, 0.0, 0.0, 0.0, 0.0, 0.0, 0.0, 0.0, 0.0, 0.0, 0.0, 0.0, 0.0, 0.0, 0.0, 0.0, 0.0, 0.0, 0.0, 0.0, 0.0, 0.0, 0.0, 0.0, 0.0, 0.0, 0.0, 0.0, 0.0, 0.0, 0.0, 0.0, 0.0, 0.0, 0.0, 0.0, 0.0, 0.0, 0.0, 0.0, 0.0, 0.0, 0.0, 0.0, 0.0, 0.0, 0.0, 0.0, 0.0, 0.0, 0.0, 0.0, 0.0, 0.0, 0.0, 0.0, 0.0],[0, 0, 0, 0, 0, 0, 0, 0, 0, 0, 0, 0, 0, 0, 0, 0, 0, 0, 0, 0, 0, 0, 0, 0, 0, 0, 0, 0, 0, 0, 0, 0, 0, 0, 0, 0, 0, 0, 0, 0, 0, 0, 0, 0, 0, 0, 0, 0, 0, 0, 0, 0, 0, 0, 0, 0, 0, 0, 0, 0, 0, 0, 0, 0]
[0.0, 0.0, 0.0, 0.0, 0.0, 0.0, 0.0, 0.0, 0.0, 0.0, 0.0, 0.0, 0.0, 0.0, 0.0, 0.0, 0.0, 0.0, 0.0, 0.0, 0.0, 0.0, 0.0, 0.0, 0.0, 0.0, 0.0, 0.0, 0.0, 0.0, 0.0, 0.0, 0.0, 0.0, 0.0, 0.0, 0.0, 0.0, 0.0, 0.0, 0.0, 1.0, 1.0, 1.0, 1.0, 1.0, 0.0, 0.0, 0.0, 0.0, 0.0, 0.0, 0.0, 0.0, 0.0, 0.0, 0.0, 0.0, 0.0, 0.0, 0.0, 0.0, 0.0, 0.0, 0.0, 0.0, 1.0, 1.0, 1.0, 1.0, 0.0, 0.0, 0.0, 0.0, 0.0, 0.0, 0.0, 0.0, 0.0, 0.0, 0.0, 1.0, 0.0, 0.0, 0.0, 0.0, 0.0, 0.0, 0.0, 0.0, 0.0, 0.0, 0.0, 0.0, 0.0, 0.0, 0.0, 0.0, 0.0, 0.0, 0.0, 0.0, 0.0, 0.0, 0.0, 0.0, 0.0, 0.0, 0.0, 0.0, 0.0, 0.0, 0.0, 0.0, 0.0, 0.0, 0.0, 0.0, 0.0, 0.0, 0.0, 0.0, 1.0, 1.0, 0.0, 0.0, 1.0, 1.0, 1.0, 1.0, 0.0, 1.0, 1.0, 1.0, 1.0, 1.0, 1.0, 1.0, 1.0, 1.0, 1.0, 1.0, 1.0, 1.0, 1.0, 1.0, 0.0, 1.0, 0.0, 0.0, 0.2733333333333333, 0.7942857142853571, 0.16085936063077083, 0.24666666666666667, 0.8671428571428357, 0.05056898528485491, 0.23333333333333334, 0.4999999999998, 0.02269706557044912, 0.23333333333333334, 0.1571428571426, 0.0011782234176249621, 0.2733333333333333, 0.6871428571427886, 0.06914648513962361, 0.31333333333333335, 0.80571428571348, 0.008997342461869073, 0.15333333333333332, 0.8742857142849942, 0.011746249501282885, 0.26, 0.7199999999997257, 0.009364639283831076, 0.24666666666666667, 0.9085714285711014, 0.029013954704440438, 0.32, 0.8542857142848, 0.04932790975647819, 0.24666666666666667, 0.5899999999998857, 0.0162896289467644, 0.26666666666666666, 0.5228571428571429, 0.022909483243557033, 0.2866666666666667, 0.95999999999962, 0.011717469252673777, 0.26666666666666666, 0.8799999999994286, 0.006248231983901149, 0.31333333333333335, 0.47714285714262855, 0.0048264204020447, 0.32666666666666666, 0.1799999999994, 0.0022493356154620193, 0.22, 0.6014285714285357, 0.1339149910866318, 0.32666666666666666, 0.19428571428525, 0.0032371390868055376, 0.31333333333333335, 0.6442857142856429, 0.010133253149417069, 0.21333333333333335, 0.49142857142857144, 0.03377213929035598, 0.28, 0.80571428571384, 0.011746530436334314, 0.29333333333333333, 0.4742857142835429, 0.0014667384877461351, 0.2866666666666667, 0.39999999999934, 0.004882278855274617, 0.20666666666666667, 0.6014285714285571, 0.04751822264364523, 0.2866666666666667, 0.9399999999995485, 0.004461860398297855, 0.15333333333333332, 0.8057142857132743, 0.007150062004720215, 0.2733333333333333, 0.47428571428561145, 0.042499642035366055, 0.28, 0.26714285714232, 0.0025964553092095925, 0.3333333333333333, 0.28, 0.001285870193510074, 0.22666666666666666, 0.22999999999999715, 0.0165686355466282, 0.26666666666666666, 0.6185714285691428, 0.0016710137868781653, 0.0, 0.0, 0.0, 0.0, 0.0, 0.0, 0.0, 0.0, 0.0, 0.0, 0.0, 0.0, 0.0, 0.0, 0.0, 0.0, 0.0, 0.0, 0.0, 0.0, 0.0, 0.0, 0.0, 0.0, 0.0, 0.0, 0.0, 0.0, 0.0, 0.0, 0.0, 0.0, 0.0, 0.0, 0.0, 0.0, 0.0, 0.0, 0.0, 0.0, 0.0, 0.0, 0.0, 0.0, 0.0, 0.0, 0.0, 0.0, 0.0, 0.0, 0.0, 0.0, 0.0, 0.0, 0.0, 0.0, 0.0, 0.0, 0.0, 0.0, 0.0, 0.0, 0.0, 0.0, 0.0, 0.0, 0.0, 0.0, 0.0, 0.0, 0.0, 0.0, 0.0, 0.0, 0.0, 0.0, 0.0, 0.0, 0.0, 0.0, 0.0, 0.0, 0.0, 0.0, 0.0, 0.0, 0.0, 0.0, 0.0, 0.0, 0.0, 0.0, 0.0, 0.0, 0.0, 0.0, 0.0, 0.0, 0.0],[0, 0, 0, 0, 0, 0, 1, 0, 0, 0, 0, 0, 0, 0, 0, 0, 0, 0, 0, 0, 0, 0, 0, 0, 0, 0, 0, 0, 0, 0, 0, 0, 0, 0, 0, 0, 0, 0, 0, 0, 0, 0, 0, 0, 0, 0, 0, 0, 0, 0, 0, 0, 0, 0, 0, 0, 0, 0, 0, 0, 0, 0, 0, 0]
[0.0, 0.0, 0.0, 0.0, 0.0, 0.0, 0.0, 0.0, 0.0, 0.0, 0.0, 0.0, 0.0, 0.0, 0.0, 0.0, 0.0, 0.0, 0.0, 0.0, 0.0, 0.0, 0.0, 0.0, 0.0, 0.0, 0.0, 0.0, 0.0, 0.0, 0.0, 0.0, 0.0, 0.0, 0.0, 0.0, 0.0, 0.0, 0.0, 0.0, 0.0, 0.0, 0.0, 0.0, 0.0, 0.0, 0.0, 0.0, 0.0, 0.0, 0.0, 0.0, 0.0, 0.0, 0.0, 0.0, 0.0, 0.0, 0.0, 0.0, 0.0, 0.0, 0.0, 0.0, 0.0, 0.0, 0.0, 0.0, 0.0, 0.0, 0.0, 0.0, 0.0, 0.0, 0.0, 0.0, 0.0, 0.0, 0.0, 0.0, 0.0, 0.0, 0.0, 0.0, 0.0, 0.0, 0.0, 0.0, 0.0, 0.0, 0.0, 0.0, 0.0, 0.0, 0.0, 0.0, 0.0, 0.0, 0.0, 0.0, 0.0, 0.0, 0.0, 0.0, 0.0, 0.0, 0.0, 0.0, 0.0, 0.0, 0.0, 0.0, 0.0, 0.0, 0.0, 0.0, 0.0, 0.0, 0.0, 0.0, 0.0, 0.0, 0.0, 0.0, 0.0, 0.0, 0.0, 0.0, 0.0, 0.0, 0.0, 0.0, 0.0, 0.0, 0.0, 0.0, 0.0, 0.0, 1.0, 1.0, 1.0, 1.0, 1.0, 1.0, 1.0, 1.0, 0.0, 1.0, 0.0, 0.0, 0.2733333333333333, 0.7942857142853571, 0.16085936063077083, 0.24666666666666667, 0.8671428571428357, 0.05056898528485491, 0.23333333333333334, 0.4999999999998, 0.02269706557044912, 0.23333333333333334, 0.1571428571426, 0.0011782234176249621, 0.2733333333333333, 0.6871428571427886, 0.06914648513962361, 0.31333333333333335, 0.80571428571348, 0.008997342461869073, 0.26, 0.7199999999997257, 0.009364639283831076, 0.24666666666666667, 0.9085714285711014, 0.029013954704440438, 0.32, 0.8542857142848, 0.04932790975647819, 0.24666666666666667, 0.5899999999998857, 0.0162896289467644, 0.26666666666666666, 0.5228571428571429, 0.022909483243557033, 0.2866666666666667, 0.95999999999962, 0.011717469252673777, 0.26666666666666666, 0.8799999999994286, 0.006248231983901149, 0.31333333333333335, 0.47714285714262855, 0.0048264204020447, 0.32666666666666666, 0.1799999999994, 0.0022493356154620193, 0.22, 0.6014285714285357, 0.1339149910866318, 0.32666666666666666, 0.19428571428525, 0.0032371390868055376, 0.31333333333333335, 0.6442857142856429, 0.010133253149417069, 0.21333333333333335, 0.49142857142857144, 0.03377213929035598, 0.28, 0.80571428571384, 0.011746530436334314, 0.29333333333333333, 0.4742857142835429, 0.0014667384877461351, 0.2866666666666667, 0.39999999999934, 0.004882278855274617, 0.20666666666666667, 0.6014285714285571, 0.04751822264364523, 0.2866666666666667, 0.9399999999995485, 0.004461860398297855, 0.15333333333333332, 0.8057142857132743, 0.007150062004720215, 0.2733333333333333, 0.47428571428561145, 0.042499642035366055, 0.28, 0.26714285714232, 0.0025964553092095925, 0.3333333333333333, 0.28, 0.001285870193510074, 0.22666666666666666, 0.22999999999999715, 0.0165686355466282, 0.26666666666666666, 0.6185714285691428, 0.0016710137868781653, 0.0, 0.0, 0.0, 0.0, 0.0, 0.0, 0.0, 0.0, 0.0, 0.0, 0.0, 0.0, 0.0, 0.0, 0.0, 0.0, 0.0, 0.0, 0.0, 0.0, 0.0, 0.0, 0.0, 0.0, 0.0, 0.0, 0.0, 0.0, 0.0, 0.0, 0.0, 0.0, 0.0, 0.0, 0.0, 0.0, 0.0, 0.0, 0.0, 0.0, 0.0, 0.0, 0.0, 0.0, 0.0, 0.0, 0.0, 0.0, 0.0, 0.0, 0.0, 0.0, 0.0, 0.0, 0.0, 0.0, 0.0, 0.0, 0.0, 0.0, 0.0, 0.0, 0.0, 0.0, 0.0, 0.0, 0.0, 0.0, 0.0, 0.0, 0.0, 0.0, 0.0, 0.0, 0.0, 0.0, 0.0, 0.0, 0.0, 0.0, 0.0, 0.0, 0.0, 0.0, 0.0, 0.0, 0.0, 0.0, 0.0, 0.0, 0.0, 0.0, 0.0, 0.0, 0.0, 0.0, 0.0, 0.0, 0.0, 0.0, 0.0, 0.0],[0, 0, 0, 0, 0, 0, 0, 0, 0, 0, 0, 0, 0, 0, 0, 0, 0, 0, 0, 0, 0, 0, 0, 0, 0, 0, 0, 0, 0, 0, 0, 0, 0, 0, 0, 0, 0, 0, 0, 0, 0, 0, 0, 0, 0, 0, 0, 0, 0, 0, 0, 0, 0, 0, 0, 0, 0, 0, 0, 0, 0, 0, 0, 0]
[0.0, 0.0, 0.0, 0.0, 0.0, 0.0, 0.0, 0.0, 0.0, 1.0, 1.0, 1.0, 1.0, 1.0, 1.0, 1.0, 0.0, 0.0, 0.0, 0.0, 0.0, 0.0, 0.0, 0.0, 1.0, 1.0, 1.0, 1.0, 0.0, 0.0, 0.0, 1.0, 1.0, 1.0, 1.0, 1.0, 0.0, 0.0, 0.0, 0.0, 0.0, 0.0, 0.0, 0.0, 0.0, 0.0, 0.0, 0.0, 0.0, 0.0, 0.0, 0.0, 0.0, 0.0, 0.0, 0.0, 0.0, 0.0, 0.0, 0.0, 0.0, 0.0, 0.0, 0.0, 0.0, 0.0, 0.0, 0.0, 0.0, 0.0, 0.0, 0.0, 0.0, 0.0, 0.0, 0.0, 0.0, 0.0, 0.0, 0.0, 0.0, 0.0, 0.0, 0.0, 0.0, 0.0, 0.0, 0.0, 0.0, 0.0, 0.0, 0.0, 0.0, 0.0, 0.0, 0.0, 0.0, 0.0, 0.0, 0.0, 0.0, 0.0, 0.0, 0.0, 0.0, 0.0, 0.0, 0.0, 0.0, 0.0, 1.0, 0.0, 0.0, 0.0, 0.0, 0.0, 0.0, 0.0, 0.0, 0.0, 0.0, 0.0, 0.0, 0.0, 0.0, 0.0, 0.0, 0.0, 0.0, 0.0, 1.0, 0.0, 0.0, 0.0, 0.0, 0.0, 0.0, 0.0, 1.0, 1.0, 1.0, 1.0, 1.0, 1.0, 1.0, 1.0, 0.0, 1.0, 0.0, 0.0, 0.2733333333333333, 0.7942857142853571, 0.16085936063077083, 0.24666666666666667, 0.8671428571428357, 0.05056898528485491, 0.23333333333333334, 0.4999999999998, 0.02269706557044912, 0.23333333333333334, 0.1571428571426, 0.0011782234176249621, 0.2733333333333333, 0.6871428571427886, 0.06914648513962361, 0.31333333333333335, 0.80571428571348, 0.008997342461869073, 0.26, 0.7199999999997257, 0.009364639283831076, 0.24666666666666667, 0.9085714285711014, 0.029013954704440438, 0.32, 0.8542857142848, 0.04932790975647819, 0.24666666666666667, 0.5899999999998857, 0.0162896289467644, 0.26666666666666666, 0.5228571428571429, 0.022909483243557033, 0.2866666666666667, 0.95999999999962, 0.011717469252673777, 0.26666666666666666, 0.8799999999994286, 0.006248231983901149, 0.31333333333333335, 0.47714285714262855, 0.0048264204020447, 0.32666666666666666, 0.1799999999994, 0.0022493356154620193, 0.22, 0.6014285714285357, 0.1339149910866318, 0.32666666666666666, 0.19428571428525, 0.0032371390868055376, 0.31333333333333335, 0.6442857142856429, 0.010133253149417069, 0.21333333333333335, 0.49142857142857144, 0.03377213929035598, 0.28, 0.80571428571384, 0.011746530436334314, 0.29333333333333333, 0.4742857142835429, 0.0014667384877461351, 0.2866666666666667, 0.39999999999934, 0.004882278855274617, 0.20666666666666667, 0.6014285714285571, 0.04751822264364523, 0.2866666666666667, 0.9399999999995485, 0.004461860398297855, 0.15333333333333332, 0.8057142857132743, 0.007150062004720215, 0.2733333333333333, 0.47428571428561145, 0.042499642035366055, 0.28, 0.26714285714232, 0.0025964553092095925, 0.3333333333333333, 0.28, 0.001285870193510074, 0.22666666666666666, 0.22999999999999715, 0.0165686355466282, 0.26666666666666666, 0.6185714285691428, 0.0016710137868781653, 0.0, 0.0, 0.0, 0.0, 0.0, 0.0, 0.0, 0.0, 0.0, 0.0, 0.0, 0.0, 0.0, 0.0, 0.0, 0.0, 0.0, 0.0, 0.0, 0.0, 0.0, 0.0, 0.0, 0.0, 0.0, 0.0, 0.0, 0.0, 0.0, 0.0, 0.0, 0.0, 0.0, 0.0, 0.0, 0.0, 0.0, 0.0, 0.0, 0.0, 0.0, 0.0, 0.0, 0.0, 0.0, 0.0, 0.0, 0.0, 0.0, 0.0, 0.0, 0.0, 0.0, 0.0, 0.0, 0.0, 0.0, 0.0, 0.0, 0.0, 0.0, 0.0, 0.0, 0.0, 0.0, 0.0, 0.0, 0.0, 0.0, 0.0, 0.0, 0.0, 0.0, 0.0, 0.0, 0.0, 0.0, 0.0, 0.0, 0.0, 0.0, 0.0, 0.0, 0.0, 0.0, 0.0, 0.0, 0.0, 0.0, 0.0, 0.0, 0.0, 0.0, 0.0, 0.0, 0.0, 0.0, 0.0, 0.0, 0.0, 0.0, 0.0],[0, 0, 0, 0, 0, 0, 0, 0, 0, 0, 0, 0, 0, 0, 0, 0, 0, 0, 0, 0, 0, 0, 0, 0, 1, 0, 0, 0, 0, 0, 0, 0, 0, 0, 0, 0, 0, 0, 0, 0, 0, 0, 0, 0, 0, 0, 0, 0, 0, 0, 0, 0, 0, 0, 0, 0, 0, 0, 0, 0, 0, 0, 0, 0]
[0.0, 0.0, 0.0, 0.0, 0.0, 0.0, 0.0, 0.0, 0.0, 0.0, 0.0, 0.0, 0.0, 0.0, 0.0, 0.0, 0.0, 0.0, 0.0, 0.0, 0.0, 0.0, 0.0, 0.0, 0.0, 0.0, 0.0, 0.0, 0.0, 0.0, 0.0, 0.0, 0.0, 0.0, 0.0, 0.0, 0.0, 0.0, 0.0, 0.0, 0.0, 0.0, 0.0, 0.0, 0.0, 0.0, 0.0, 0.0, 0.0, 0.0, 0.0, 0.0, 0.0, 0.0, 0.0, 0.0, 0.0, 0.0, 0.0, 0.0, 0.0, 0.0, 0.0, 0.0, 0.0, 0.0, 0.0, 0.0, 0.0, 0.0, 0.0, 0.0, 0.0, 0.0, 0.0, 0.0, 0.0, 0.0, 0.0, 0.0, 0.0, 0.0, 0.0, 0.0, 0.0, 0.0, 0.0, 0.0, 0.0, 0.0, 0.0, 0.0, 0.0, 0.0, 0.0, 0.0, 0.0, 0.0, 0.0, 0.0, 0.0, 0.0, 0.0, 0.0, 0.0, 0.0, 0.0, 0.0, 0.0, 0.0, 0.0, 0.0, 0.0, 0.0, 0.0, 0.0, 0.0, 0.0, 0.0, 0.0, 0.0, 0.0, 0.0, 0.0, 0.0, 0.0, 0.0, 0.0, 0.0, 0.0, 0.0, 0.0, 0.0, 0.0, 0.0, 0.0, 0.0, 0.0, 0.0, 0.0, 0.0, 0.0, 0.0, 1.0, 1.0, 1.0, 0.0, 1.0, 0.0, 0.0, 0.2733333333333333, 0.7942857142853571, 0.16085936063077083, 0.24666666666666667, 0.8671428571428357, 0.05056898528485491, 0.23333333333333334, 0.4999999999998, 0.02269706557044912, 0.23333333333333334, 0.1571428571426, 0.0011782234176249621, 0.2733333333333333, 0.6871428571427886, 0.06914648513962361, 0.31333333333333335, 0.80571428571348, 0.008997342461869073, 0.26, 0.7199999999997257, 0.009364639283831076, 0.24666666666666667, 0.9085714285711014, 0.029013954704440438, 0.32, 0.8542857142848, 0.04932790975647819, 0.24666666666666667, 0.5899999999998857, 0.0162896289467644, 0.26666666666666666, 0.5228571428571429, 0.022909483243557033, 0.2866666666666667, 0.95999999999962, 0.011717469252673777, 0.26666666666666666, 0.8799999999994286, 0.006248231983901149, 0.31333333333333335, 0.47714285714262855, 0.0048264204020447, 0.32666666666666666, 0.1799999999994, 0.0022493356154620193, 0.22, 0.6014285714285357, 0.1339149910866318, 0.32666666666666666, 0.19428571428525, 0.0032371390868055376, 0.31333333333333335, 0.6442857142856429, 0.010133253149417069, 0.21333333333333335, 0.49142857142857144, 0.03377213929035598, 0.28, 0.80571428571384, 0.011746530436334314, 0.29333333333333333, 0.4742857142835429, 0.0014667384877461351, 0.2866666666666667, 0.39999999999934, 0.004882278855274617, 0.20666666666666667, 0.6014285714285571, 0.04751822264364523, 0.2866666666666667, 0.9399999999995485, 0.004461860398297855, 0.2733333333333333, 0.47428571428561145, 0.042499642035366055, 0.28, 0.26714285714232, 0.0025964553092095925, 0.3333333333333333, 0.28, 0.001285870193510074, 0.22666666666666666, 0.22999999999999715, 0.0165686355466282, 0.26666666666666666, 0.6185714285691428, 0.0016710137868781653, 0.0, 0.0, 0.0, 0.0, 0.0, 0.0, 0.0, 0.0, 0.0, 0.0, 0.0, 0.0, 0.0, 0.0, 0.0, 0.0, 0.0, 0.0, 0.0, 0.0, 0.0, 0.0, 0.0, 0.0, 0.0, 0.0, 0.0, 0.0, 0.0, 0.0, 0.0, 0.0, 0.0, 0.0, 0.0, 0.0, 0.0, 0.0, 0.0, 0.0, 0.0, 0.0, 0.0, 0.0, 0.0, 0.0, 0.0, 0.0, 0.0, 0.0, 0.0, 0.0, 0.0, 0.0, 0.0, 0.0, 0.0, 0.0, 0.0, 0.0, 0.0, 0.0, 0.0, 0.0, 0.0, 0.0, 0.0, 0.0, 0.0, 0.0, 0.0, 0.0, 0.0, 0.0, 0.0, 0.0, 0.0, 0.0, 0.0, 0.0, 0.0, 0.0, 0.0, 0.0, 0.0, 0.0, 0.0, 0.0, 0.0, 0.0, 0.0, 0.0, 0.0, 0.0, 0.0, 0.0, 0.0, 0.0, 0.0, 0.0, 0.0, 0.0, 0.0, 0.0, 0.0],[0, 0, 0, 0, 0, 0, 0, 0, 0, 0, 0, 0, 0, 0, 0, 0, 0, 0, 0, 0, 0, 0, 0, 0, 0, 0, 0, 0, 0, 0, 0, 0, 0, 0, 0, 0, 0, 0, 0, 0, 0, 0, 0, 0, 0, 0, 0, 0, 0, 0, 0, 0, 0, 0, 0, 0, 0, 0, 0, 0, 0, 0, 0, 0]
[0.0, 0.0, 0.0, 0.0, 0.0, 0.0, 0.0, 0.0, 0.0, 0.0, 0.0, 0.0, 0.0, 0.0, 0.0, 0.0, 0.0, 0.0, 0.0, 0.0, 0.0, 0.0, 0.0, 0.0, 0.0, 0.0, 0.0, 0.0, 0.0, 0.0, 0.0, 0.0, 0.0, 0.0, 0.0, 0.0, 0.0, 0.0, 0.0, 0.0, 0.0, 1.0, 1.0, 1.0, 1.0, 1.0, 0.0, 0.0, 0.0, 0.0, 0.0, 0.0, 0.0, 0.0, 0.0, 0.0, 0.0, 0.0, 0.0, 0.0, 0.0, 0.0, 0.0, 0.0, 0.0, 0.0, 1.0, 1.0, 1.0, 1.0, 0.0, 0.0, 0.0, 0.0, 0.0, 0.0, 0.0, 0.0, 0.0, 0.0, 0.0, 1.0, 0.0, 0.0, 0.0, 0.0, 0.0, 0.0, 0.0, 0.0, 0.0, 0.0, 0.0, 0.0, 0.0, 0.0, 0.0, 0.0, 0.0, 0.0, 0.0, 0.0, 0.0, 0.0, 0.0, 0.0, 0.0, 0.0, 0.0, 0.0, 0.0, 0.0, 0.0, 0.0, 0.0, 0.0, 0.0, 0.0, 0.0, 0.0, 0.0, 0.0, 1.0, 1.0, 0.0, 0.0, 1.0, 1.0, 1.0, 1.0, 0.0, 1.0, 1.0, 1.0, 1.0, 1.0, 1.0, 1.0, 0.0, 0.0, 0.0, 0.0, 0.0, 1.0, 1.0, 1.0, 0.0, 1.0, 0.0, 0.0, 0.2733333333333333, 0.7942857142853571, 0.16085936063077083, 0.24666666666666667, 0.8671428571428357, 0.05056898528485491, 0.23333333333333334, 0.4999999999998, 0.02269706557044912, 0.23333333333333334, 0.1571428571426, 0.0011782234176249621, 0.2733333333333333, 0.6871428571427886, 0.06914648513962361, 0.31333333333333335, 0.80571428571348, 0.008997342461869073, 0.26, 0.7199999999997257, 0.009364639283831076, 0.24666666666666667, 0.9085714285711014, 0.029013954704440438, 0.32, 0.8542857142848, 0.04932790975647819, 0.24666666666666667, 0.5899999999998857, 0.0162896289467644, 0.26666666666666666, 0.5228571428571429, 0.022909483243557033, 0.2866666666666667, 0.95999999999962, 0.011717469252673777, 0.26666666666666666, 0.8799999999994286, 0.006248231983901149, 0.31333333333333335, 0.47714285714262855, 0.0048264204020447, 0.32666666666666666, 0.1799999999994, 0.0022493356154620193, 0.22, 0.6014285714285357, 0.1339149910866318, 0.32666666666666666, 0.19428571428525, 0.0032371390868055376, 0.31333333333333335, 0.6442857142856429, 0.010133253149417069, 0.21333333333333335, 0.49142857142857144, 0.03377213929035598, 0.28, 0.80571428571384, 0.011746530436334314, 0.29333333333333333, 0.4742857142835429, 0.0014667384877461351, 0.2866666666666667, 0.39999999999934, 0.004882278855274617, 0.20666666666666667, 0.6014285714285571, 0.04751822264364523, 0.2866666666666667, 0.9399999999995485, 0.004461860398297855, 0.2733333333333333, 0.47428571428561145, 0.042499642035366055, 0.28, 0.26714285714232, 0.0025964553092095925, 0.3333333333333333, 0.28, 0.001285870193510074, 0.22666666666666666, 0.22999999999999715, 0.0165686355466282, 0.26666666666666666, 0.6185714285691428, 0.0016710137868781653, 0.0, 0.0, 0.0, 0.0, 0.0, 0.0, 0.0, 0.0, 0.0, 0.0, 0.0, 0.0, 0.0, 0.0, 0.0, 0.0, 0.0, 0.0, 0.0, 0.0, 0.0, 0.0, 0.0, 0.0, 0.0, 0.0, 0.0, 0.0, 0.0, 0.0, 0.0, 0.0, 0.0, 0.0, 0.0, 0.0, 0.0, 0.0, 0.0, 0.0, 0.0, 0.0, 0.0, 0.0, 0.0, 0.0, 0.0, 0.0, 0.0, 0.0, 0.0, 0.0, 0.0, 0.0, 0.0, 0.0, 0.0, 0.0, 0.0, 0.0, 0.0, 0.0, 0.0, 0.0, 0.0, 0.0, 0.0, 0.0, 0.0, 0.0, 0.0, 0.0, 0.0, 0.0, 0.0, 0.0, 0.0, 0.0, 0.0, 0.0, 0.0, 0.0, 0.0, 0.0, 0.0, 0.0, 0.0, 0.0, 0.0, 0.0, 0.0, 0.0, 0.0, 0.0, 0.0, 0.0, 0.0, 0.0, 0.0, 0.0, 0.0, 0.0, 0.0, 0.0, 0.0],[0, 0, 0, 0, 0, 0, 0, 0, 0, 0, 0, 0, 0, 0, 0, 0, 0, 0, 0, 0, 0, 0, 0, 0, 0, 0, 0, 0, 0, 0, 0, 0, 0, 0, 0, 0, 0, 0, 0, 0, 0, 0, 0, 0, 0, 0, 0, 0, 0, 0, 0, 0, 0, 0, 0, 0, 0, 0, 0, 0, 0, 0, 0, 0]
[0.0, 0.0, 0.0, 0.0, 0.0, 0.0, 0.0, 0.0, 0.0, 1.0, 1.0, 1.0, 1.0, 1.0, 1.0, 1.0, 0.0, 0.0, 0.0, 0.0, 0.0, 0.0, 0.0, 0.0, 1.0, 1.0, 1.0, 1.0, 0.0, 0.0, 0.0, 1.0, 1.0, 1.0, 1.0, 1.0, 0.0, 0.0, 0.0, 0.0, 0.0, 1.0, 1.0, 1.0, 1.0, 1.0, 0.0, 0.0, 0.0, 0.0, 0.0, 0.0, 0.0, 0.0, 0.0, 0.0, 0.0, 0.0, 0.0, 0.0, 0.0, 0.0, 0.0, 0.0, 0.0, 0.0, 1.0, 1.0, 1.0, 1.0, 0.0, 0.0, 0.0, 0.0, 0.0, 0.0, 0.0, 0.0, 0.0, 0.0, 0.0, 1.0, 0.0, 0.0, 0.0, 0.0, 0.0, 0.0, 0.0, 0.0, 0.0, 0.0, 0.0, 0.0, 0.0, 0.0, 0.0, 0.0, 0.0, 0.0, 0.0, 0.0, 0.0, 0.0, 0.0, 0.0, 0.0, 0.0, 0.0, 0.0, 1.0, 0.0, 0.0, 0.0, 0.0, 0.0, 0.0, 0.0, 0.0, 0.0, 0.0, 0.0, 1.0, 1.0, 0.0, 0.0, 1.0, 1.0, 1.0, 1.0, 1.0, 1.0, 1.0, 1.0, 1.0, 1.0, 1.0, 1.0, 1.0, 1.0, 1.0, 1.0, 1.0, 1.0, 1.0, 1.0, 0.0, 1.0, 0.0, 0.0, 0.2733333333333333, 0.7942857142853571, 0.16085936063077083, 0.24666666666666667, 0.8671428571428357, 0.05056898528485491, 0.23333333333333334, 0.4999999999998, 0.02269706557044912, 0.23333333333333334, 0.1571428571426, 0.0011782234176249621, 0.2733333333333333, 0.6871428571427886, 0.06914648513962361, 0.31333333333333335, 0.80571428571348, 0.008997342461869073, 0.26, 0.7199999999997257, 0.009364639283831076, 0.24666666666666667, 0.9085714285711014, 0.029013954704440438, 0.32, 0.8542857142848, 0.04932790975647819, 0.24666666666666667, 0.5899999999998857, 0.0162896289467644, 0.26666666666666666, 0.5228571428571429, 0.022909483243557033, 0.2866666666666667, 0.95999999999962, 0.011717469252673777, 0.26666666666666666, 0.8799999999994286, 0.006248231983901149, 0.31333333333333335, 0.47714285714262855, 0.0048264204020447, 0.32666666666666666, 0.1799999999994, 0.0022493356154620193, 0.22, 0.6014285714285357, 0.1339149910866318, 0.32666666666666666, 0.19428571428525, 0.0032371390868055376, 0.31333333333333335, 0.6442857142856429, 0.010133253149417069, 0.21333333333333335, 0.49142857142857144, 0.03377213929035598, 0.28, 0.80571428571384, 0.011746530436334314, 0.29333333333333333, 0.4742857142835429, 0.0014667384877461351, 0.2866666666666667, 0.39999999999934, 0.004882278855274617, 0.20666666666666667, 0.6014285714285571, 0.04751822264364523, 0.2866666666666667, 0.9399999999995485, 0.004461860398297855, 0.2733333333333333, 0.47428571428561145, 0.042499642035366055, 0.28, 0.26714285714232, 0.0025964553092095925, 0.3333333333333333, 0.28, 0.001285870193510074, 0.22666666666666666, 0.22999999999999715, 0.0165686355466282, 0.26666666666666666, 0.6185714285691428, 0.0016710137868781653, 0.0, 0.0, 0.0, 0.0, 0.0, 0.0, 0.0, 0.0, 0.0, 0.0, 0.0, 0.0, 0.0, 0.0, 0.0, 0.0, 0.0, 0.0, 0.0, 0.0, 0.0, 0.0, 0.0, 0.0, 0.0, 0.0, 0.0, 0.0, 0.0, 0.0, 0.0, 0.0, 0.0, 0.0, 0.0, 0.0, 0.0, 0.0, 0.0, 0.0, 0.0, 0.0, 0.0, 0.0, 0.0, 0.0, 0.0, 0.0, 0.0, 0.0, 0.0, 0.0, 0.0, 0.0, 0.0, 0.0, 0.0, 0.0, 0.0, 0.0, 0.0, 0.0, 0.0, 0.0, 0.0, 0.0, 0.0, 0.0, 0.0, 0.0, 0.0, 0.0, 0.0, 0.0, 0.0, 0.0, 0.0, 0.0, 0.0, 0.0, 0.0, 0.0, 0.0, 0.0, 0.0, 0.0, 0.0, 0.0, 0.0, 0.0, 0.0, 0.0, 0.0, 0.0, 0.0, 0.0, 0.0, 0.0, 0.0, 0.0, 0.0, 0.0, 0.0, 0.0, 0.0],[1, 0, 0, 0, 0, 0, 0, 0, 0, 0, 0, 0, 0, 0, 0, 0, 0, 0, 0, 0, 0, 0, 0, 0, 0, 0, 0, 0, 0, 0, 0, 0, 0, 0, 0, 0, 0, 0, 0, 0, 0, 0, 0, 0, 0, 0, 0, 0, 0, 0, 0, 0, 0, 0, 0, 0, 0, 0, 0, 0, 0, 0, 0, 0]
[0.0, 0.0, 0.0, 0.0, 0.0, 0.0, 0.0, 0.0, 0.0, 0.0, 0.0, 0.0, 0.0, 0.0, 0.0, 0.0, 0.0, 0.0, 0.0, 0.0, 0.0, 0.0, 0.0, 0.0, 0.0, 0.0, 0.0, 0.0, 0.0, 0.0, 0.0, 0.0, 0.0, 0.0, 0.0, 0.0, 0.0, 0.0, 0.0, 0.0, 0.0, 0.0, 0.0, 0.0, 0.0, 0.0, 0.0, 0.0, 0.0, 0.0, 0.0, 0.0, 0.0, 0.0, 0.0, 0.0, 0.0, 0.0, 0.0, 0.0, 0.0, 0.0, 0.0, 0.0, 0.0, 0.0, 0.0, 0.0, 0.0, 0.0, 0.0, 0.0, 0.0, 0.0, 0.0, 0.0, 0.0, 0.0, 0.0, 0.0, 0.0, 0.0, 0.0, 0.0, 0.0, 0.0, 0.0, 0.0, 0.0, 0.0, 0.0, 0.0, 0.0, 0.0, 0.0, 0.0, 0.0, 0.0, 0.0, 0.0, 0.0, 0.0, 0.0, 0.0, 0.0, 0.0, 0.0, 0.0, 0.0, 0.0, 0.0, 0.0, 0.0, 0.0, 0.0, 0.0, 0.0, 0.0, 0.0, 0.0, 0.0, 0.0, 0.0, 0.0, 0.0, 0.0, 0.0, 0.0, 0.0, 0.0, 0.0, 0.0, 0.0, 0.0, 0.0, 0.0, 0.0, 0.0, 1.0, 1.0, 1.0, 1.0, 1.0, 1.0, 1.0, 1.0, 0.0, 1.0, 0.0, 0.0, 0.24666666666666667, 0.8671428571428357, 0.05056898528485491, 0.23333333333333334, 0.4999999999998, 0.02269706557044912, 0.23333333333333334, 0.1571428571426, 0.0011782234176249621, 0.2733333333333333, 0.6871428571427886, 0.06914648513962361, 0.31333333333333335, 0.80571428571348, 0.008997342461869073, 0.26, 0.7199999999997257, 0.009364639283831076, 0.24666666666666667, 0.9085714285711014, 0.029013954704440438, 0.32, 0.8542857142848, 0.04932790975647819, 0.24666666666666667, 0.5899999999998857, 0.0162896289467644, 0.26666666666666666, 0.5228571428571429, 0.022909483243557033, 0.2866666666666667, 0.95999999999962, 0.011717469252673777, 0.26666666666666666, 0.8799999999994286, 0.006248231983901149, 0.31333333333333335, 0.47714285714262855, 0.0048264204020447, 0.32666666666666666, 0.1799999999994, 0.0022493356154620193, 0.22, 0.6014285714285357, 0.1339149910866318, 0.32666666666666666, 0.19428571428525, 0.0032371390868055376, 0.31333333333333335, 0.6442857142856429, 0.010133253149417069, 0.21333333333333335, 0.49142857142857144, 0.03377213929035598, 0.28, 0.80571428571384, 0.011746530436334314, 0.29333333333333333, 0.4742857142835429, 0.0014667384877461351, 0.2866666666666667, 0.39999999999934, 0.004882278855274617, 0.20666666666666667, 0.6014285714285571, 0.04751822264364523, 0.2866666666666667, 0.9399999999995485, 0.004461860398297855, 0.2733333333333333, 0.47428571428561145, 0.042499642035366055, 0.28, 0.26714285714232, 0.0025964553092095925, 0.3333333333333333, 0.28, 0.001285870193510074, 0.22666666666666666, 0.22999999999999715, 0.0165686355466282, 0.26666666666666666, 0.6185714285691428, 0.0016710137868781653, 0.0, 0.0, 0.0, 0.0, 0.0, 0.0, 0.0, 0.0, 0.0, 0.0, 0.0, 0.0, 0.0, 0.0, 0.0, 0.0, 0.0, 0.0, 0.0, 0.0, 0.0, 0.0, 0.0, 0.0, 0.0, 0.0, 0.0, 0.0, 0.0, 0.0, 0.0, 0.0, 0.0, 0.0, 0.0, 0.0, 0.0, 0.0, 0.0, 0.0, 0.0, 0.0, 0.0, 0.0, 0.0, 0.0, 0.0, 0.0, 0.0, 0.0, 0.0, 0.0, 0.0, 0.0, 0.0, 0.0, 0.0, 0.0, 0.0, 0.0, 0.0, 0.0, 0.0, 0.0, 0.0, 0.0, 0.0, 0.0, 0.0, 0.0, 0.0, 0.0, 0.0, 0.0, 0.0, 0.0, 0.0, 0.0, 0.0, 0.0, 0.0, 0.0, 0.0, 0.0, 0.0, 0.0, 0.0, 0.0, 0.0, 0.0, 0.0, 0.0, 0.0, 0.0, 0.0, 0.0, 0.0, 0.0, 0.0, 0.0, 0.0, 0.0, 0.0, 0.0, 0.0, 0.0, 0.0, 0.0],[0, 0, 0, 0, 0, 0, 0, 0, 0, 0, 0, 0, 0, 0, 0, 0, 0, 0, 0, 0, 0, 0, 0, 0, 0, 0, 0, 0, 0, 0, 0, 0, 0, 0, 0, 0, 0, 0, 0, 0, 0, 0, 0, 0, 0, 0, 0, 0, 0, 0, 0, 0, 0, 0, 0, 0, 0, 0, 0, 0, 0, 0, 0, 0]
[0.0, 0.0, 0.0, 0.0, 0.0, 0.0, 0.0, 0.0, 0.0, 0.0, 0.0, 0.0, 0.0, 0.0, 0.0, 0.0, 1.0, 1.0, 1.0, 1.0, 1.0, 1.0, 0.0, 0.0, 0.0, 0.0, 0.0, 0.0, 0.0, 0.0, 0.0, 0.0, 0.0, 0.0, 0.0, 0.0, 0.0, 0.0, 0.0, 0.0, 0.0, 0.0, 0.0, 0.0, 0.0, 0.0, 0.0, 0.0, 0.0, 0.0, 0.0, 0.0, 0.0, 0.0, 0.0, 0.0, 0.0, 0.0, 0.0, 0.0, 0.0, 0.0, 0.0, 0.0, 0.0, 0.0, 0.0, 0.0, 0.0, 0.0, 0.0, 0.0, 0.0, 0.0, 0.0, 0.0, 0.0, 0.0, 0.0, 0.0, 0.0, 0.0, 0.0, 0.0, 0.0, 0.0, 0.0, 0.0, 0.0, 0.0, 0.0, 0.0, 0.0, 0.0, 0.0, 0.0, 0.0, 0.0, 0.0, 0.0, 0.0, 0.0, 0.0, 0.0, 0.0, 0.0, 0.0, 0.0, 0.0, 0.0, 0.0, 0.0, 0.0, 0.0, 0.0, 0.0, 0.0, 0.0, 0.0, 0.0, 0.0, 0.0, 0.0, 0.0, 0.0, 0.0, 0.0, 0.0, 0.0, 0.0, 0.0, 0.0, 0.0, 0.0, 0.0, 0.0, 0.0, 0.0, 1.0, 1.0, 1.0, 1.0, 1.0, 1.0, 1.0, 1.0, 0.0, 1.0, 0.0, 0.0, 0.32666666666666666, 0.4842857142844, 0.009558989814009865, 0.24666666666666667, 0.8671428571428357, 0.05056898528485491, 0.23333333333333334, 0.4999999999998, 0.02269706557044912, 0.23333333333333334, 0.1571428571426, 0.0011782234176249621, 0.2733333333333333, 0.6871428571427886, 0.06914648513962361, 0.31333333333333335, 0.80571428571348, 0.008997342461869073, 0.26, 0.7199999999997257, 0.009364639283831076, 0.24666666666666667, 0.9085714285711014, 0.029013954704440438, 0.32, 0.8542857142848, 0.04932790975647819, 0.24666666666666667, 0.5899999999998857, 0.0162896289467644, 0.26666666666666666, 0.5228571428571429, 0.022909483243557033, 0.2866666666666667, 0.95999999999962, 0.011717469252673777, 0.26666666666666666, 0.8799999999994286, 0.006248231983901149, 0.31333333333333335, 0.47714285714262855, 0.0048264204020447, 0.32666666666666666, 0.1799999999994, 0.0022493356154620193, 0.22, 0.6014285714285357, 0.1339149910866318, 0.32666666666666666, 0.19428571428525, 0.0032371390868055376, 0.31333333333333335, 0.6442857142856429, 0.010133253149417069, 0.21333333333333335, 0.49142857142857144, 0.03377213929035598, 0.25333333333333335, 0.7528571428558628, 0.0022746159773719687, 0.28, 0.80571428571384, 0.011746530436334314, 0.29333333333333333, 0.4742857142835429, 0.0014667384877461351, 0.2866666666666667, 0.39999999999934, 0.004882278855274617, 0.20666666666666667, 0.6014285714285571, 0.04751822264364523, 0.2866666666666667, 0.9399999999995485, 0.004461860398297855, 0.2733333333333333, 0.47428571428561145, 0.042499642035366055, 0.28, 0.26714285714232, 0.0025964553092095925, 0.3333333333333333, 0.28, 0.001285870193510074, 0.22666666666666666, 0.22999999999999715, 0.0165686355466282, 0.26666666666666666, 0.6185714285691428, 0.0016710137868781653, 0.0, 0.0, 0.0, 0.0, 0.0, 0.0, 0.0, 0.0, 0.0, 0.0, 0.0, 0.0, 0.0, 0.0, 0.0, 0.0, 0.0, 0.0, 0.0, 0.0, 0.0, 0.0, 0.0, 0.0, 0.0, 0.0, 0.0, 0.0, 0.0, 0.0, 0.0, 0.0, 0.0, 0.0, 0.0, 0.0, 0.0, 0.0, 0.0, 0.0, 0.0, 0.0, 0.0, 0.0, 0.0, 0.0, 0.0, 0.0, 0.0, 0.0, 0.0, 0.0, 0.0, 0.0, 0.0, 0.0, 0.0, 0.0, 0.0, 0.0, 0.0, 0.0, 0.0, 0.0, 0.0, 0.0, 0.0, 0.0, 0.0, 0.0, 0.0, 0.0, 0.0, 0.0, 0.0, 0.0, 0.0, 0.0, 0.0, 0.0, 0.0, 0.0, 0.0, 0.0, 0.0, 0.0, 0.0, 0.0, 0.0, 0.0, 0.0, 0.0, 0.0, 0.0, 0.0, 0.0, 0.0, 0.0, 0.0, 0.0, 0.0, 0.0],[0, 0, 0, 0, 0, 0, 0, 0, 0, 0, 0, 0, 0, 0, 0, 0, 0, 0, 0, 0, 0, 0, 0, 0, 0, 0, 0, 0, 0, 0, 0, 0, 0, 0, 0, 0, 0, 0, 0, 0, 0, 0, 0, 0, 0, 0, 0, 0, 0, 0, 0, 0, 0, 0, 0, 0, 0, 0, 0, 0, 0, 0, 0, 0]
[0.0, 0.0, 0.0, 0.0, 0.0, 0.0, 0.0, 0.0, 0.0, 1.0, 1.0, 1.0, 1.0, 1.0, 1.0, 1.0, 1.0, 1.0, 1.0, 1.0, 1.0, 1.0, 0.0, 0.0, 1.0, 1.0, 1.0, 1.0, 0.0, 0.0, 0.0, 1.0, 1.0, 1.0, 1.0, 1.0, 0.0, 0.0, 0.0, 0.0, 0.0, 1.0, 1.0, 1.0, 1.0, 1.0, 0.0, 0.0, 0.0, 0.0, 0.0, 0.0, 0.0, 0.0, 0.0, 0.0, 0.0, 0.0, 0.0, 0.0, 0.0, 0.0, 0.0, 0.0, 0.0, 0.0, 1.0, 1.0, 1.0, 1.0, 0.0, 0.0, 0.0, 0.0, 0.0, 0.0, 0.0, 0.0, 0.0, 0.0, 0.0, 1.0, 0.0, 0.0, 0.0, 0.0, 0.0, 0.0, 0.0, 0.0, 0.0, 0.0, 0.0, 0.0, 0.0, 0.0, 0.0, 0.0, 0.0, 0.0, 0.0, 0.0, 0.0, 0.0, 0.0, 0.0, 0.0, 0.0, 0.0, 0.0, 1.0, 0.0, 0.0, 0.0, 0.0, 0.0, 0.0, 0.0, 0.0, 0.0, 0.0, 0.0, 1.0, 1.0, 0.0, 0.0, 1.0, 1.0, 1.0, 1.0, 1.0, 1.0, 1.0, 1.0, 1.0, 1.0, 1.0, 1.0, 1.0, 1.0, 1.0, 1.0, 1.0, 1.0, 1.0, 1.0, 0.0, 1.0, 0.0, 0.0, 0.32666666666666666, 0.4842857142844, 0.009558989814009865, 0.24666666666666667, 0.8671428571428357, 0.05056898528485491, 0.23333333333333334, 0.4999999999998, 0.02269706557044912, 0.23333333333333334, 0.1571428571426, 0.0011782234176249621, 0.2733333333333333, 0.6871428571427886, 0.06914648513962361, 0.31333333333333335, 0.80571428571348, 0.008997342461869073, 0.26, 0.7199999999997257, 0.009364639283831076, 0.24666666666666667, 0.9085714285711014, 0.029013954704440438, 0.32, 0.8542857142848, 0.04932790975647819, 0.24666666666666667, 0.5899999999998857, 0.0162896289467644, 0.26666666666666666, 0.5228571428571429, 0.022909483243557033, 0.2866666666666667, 0.95999999999962, 0.011717469252673777, 0.26666666666666666, 0.8799999999994286, 0.006248231983901149, 0.31333333333333335, 0.47714285714262855, 0.0048264204020447, 0.32666666666666666, 0.1799999999994, 0.0022493356154620193, 0.22, 0.6014285714285357, 0.1339149910866318, 0.32666666666666666, 0.19428571428525, 0.0032371390868055376, 0.31333333333333335, 0.6442857142856429, 0.010133253149417069, 0.21333333333333335, 0.49142857142857144, 0.03377213929035598, 0.25333333333333335, 0.7528571428558628, 0.0022746159773719687, 0.28, 0.80571428571384, 0.011746530436334314, 0.29333333333333333, 0.4742857142835429, 0.0014667384877461351, 0.2866666666666667, 0.39999999999934, 0.004882278855274617, 0.006666666666666667, 0.4685714285714286, 0.6885966097490682, 0.20666666666666667, 0.6014285714285571, 0.04751822264364523, 0.2866666666666667, 0.9399999999995485, 0.004461860398297855, 0.2733333333333333, 0.47428571428561145, 0.042499642035366055, 0.28, 0.26714285714232, 0.0025964553092095925, 0.3333333333333333, 0.28, 0.001285870193510074, 0.22666666666666666, 0.22999999999999715, 0.0165686355466282, 0.26666666666666666, 0.6185714285691428, 0.0016710137868781653, 0.0, 0.0, 0.0, 0.0, 0.0, 0.0, 0.0, 0.0, 0.0, 0.0, 0.0, 0.0, 0.0, 0.0, 0.0, 0.0, 0.0, 0.0, 0.0, 0.0, 0.0, 0.0, 0.0, 0.0, 0.0, 0.0, 0.0, 0.0, 0.0, 0.0, 0.0, 0.0, 0.0, 0.0, 0.0, 0.0, 0.0, 0.0, 0.0, 0.0, 0.0, 0.0, 0.0, 0.0, 0.0, 0.0, 0.0, 0.0, 0.0, 0.0, 0.0, 0.0, 0.0, 0.0, 0.0, 0.0, 0.0, 0.0, 0.0, 0.0, 0.0, 0.0, 0.0, 0.0, 0.0, 0.0, 0.0, 0.0, 0.0, 0.0, 0.0, 0.0, 0.0, 0.0, 0.0, 0.0, 0.0, 0.0, 0.0, 0.0, 0.0, 0.0, 0.0, 0.0, 0.0, 0.0, 0.0, 0.0, 0.0, 0.0, 0.0, 0.0, 0.0, 0.0, 0.0, 0.0, 0.0, 0.0, 0.0],[1, 0, 0, 0, 0, 0, 0, 0, 0, 0, 0, 0, 0, 0, 0, 0, 0, 0, 0, 0, 0, 0, 0, 1, 0, 0, 0, 0, 0, 0, 0, 0, 0, 0, 0, 0, 0, 0, 0, 0, 0, 0, 0, 0, 0, 0, 0, 0, 0, 0, 0, 0, 0, 0, 0, 0, 0, 0, 0, 0, 0, 0, 0, 0]
[0.0, 0.0, 0.0, 0.0, 0.0, 0.0, 0.0, 0.0, 0.0, 0.0, 0.0, 0.0, 0.0, 0.0, 0.0, 0.0, 0.0, 0.0, 0.0, 0.0, 0.0, 0.0, 0.0, 0.0, 0.0, 0.0, 0.0, 0.0, 0.0, 0.0, 0.0, 0.0, 0.0, 0.0, 0.0, 0.0, 0.0, 0.0, 0.0, 0.0, 0.0, 0.0, 0.0, 0.0, 0.0, 0.0, 0.0, 0.0, 0.0, 0.0, 0.0, 0.0, 0.0, 0.0, 0.0, 0.0, 0.0, 0.0, 0.0, 0.0, 0.0, 0.0, 0.0, 0.0, 0.0, 0.0, 0.0, 0.0, 0.0, 0.0, 0.0, 0.0, 0.0, 0.0, 0.0, 0.0, 0.0, 0.0, 0.0, 0.0, 0.0, 0.0, 0.0, 0.0, 0.0, 0.0, 0.0, 0.0, 0.0, 0.0, 0.0, 0.0, 0.0, 0.0, 0.0, 0.0, 0.0, 0.0, 0.0, 0.0, 0.0, 0.0, 0.0, 0.0, 0.0, 0.0, 0.0, 0.0, 0.0, 0.0, 0.0, 0.0, 0.0, 0.0, 0.0, 0.0, 0.0, 0.0, 0.0, 0.0, 0.0, 0.0, 0.0, 0.0, 0.0, 0.0, 0.0, 0.0, 0.0, 0.0, 0.0, 0.0, 0.0, 0.0, 0.0, 0.0, 0.0, 0.0, 0.0, 0.0, 0.0, 1.0, 1.0, 1.0, 1.0, 1.0, 0.0, 1.0, 0.0, 0.0, 0.24666666666666667, 0.8671428571428357, 0.05056898528485491, 0.23333333333333334, 0.4999999999998, 0.02269706557044912, 0.23333333333333334, 0.1571428571426, 0.0011782234176249621, 0.2733333333333333, 0.6871428571427886, 0.06914648513962361, 0.31333333333333335, 0.80571428571348, 0.008997342461869073, 0.26, 0.7199999999997257, 0.009364639283831076, 0.24666666666666667, 0.9085714285711014, 0.029013954704440438, 0.32, 0.8542857142848, 0.04932790975647819, 0.24666666666666667, 0.5899999999998857, 0.0162896289467644, 0.26666666666666666, 0.5228571428571429, 0.022909483243557033, 0.2866666666666667, 0.95999999999962, 0.011717469252673777, 0.26666666666666666, 0.8799999999994286, 0.006248231983901149, 0.31333333333333335, 0.47714285714262855, 0.0048264204020447, 0.32666666666666666, 0.1799999999994, 0.0022493356154620193, 0.22, 0.6014285714285357, 0.1339149910866318, 0.32666666666666666, 0.19428571428525, 0.0032371390868055376, 0.31333333333333335, 0.6442857142856429, 0.010133253149417069, 0.21333333333333335, 0.49142857142857144, 0.03377213929035598, 0.25333333333333335, 0.7528571428558628, 0.0022746159773719687, 0.28, 0.80571428571384, 0.011746530436334314, 0.29333333333333333, 0.4742857142835429, 0.0014667384877461351, 0.2866666666666667, 0.39999999999934, 0.004882278855274617, 0.20666666666666667, 0.6014285714285571, 0.04751822264364523, 0.2866666666666667, 0.9399999999995485, 0.004461860398297855, 0.2733333333333333, 0.47428571428561145, 0.042499642035366055, 0.28, 0.26714285714232, 0.0025964553092095925, 0.3333333333333333, 0.28, 0.001285870193510074, 0.22666666666666666, 0.22999999999999715, 0.0165686355466282, 0.26666666666666666, 0.6185714285691428, 0.0016710137868781653, 0.0, 0.0, 0.0, 0.0, 0.0, 0.0, 0.0, 0.0, 0.0, 0.0, 0.0, 0.0, 0.0, 0.0, 0.0, 0.0, 0.0, 0.0, 0.0, 0.0, 0.0, 0.0, 0.0, 0.0, 0.0, 0.0, 0.0, 0.0, 0.0, 0.0, 0.0, 0.0, 0.0, 0.0, 0.0, 0.0, 0.0, 0.0, 0.0, 0.0, 0.0, 0.0, 0.0, 0.0, 0.0, 0.0, 0.0, 0.0, 0.0, 0.0, 0.0, 0.0, 0.0, 0.0, 0.0, 0.0, 0.0, 0.0, 0.0, 0.0, 0.0, 0.0, 0.0, 0.0, 0.0, 0.0, 0.0, 0.0, 0.0, 0.0, 0.0, 0.0, 0.0, 0.0, 0.0, 0.0, 0.0, 0.0, 0.0, 0.0, 0.0, 0.0, 0.0, 0.0, 0.0, 0.0, 0.0, 0.0, 0.0, 0.0, 0.0, 0.0, 0.0, 0.0, 0.0, 0.0, 0.0, 0.0, 0.0, 0.0, 0.0, 0.0, 0.0, 0.0, 0.0],[0, 0, 0, 0, 0, 0, 0, 0, 0, 0, 0, 0, 0, 0, 0, 0, 0, 0, 0, 0, 0, 0, 0, 0, 0, 0, 0, 0, 0, 0, 0, 0, 0, 0, 0, 0, 0, 0, 0, 0, 0, 0, 0, 0, 0, 0, 0, 0, 0, 0, 0, 0, 0, 0, 0, 0, 0, 0, 0, 0, 0, 0, 0, 0]
[0.0, 0.0, 0.0, 0.0, 0.0, 0.0, 0.0, 0.0, 0.0, 1.0, 1.0, 1.0, 1.0, 1.0, 1.0, 1.0, 1.0, 1.0, 1.0, 1.0, 1.0, 1.0, 0.0, 0.0, 1.0, 1.0, 1.0, 1.0, 0.0, 0.0, 0.0, 1.0, 1.0, 1.0, 1.0, 1.0, 0.0, 0.0, 0.0, 0.0, 0.0, 1.0, 1.0, 1.0, 1.0, 1.0, 0.0, 0.0, 0.0, 0.0, 0.0, 0.0, 0.0, 0.0, 0.0, 0.0, 0.0, 0.0, 0.0, 0.0, 0.0, 0.0, 0.0, 0.0, 0.0, 0.0, 1.0, 1.0, 1.0, 1.0, 0.0, 0.0, 0.0, 0.0, 0.0, 0.0, 0.0, 0.0, 0.0, 0.0, 0.0, 1.0, 0.0, 0.0, 0.0, 0.0, 0.0, 0.0, 0.0, 0.0, 0.0, 0.0, 0.0, 0.0, 0.0, 0.0, 0.0, 0.0, 0.0, 0.0, 0.0, 0.0, 0.0, 0.0, 0.0, 0.0, 0.0, 0.0, 0.0, 0.0, 1.0, 0.0, 0.0, 0.0, 0.0, 0.0, 0.0, 0.0, 0.0, 0.0, 0.0, 0.0, 1.0, 1.0, 0.0, 0.0, 1.0, 1.0, 1.0, 1.0, 1.0, 1.0, 1.0, 1.0, 1.0, 1.0, 1.0, 1.0, 1.0, 1.0, 0.0, 1.0, 1.0, 1.0, 1.0, 1.0, 0.0, 1.0, 0.0, 0.0, 0.22666666666666666, 0.8157142857139543, 0.010369774457933112, 0.22, 0.3957142857133714, 0.016048552100779826, 0.24666666666666667, 0.8671428571428357, 0.05056898528485491, 0.23333333333333334, 0.4999999999998, 0.02269706557044912, 0.23333333333333334, 0.1571428571426, 0.0011782234176249621, 0.2733333333333333, 0.6871428571427886, 0.06914648513962361, 0.31333333333333335, 0.80571428571348, 0.008997342461869073, 0.26, 0.7199999999997257, 0.009364639283831076, 0.24666666666666667, 0.9085714285711014, 0.029013954704440438, 0.32, 0.8542857142848, 0.04932790975647819, 0.24666666666666667, 0.5899999999998857, 0.0162896289467644, 0.26666666666666666, 0.5228571428571429, 0.022909483243557033, 0.2866666666666667, 0.95999999999962, 0.011717469252673777, 0.26666666666666666, 0.8799999999994286, 0.006248231983901149, 0.31333333333333335, 0.47714285714262855, 0.0048264204020447, 0.32666666666666666, 0.1799999999994, 0.0022493356154620193, 0.22, 0.6014285714285357, 0.1339149910866318, 0.32666666666666666, 0.19428571428525, 0.0032371390868055376, 0.31333333333333335, 0.6442857142856429, 0.010133253149417069, 0.21333333333333335, 0.49142857142857144, 0.03377213929035598, 0.25333333333333335, 0.7528571428558628, 0.0022746159773719687, 0.28, 0.80571428571384, 0.011746530436334314, 0.29333333333333333, 0.4742857142835429, 0.0014667384877461351, 0.2866666666666667, 0.39999999999934, 0.004882278855274617, 0.20666666666666667, 0.6014285714285571, 0.04751822264364523, 0.2866666666666667, 0.9399999999995485, 0.004461860398297855, 0.2733333333333333, 0.47428571428561145, 0.042499642035366055, 0.28, 0.26714285714232, 0.0025964553092095925, 0.3333333333333333, 0.28, 0.001285870193510074, 0.22666666666666666, 0.22999999999999715, 0.0165686355466282, 0.26666666666666666, 0.6185714285691428, 0.0016710137868781653, 0.0, 0.0, 0.0, 0.0, 0.0, 0.0, 0.0, 0.0, 0.0, 0.0, 0.0, 0.0, 0.0, 0.0, 0.0, 0.0, 0.0, 0.0, 0.0, 0.0, 0.0, 0.0, 0.0, 0.0, 0.0, 0.0, 0.0, 0.0, 0.0, 0.0, 0.0, 0.0, 0.0, 0.0, 0.0, 0.0, 0.0, 0.0, 0.0, 0.0, 0.0, 0.0, 0.0, 0.0, 0.0, 0.0, 0.0, 0.0, 0.0, 0.0, 0.0, 0.0, 0.0, 0.0, 0.0, 0.0, 0.0, 0.0, 0.0, 0.0, 0.0, 0.0, 0.0, 0.0, 0.0, 0.0, 0.0, 0.0, 0.0, 0.0, 0.0, 0.0, 0.0, 0.0, 0.0, 0.0, 0.0, 0.0, 0.0, 0.0, 0.0, 0.0, 0.0, 0.0, 0.0, 0.0, 0.0, 0.0, 0.0, 0.0, 0.0, 0.0, 0.0, 0.0, 0.0, 0.0, 0.0, 0.0, 0.0],[1, 0, 0, 0, 0, 0, 0, 0, 0, 0, 0, 0, 0, 0, 0, 0, 0, 0, 0, 0, 0, 0, 0, 0, 0, 0, 0, 0, 0, 0, 0, 0, 0, 0, 0, 0, 0, 0, 0, 0, 0, 0, 0, 0, 0, 0, 0, 0, 0, 0, 0, 0, 0, 0, 0, 0, 0, 0, 0, 0, 0, 0, 0, 0]
[0.0, 0.0, 0.0, 0.0, 0.0, 0.0, 0.0, 0.0, 0.0, 0.0, 0.0, 0.0, 0.0, 0.0, 0.0, 0.0, 0.0, 0.0, 0.0, 0.0, 0.0, 0.0, 0.0, 0.0, 0.0, 0.0, 0.0, 0.0, 0.0, 0.0, 0.0, 0.0, 0.0, 0.0, 0.0, 0.0, 0.0, 0.0, 0.0, 0.0, 0.0, 0.0, 0.0, 0.0, 0.0, 0.0, 0.0, 0.0, 0.0, 0.0, 0.0, 0.0, 0.0, 0.0, 0.0, 0.0, 0.0, 0.0, 0.0, 0.0, 0.0, 0.0, 0.0, 0.0, 0.0, 0.0, 0.0, 0.0, 0.0, 0.0, 0.0, 0.0, 0.0, 0.0, 0.0, 0.0, 0.0, 0.0, 0.0, 0.0, 0.0, 0.0, 0.0, 0.0, 0.0, 0.0, 0.0, 0.0, 0.0, 0.0, 0.0, 0.0, 0.0, 0.0, 0.0, 0.0, 0.0, 0.0, 0.0, 0.0, 0.0, 0.0, 0.0, 0.0, 0.0, 0.0, 0.0, 0.0, 0.0, 0.0, 0.0, 0.0, 0.0, 0.0, 0.0, 0.0, 0.0, 0.0, 0.0, 0.0, 0.0, 0.0, 0.0, 1.0, 0.0, 0.0, 1.0, 1.0, 1.0, 1.0, 1.0, 1.0, 1.0, 1.0, 1.0, 1.0, 1.0, 1.0, 1.0, 1.0, 0.0, 1.0, 1.0, 1.0, 1.0, 1.0, 0.0, 1.0, 0.0, 0.0, 0.22, 0.3957142857133714, 0.016048552100779826, 0.24666666666666667, 0.8671428571428357, 0.05056898528485491, 0.23333333333333334, 0.4999999999998, 0.02269706557044912, 0.23333333333333334, 0.1571428571426, 0.0011782234176249621, 0.2733333333333333, 0.6871428571427886, 0.06914648513962361, 0.31333333333333335, 0.80571428571348, 0.008997342461869073, 0.26, 0.7199999999997257, 0.009364639283831076, 0.24666666666666667, 0.9085714285711014, 0.029013954704440438, 0.32, 0.8542857142848, 0.04932790975647819, 0.24666666666666667, 0.5899999999998857, 0.0162896289467644, 0.26666666666666666, 0.5228571428571429, 0.022909483243557033, 0.2866666666666667, 0.95999999999962, 0.011717469252673777, 0.26666666666666666, 0.8799999999994286, 0.006248231983901149, 0.31333333333333335, 0.47714285714262855, 0.0048264204020447, 0.32666666666666666, 0.1799999999994, 0.0022493356154620193, 0.22, 0.6014285714285357, 0.1339149910866318, 0.32666666666666666, 0.19428571428525, 0.0032371390868055376, 0.31333333333333335, 0.6442857142856429, 0.010133253149417069, 0.21333333333333335, 0.49142857142857144, 0.03377213929035598, 0.25333333333333335, 0.7528571428558628, 0.0022746159773719687, 0.28, 0.80571428571384, 0.011746530436334314, 0.29333333333333333, 0.4742857142835429, 0.0014667384877461351, 0.2866666666666667, 0.39999999999934, 0.004882278855274617, 0.20666666666666667, 0.6014285714285571, 0.04751822264364523, 0.2866666666666667, 0.9399999999995485, 0.004461860398297855, 0.2733333333333333, 0.47428571428561145, 0.042499642035366055, 0.28, 0.26714285714232, 0.0025964553092095925, 0.3333333333333333, 0.28, 0.001285870193510074, 0.22666666666666666, 0.22999999999999715, 0.0165686355466282, 0.26666666666666666, 0.6185714285691428, 0.0016710137868781653, 0.0, 0.0, 0.0, 0.0, 0.0, 0.0, 0.0, 0.0, 0.0, 0.0, 0.0, 0.0, 0.0, 0.0, 0.0, 0.0, 0.0, 0.0, 0.0, 0.0, 0.0, 0.0, 0.0, 0.0, 0.0, 0.0, 0.0, 0.0, 0.0, 0.0, 0.0, 0.0, 0.0, 0.0, 0.0, 0.0, 0.0, 0.0, 0.0, 0.0, 0.0, 0.0, 0.0, 0.0, 0.0, 0.0, 0.0, 0.0, 0.0, 0.0, 0.0, 0.0, 0.0, 0.0, 0.0, 0.0, 0.0, 0.0, 0.0, 0.0, 0.0, 0.0, 0.0, 0.0, 0.0, 0.0, 0.0, 0.0, 0.0, 0.0, 0.0, 0.0, 0.0, 0.0, 0.0, 0.0, 0.0, 0.0, 0.0, 0.0, 0.0, 0.0, 0.0, 0.0, 0.0, 0.0, 0.0, 0.0, 0.0, 0.0, 0.0, 0.0, 0.0, 0.0, 0.0, 0.0, 0.0, 0.0, 0.0, 0.0, 0.0, 0.0],[0, 0, 0, 0, 0, 0, 0, 0, 0, 0, 0, 0, 0, 0, 0, 0, 0, 0, 0, 0, 0, 0, 0, 0, 0, 0, 0, 0, 0, 0, 0, 0, 0, 0, 0, 0, 0, 0, 0, 0, 0, 0, 0, 0, 0, 0, 0, 0, 0, 0, 0, 0, 0, 0, 0, 0, 0, 0, 0, 0, 0, 0, 0, 0]
[0.0, 0.0, 0.0, 1.0, 1.0, 1.0, 1.0, 1.0, 1.0, 0.0, 0.0, 0.0, 0.0, 0.0, 0.0, 0.0, 0.0, 0.0, 0.0, 0.0, 0.0, 0.0, 0.0, 0.0, 0.0, 0.0, 0.0, 0.0, 0.0, 0.0, 0.0, 0.0, 0.0, 0.0, 0.0, 0.0, 0.0, 0.0, 0.0, 0.0, 0.0, 0.0, 0.0, 0.0, 0.0, 0.0, 0.0, 0.0, 0.0, 0.0, 0.0, 0.0, 0.0, 0.0, 0.0, 0.0, 0.0, 0.0, 0.0, 0.0, 0.0, 0.0, 0.0, 0.0, 0.0, 0.0, 0.0, 0.0, 0.0, 0.0, 0.0, 0.0, 0.0, 0.0, 0.0, 0.0, 0.0, 0.0, 0.0, 0.0, 0.0, 0.0, 0.0, 0.0, 0.0, 0.0, 0.0, 0.0, 0.0, 0.0, 0.0, 0.0, 0.0, 0.0, 0.0, 0.0, 0.0, 0.0, 0.0, 0.0, 0.0, 0.0, 0.0, 0.0, 0.0, 0.0, 0.0, 0.0, 0.0, 0.0, 0.0, 0.0, 0.0, 0.0, 0.0, 0.0, 0.0, 0.0, 0.0, 0.0, 0.0, 0.0, 0.0, 1.0, 0.0, 0.0, 1.0, 1.0, 1.0, 1.0, 1.0, 1.0, 1.0, 1.0, 1.0, 1.0, 1.0, 1.0, 1.0, 1.0, 0.0, 1.0, 1.0, 1.0, 1.0, 1.0, 0.0, 1.0, 0.0, 0.0, 0.22, 0.3957142857133714, 0.016048552100779826, 0.24666666666666667, 0.8671428571428357, 0.05056898528485491, 0.23333333333333334, 0.4999999999998, 0.02269706557044912, 0.23333333333333334, 0.1571428571426, 0.0011782234176249621, 0.2733333333333333, 0.6871428571427886, 0.06914648513962361, 0.31333333333333335, 0.80571428571348, 0.008997342461869073, 0.26, 0.7199999999997257, 0.009364639283831076, 0.24666666666666667, 0.9085714285711014, 0.029013954704440438, 0.32, 0.8542857142848, 0.04932790975647819, 0.24666666666666667, 0.5899999999998857, 0.0162896289467644, 0.26666666666666666, 0.5228571428571429, 0.022909483243557033, 0.2866666666666667, 0.95999999999962, 0.011717469252673777, 0.26666666666666666, 0.8799999999994286, 0.006248231983901149, 0.31333333333333335, 0.47714285714262855, 0.0048264204020447, 0.32666666666666666, 0.1799999999994, 0.0022493356154620193, 0.22, 0.6014285714285357, 0.1339149910866318, 0.32666666666666666, 0.19428571428525, 0.0032371390868055376, 0.31333333333333335, 0.6442857142856429, 0.010133253149417069, 0.21333333333333335, 0.49142857142857144, 0.03377213929035598, 0.25333333333333335, 0.7528571428558628, 0.0022746159773719687, 0.28, 0.80571428571384, 0.011746530436334314, 0.29333333333333333, 0.4742857142835429, 0.0014667384877461351, 0.2866666666666667, 0.39999999999934, 0.004882278855274617, 0.20666666666666667, 0.6014285714285571, 0.04751822264364523, 0.2866666666666667, 0.9399999999995485, 0.004461860398297855, 0.2733333333333333, 0.47428571428561145, 0.042499642035366055, 0.28, 0.26714285714232, 0.0025964553092095925, 0.3333333333333333, 0.28, 0.001285870193510074, 0.22666666666666666, 0.22999999999999715, 0.0165686355466282, 0.26666666666666666, 0.6185714285691428, 0.0016710137868781653, 0.0, 0.0, 0.0, 0.0, 0.0, 0.0, 0.0, 0.0, 0.0, 0.0, 0.0, 0.0, 0.0, 0.0, 0.0, 0.0, 0.0, 0.0, 0.0, 0.0, 0.0, 0.0, 0.0, 0.0, 0.0, 0.0, 0.0, 0.0, 0.0, 0.0, 0.0, 0.0, 0.0, 0.0, 0.0, 0.0, 0.0, 0.0, 0.0, 0.0, 0.0, 0.0, 0.0, 0.0, 0.0, 0.0, 0.0, 0.0, 0.0, 0.0, 0.0, 0.0, 0.0, 0.0, 0.0, 0.0, 0.0, 0.0, 0.0, 0.0, 0.0, 0.0, 0.0, 0.0, 0.0, 0.0, 0.0, 0.0, 0.0, 0.0, 0.0, 0.0, 0.0, 0.0, 0.0, 0.0, 0.0, 0.0, 0.0, 0.0, 0.0, 0.0, 0.0, 0.0, 0.0, 0.0, 0.0, 0.0, 0.0, 0.0, 0.0, 0.0, 0.0, 0.0, 0.0, 0.0, 0.0, 0.0, 0.0, 0.0, 0.0, 0.0],[0, 0, 0, 0, 0, 0, 0, 0, 0, 0, 0, 0, 0, 0, 0, 0, 0, 0, 0, 0, 0, 0, 0, 0, 0, 0, 0, 0, 0, 0, 0, 0, 0, 0, 0, 0, 0, 0, 0, 0, 0, 0, 0, 0, 0, 0, 0, 0, 0, 0, 0, 0, 0, 0, 0, 0, 0, 0, 0, 0, 0, 0, 0, 0]
[0.0, 0.0, 0.0, 1.0, 1.0, 1.0, 1.0, 1.0, 1.0, 1.0, 1.0, 1.0, 1.0, 1.0, 1.0, 1.0, 1.0, 1.0, 1.0, 1.0, 1.0, 1.0, 0.0, 0.0, 1.0, 1.0, 1.0, 1.0, 0.0, 0.0, 0.0, 1.0, 1.0, 1.0, 1.0, 1.0, 0.0, 0.0, 0.0, 0.0, 0.0, 1.0, 1.0, 1.0, 1.0, 1.0, 0.0, 0.0, 0.0, 0.0, 0.0, 0.0, 0.0, 0.0, 0.0, 0.0, 0.0, 0.0, 0.0, 0.0, 0.0, 0.0, 0.0, 0.0, 0.0, 0.0, 1.0, 1.0, 1.0, 1.0, 0.0, 0.0, 0.0, 0.0, 0.0, 0.0, 0.0, 0.0, 0.0, 0.0, 0.0, 1.0, 0.0, 0.0, 0.0, 0.0, 0.0, 0.0, 0.0, 0.0, 0.0, 0.0, 0.0, 0.0, 0.0, 0.0, 0.0, 0.0, 0.0, 0.0, 0.0, 0.0, 0.0, 0.0, 0.0, 0.0, 0.0, 0.0, 0.0, 0.0, 1.0, 0.0, 0.0, 0.0, 0.0, 0.0, 0.0, 0.0, 0.0, 0.0, 0.0, 0.0, 1.0, 1.0, 0.0, 0.0, 1.0, 1.0, 1.0, 1.0, 1.0, 1.0, 1.0, 1.0, 1.0, 1.0, 1.0, 1.0, 1.0, 1.0, 0.0, 1.0, 1.0, 1.0, 1.0, 1.0, 0.0, 1.0, 0.0, 0.0, 0.22, 0.3957142857133714, 0.016048552100779826, 0.24666666666666667, 0.8671428571428357, 0.05056898528485491, 0.23333333333333334, 0.4999999999998, 0.02269706557044912, 0.23333333333333334, 0.1571428571426, 0.0011782234176249621, 0.2733333333333333, 0.6871428571427886, 0.06914648513962361, 0.31333333333333335, 0.80571428571348, 0.008997342461869073, 0.26, 0.7199999999997257, 0.009364639283831076, 0.24666666666666667, 0.9085714285711014, 0.029013954704440438, 0.32, 0.8542857142848, 0.04932790975647819, 0.24666666666666667, 0.5899999999998857, 0.0162896289467644, 0.26666666666666666, 0.5228571428571429, 0.022909483243557033, 0.2866666666666667, 0.95999999999962, 0.011717469252673777, 0.26666666666666666, 0.8799999999994286, 0.006248231983901149, 0.31333333333333335, 0.47714285714262855, 0.0048264204020447, 0.32666666666666666, 0.1799999999994, 0.0022493356154620193, 0.22, 0.6014285714285357, 0.1339149910866318, 0.32666666666666666, 0.19428571428525, 0.0032371390868055376, 0.31333333333333335, 0.6442857142856429, 0.010133253149417069, 0.21333333333333335, 0.49142857142857144, 0.03377213929035598, 0.25333333333333335, 0.7528571428558628, 0.0022746159773719687, 0.28, 0.80571428571384, 0.011746530436334314, 0.29333333333333333, 0.4742857142835429, 0.0014667384877461351, 0.2866666666666667, 0.39999999999934, 0.004882278855274617, 0.20666666666666667, 0.6014285714285571, 0.04751822264364523, 0.2866666666666667, 0.9399999999995485, 0.004461860398297855, 0.2733333333333333, 0.47428571428561145, 0.042499642035366055, 0.28, 0.26714285714232, 0.0025964553092095925, 0.3333333333333333, 0.28, 0.001285870193510074, 0.22666666666666666, 0.22999999999999715, 0.0165686355466282, 0.26666666666666666, 0.6185714285691428, 0.0016710137868781653, 0.0, 0.0, 0.0, 0.0, 0.0, 0.0, 0.0, 0.0, 0.0, 0.0, 0.0, 0.0, 0.0, 0.0, 0.0, 0.0, 0.0, 0.0, 0.0, 0.0, 0.0, 0.0, 0.0, 0.0, 0.0, 0.0, 0.0, 0.0, 0.0, 0.0, 0.0, 0.0, 0.0, 0.0, 0.0, 0.0, 0.0, 0.0, 0.0, 0.0, 0.0, 0.0, 0.0, 0.0, 0.0, 0.0, 0.0, 0.0, 0.0, 0.0, 0.0, 0.0, 0.0, 0.0, 0.0, 0.0, 0.0, 0.0, 0.0, 0.0, 0.0, 0.0, 0.0, 0.0, 0.0, 0.0, 0.0, 0.0, 0.0, 0.0, 0.0, 0.0, 0.0, 0.0, 0.0, 0.0, 0.0, 0.0, 0.0, 0.0, 0.0, 0.0, 0.0, 0.0, 0.0, 0.0, 0.0, 0.0, 0.0, 0.0, 0.0, 0.0, 0.0, 0.0, 0.0, 0.0, 0.0, 0.0, 0.0, 0.0, 0.0, 0.0],[1, 0, 0, 0, 0, 0, 0, 0, 0, 0, 0, 0, 0, 0, 0, 0, 0, 0, 0, 0, 0, 0, 0, 0, 0, 0, 0, 0, 0, 0, 0, 0, 0, 0, 0, 0, 0, 0, 0, 0, 0, 0, 0, 0, 0, 0, 0, 0, 0, 0, 0, 0, 0, 0, 0, 0, 0, 0, 0, 0, 0, 0, 0, 0]
[0.0, 0.0, 0.0, 0.0, 0.0, 0.0, 0.0, 0.0, 0.0, 0.0, 0.0, 0.0, 0.0, 0.0, 0.0, 0.0, 0.0, 0.0, 0.0, 0.0, 0.0, 0.0, 0.0, 0.0, 0.0, 0.0, 0.0, 0.0, 0.0, 0.0, 0.0, 0.0, 0.0, 0.0, 0.0, 0.0, 0.0, 0.0, 0.0, 0.0, 0.0, 0.0, 0.0, 0.0, 0.0, 0.0, 0.0, 0.0, 0.0, 0.0, 0.0, 0.0, 0.0, 0.0, 0.0, 0.0, 0.0, 0.0, 0.0, 0.0, 0.0, 0.0, 0.0, 0.0, 0.0, 0.0, 1.0, 1.0, 1.0, 1.0, 0.0, 0.0, 0.0, 0.0, 0.0, 0.0, 0.0, 0.0, 0.0, 0.0, 0.0, 1.0, 0.0, 0.0, 0.0, 0.0, 0.0, 0.0, 0.0, 0.0, 0.0, 0.0, 0.0, 0.0, 0.0, 0.0, 0.0, 0.0, 0.0, 0.0, 0.0, 0.0, 0.0, 0.0, 0.0, 0.0, 0.0, 0.0, 0.0, 0.0, 1.0, 0.0, 0.0, 0.0, 0.0, 0.0, 0.0, 0.0, 0.0, 0.0, 0.0, 0.0, 1.0, 1.0, 0.0, 0.0, 1.0, 1.0, 1.0, 1.0, 1.0, 1.0, 1.0, 1.0, 1.0, 1.0, 1.0, 1.0, 1.0, 1.0, 0.0, 1.0, 1.0, 1.0, 1.0, 1.0, 0.0, 1.0, 0.0, 0.0, 0.24666666666666667, 0.8671428571428357, 0.05056898528485491, 0.23333333333333334, 0.4999999999998, 0.02269706557044912, 0.23333333333333334, 0.1571428571426, 0.0011782234176249621, 0.2733333333333333, 0.6871428571427886, 0.06914648513962361, 0.31333333333333335, 0.80571428571348, 0.008997342461869073, 0.26, 0.7199999999997257, 0.009364639283831076, 0.24666666666666667, 0.9085714285711014, 0.029013954704440438, 0.32, 0.8542857142848, 0.04932790975647819, 0.24666666666666667, 0.5899999999998857, 0.0162896289467644, 0.26666666666666666, 0.5228571428571429, 0.022909483243557033, 0.2866666666666667, 0.95999999999962, 0.011717469252673777, 0.26666666666666666, 0.8799999999994286, 0.006248231983901149, 0.31333333333333335, 0.47714285714262855, 0.0048264204020447, 0.32666666666666666, 0.1799999999994, 0.0022493356154620193, 0.22, 0.6014285714285357, 0.1339149910866318, 0.32666666666666666, 0.19428571428525, 0.0032371390868055376, 0.31333333333333335, 0.6442857142856429, 0.010133253149417069, 0.21333333333333335, 0.49142857142857144, 0.03377213929035598, 0.25333333333333335, 0.7528571428558628, 0.0022746159773719687, 0.28, 0.80571428571384, 0.011746530436334314, 0.29333333333333333, 0.4742857142835429, 0.0014667384877461351, 0.2866666666666667, 0.39999999999934, 0.004882278855274617, 0.20666666666666667, 0.6014285714285571, 0.04751822264364523, 0.2866666666666667, 0.9399999999995485, 0.004461860398297855, 0.2733333333333333, 0.47428571428561145, 0.042499642035366055, 0.28, 0.26714285714232, 0.0025964553092095925, 0.3333333333333333, 0.28, 0.001285870193510074, 0.22666666666666666, 0.22999999999999715, 0.0165686355466282, 0.26666666666666666, 0.6185714285691428, 0.0016710137868781653, 0.0, 0.0, 0.0, 0.0, 0.0, 0.0, 0.0, 0.0, 0.0, 0.0, 0.0, 0.0, 0.0, 0.0, 0.0, 0.0, 0.0, 0.0, 0.0, 0.0, 0.0, 0.0, 0.0, 0.0, 0.0, 0.0, 0.0, 0.0, 0.0, 0.0, 0.0, 0.0, 0.0, 0.0, 0.0, 0.0, 0.0, 0.0, 0.0, 0.0, 0.0, 0.0, 0.0, 0.0, 0.0, 0.0, 0.0, 0.0, 0.0, 0.0, 0.0, 0.0, 0.0, 0.0, 0.0, 0.0, 0.0, 0.0, 0.0, 0.0, 0.0, 0.0, 0.0, 0.0, 0.0, 0.0, 0.0, 0.0, 0.0, 0.0, 0.0, 0.0, 0.0, 0.0, 0.0, 0.0, 0.0, 0.0, 0.0, 0.0, 0.0, 0.0, 0.0, 0.0, 0.0, 0.0, 0.0, 0.0, 0.0, 0.0, 0.0, 0.0, 0.0, 0.0, 0.0, 0.0, 0.0, 0.0, 0.0, 0.0, 0.0, 0.0, 0.0, 0.0, 0.0],[0, 0, 0, 0, 0, 0, 0, 0, 0, 0, 0, 0, 0, 0, 0, 0, 0, 0, 0, 0, 0, 0, 0, 0, 0, 0, 0, 0, 0, 0, 0, 0, 0, 0, 0, 0, 0, 0, 0, 0, 0, 0, 0, 0, 0, 0, 0, 0, 0, 0, 0, 0, 0, 0, 0, 0, 0, 0, 0, 0, 0, 0, 0, 0]
[0.0, 0.0, 0.0, 0.0, 0.0, 0.0, 0.0, 0.0, 0.0, 0.0, 0.0, 0.0, 0.0, 0.0, 0.0, 0.0, 0.0, 0.0, 0.0, 0.0, 0.0, 0.0, 1.0, 1.0, 0.0, 0.0, 0.0, 0.0, 1.0, 1.0, 0.0, 0.0, 0.0, 0.0, 0.0, 0.0, 0.0, 0.0, 0.0, 0.0, 0.0, 0.0, 0.0, 0.0, 0.0, 0.0, 1.0, 1.0, 1.0, 1.0, 1.0, 0.0, 0.0, 0.0, 0.0, 0.0, 0.0, 0.0, 0.0, 0.0, 1.0, 1.0, 1.0, 1.0, 0.0, 0.0, 1.0, 1.0, 1.0, 1.0, 0.0, 0.0, 0.0, 0.0, 0.0, 0.0, 0.0, 0.0, 0.0, 0.0, 0.0, 1.0, 0.0, 0.0, 0.0, 0.0, 0.0, 0.0, 0.0, 0.0, 0.0, 0.0, 0.0, 0.0, 0.0, 0.0, 0.0, 0.0, 0.0, 0.0, 0.0, 0.0, 0.0, 0.0, 0.0, 0.0, 0.0, 0.0, 0.0, 0.0, 1.0, 0.0, 0.0, 0.0, 0.0, 0.0, 0.0, 0.0, 0.0, 0.0, 0.0, 0.0, 1.0, 1.0, 0.0, 0.0, 1.0, 1.0, 1.0, 1.0, 1.0, 1.0, 1.0, 1.0, 1.0, 1.0, 1.0, 1.0, 1.0, 1.0, 0.0, 1.0, 1.0, 1.0, 1.0, 1.0, 0.0, 1.0, 0.0, 0.0, 0.24666666666666667, 0.8671428571428357, 0.05056898528485491, 0.22666666666666666, 0.4214285714278286, 0.002647025826275667, 0.23333333333333334, 0.4999999999998, 0.02269706557044912, 0.23333333333333334, 0.1571428571426, 0.0011782234176249621, 0.2733333333333333, 0.6871428571427886, 0.06914648513962361, 0.31333333333333335, 0.80571428571348, 0.008997342461869073, 0.26, 0.7199999999997257, 0.009364639283831076, 0.24666666666666667, 0.9085714285711014, 0.029013954704440438, 0.32, 0.8542857142848, 0.04932790975647819, 0.24666666666666667, 0.5899999999998857, 0.0162896289467644, 0.26666666666666666, 0.5228571428571429, 0.022909483243557033, 0.2866666666666667, 0.95999999999962, 0.011717469252673777, 0.26666666666666666, 0.8799999999994286, 0.006248231983901149, 0.31333333333333335, 0.47714285714262855, 0.0048264204020447, 0.32666666666666666, 0.1799999999994, 0.0022493356154620193, 0.22, 0.6014285714285357, 0.1339149910866318, 0.32666666666666666, 0.19428571428525, 0.0032371390868055376, 0.31333333333333335, 0.6442857142856429, 0.010133253149417069, 0.21333333333333335, 0.49142857142857144, 0.03377213929035598, 0.25333333333333335, 0.7528571428558628, 0.0022746159773719687, 0.28, 0.80571428571384, 0.011746530436334314, 0.29333333333333333, 0.4742857142835429, 0.0014667384877461351, 0.2866666666666667, 0.39999999999934, 0.004882278855274617, 0.20666666666666667, 0.6014285714285571, 0.04751822264364523, 0.2866666666666667, 0.9399999999995485, 0.004461860398297855, 0.2733333333333333, 0.47428571428561145, 0.042499642035366055, 0.28, 0.26714285714232, 0.0025964553092095925, 0.3333333333333333, 0.28, 0.001285870193510074, 0.22666666666666666, 0.22999999999999715, 0.0165686355466282, 0.26666666666666666, 0.6185714285691428, 0.0016710137868781653, 0.3333333333333333, 0.24857142857142858, 0.01826460519761248, 0.0, 0.0, 0.0, 0.0, 0.0, 0.0, 0.0, 0.0, 0.0, 0.0, 0.0, 0.0, 0.0, 0.0, 0.0, 0.0, 0.0, 0.0, 0.0, 0.0, 0.0, 0.0, 0.0, 0.0, 0.0, 0.0, 0.0, 0.0, 0.0, 0.0, 0.0, 0.0, 0.0, 0.0, 0.0, 0.0, 0.0, 0.0, 0.0, 0.0, 0.0, 0.0, 0.0, 0.0, 0.0, 0.0, 0.0, 0.0, 0.0, 0.0, 0.0, 0.0, 0.0, 0.0, 0.0, 0.0, 0.0, 0.0, 0.0, 0.0, 0.0, 0.0, 0.0, 0.0, 0.0, 0.0, 0.0, 0.0, 0.0, 0.0, 0.0, 0.0, 0.0, 0.0, 0.0, 0.0, 0.0, 0.0, 0.0, 0.0, 0.0, 0.0, 0.0, 0.0, 0.0, 0.0, 0.0, 0.0, 0.0, 0.0, 0.0, 0.0, 0.0, 0.0, 0.0, 0.0, 0.0, 0.0, 0.0],[1, 0, 0, 0, 0, 0, 0, 0, 0, 0, 0, 0, 0, 0, 0, 0, 0, 0, 0, 0, 0, 0, 0, 0, 0, 0, 0, 0, 0, 0, 0, 0, 0, 0, 0, 0, 0, 0, 0, 0, 0, 0, 0, 0, 0, 0, 0, 0, 0, 0, 0, 0, 0, 0, 0, 0, 0, 0, 0, 0, 0, 0, 0, 0]
[0.0, 0.0, 0.0, 0.0, 0.0, 0.0, 0.0, 0.0, 0.0, 0.0, 0.0, 0.0, 0.0, 0.0, 0.0, 0.0, 0.0, 0.0, 0.0, 0.0, 0.0, 0.0, 0.0, 0.0, 0.0, 0.0, 0.0, 0.0, 0.0, 0.0, 0.0, 0.0, 0.0, 0.0, 0.0, 0.0, 0.0, 0.0, 0.0, 0.0, 0.0, 0.0, 0.0, 0.0, 0.0, 0.0, 0.0, 0.0, 0.0, 0.0, 0.0, 0.0, 0.0, 0.0, 0.0, 0.0, 0.0, 0.0, 0.0, 0.0, 0.0, 0.0, 0.0, 0.0, 0.0, 0.0, 0.0, 0.0, 0.0, 0.0, 0.0, 0.0, 0.0, 0.0, 0.0, 0.0, 0.0, 0.0, 0.0, 0.0, 0.0, 0.0, 0.0, 0.0, 0.0, 0.0, 0.0, 0.0, 0.0, 0.0, 0.0, 0.0, 0.0, 0.0, 0.0, 0.0, 0.0, 0.0, 0.0, 0.0, 0.0, 0.0, 0.0, 0.0, 0.0, 0.0, 0.0, 0.0, 0.0, 0.0, 0.0, 0.0, 0.0, 0.0, 0.0, 0.0, 0.0, 0.0, 0.0, 0.0, 0.0, 0.0, 0.0, 0.0, 0.0, 0.0, 0.0, 0.0, 0.0, 0.0, 0.0, 0.0, 0.0, 0.0, 0.0, 0.0, 0.0, 0.0, 0.0, 0.0, 0.0, 0.0, 0.0, 1.0, 1.0, 1.0, 0.0, 1.0, 0.0, 0.0, 0.22666666666666666, 0.4214285714278286, 0.002647025826275667, 0.23333333333333334, 0.4999999999998, 0.02269706557044912, 0.23333333333333334, 0.1571428571426, 0.0011782234176249621, 0.2733333333333333, 0.6871428571427886, 0.06914648513962361, 0.31333333333333335, 0.80571428571348, 0.008997342461869073, 0.26, 0.7199999999997257, 0.009364639283831076, 0.24666666666666667, 0.9085714285711014, 0.029013954704440438, 0.32, 0.8542857142848, 0.04932790975647819, 0.24666666666666667, 0.5899999999998857, 0.0162896289467644, 0.26666666666666666, 0.5228571428571429, 0.022909483243557033, 0.2866666666666667, 0.95999999999962, 0.011717469252673777, 0.26666666666666666, 0.8799999999994286, 0.006248231983901149, 0.31333333333333335, 0.47714285714262855, 0.0048264204020447, 0.32666666666666666, 0.1799999999994, 0.0022493356154620193, 0.22, 0.6014285714285357, 0.1339149910866318, 0.32666666666666666, 0.19428571428525, 0.0032371390868055376, 0.31333333333333335, 0.6442857142856429, 0.010133253149417069, 0.21333333333333335, 0.49142857142857144, 0.03377213929035598, 0.25333333333333335, 0.7528571428558628, 0.0022746159773719687, 0.28, 0.80571428571384, 0.011746530436334314, 0.29333333333333333, 0.4742857142835429, 0.0014667384877461351, 0.2866666666666667, 0.39999999999934, 0.004882278855274617, 0.20666666666666667, 0.6014285714285571, 0.04751822264364523, 0.2866666666666667, 0.9399999999995485, 0.004461860398297855, 0.2733333333333333, 0.47428571428561145, 0.042499642035366055, 0.28, 0.26714285714232, 0.0025964553092095925, 0.3333333333333333, 0.28, 0.001285870193510074, 0.22666666666666666, 0.22999999999999715, 0.0165686355466282, 0.26666666666666666, 0.6185714285691428, 0.0016710137868781653, 0.3333333333333333, 0.24857142857142858, 0.01826460519761248, 0.0, 0.0, 0.0, 0.0, 0.0, 0.0, 0.0, 0.0, 0.0, 0.0, 0.0, 0.0, 0.0, 0.0, 0.0, 0.0, 0.0, 0.0, 0.0, 0.0, 0.0, 0.0, 0.0, 0.0, 0.0, 0.0, 0.0, 0.0, 0.0, 0.0, 0.0, 0.0, 0.0, 0.0, 0.0, 0.0, 0.0, 0.0, 0.0, 0.0, 0.0, 0.0, 0.0, 0.0, 0.0, 0.0, 0.0, 0.0, 0.0, 0.0, 0.0, 0.0, 0.0, 0.0, 0.0, 0.0, 0.0, 0.0, 0.0, 0.0, 0.0, 0.0, 0.0, 0.0, 0.0, 0.0, 0.0, 0.0, 0.0, 0.0, 0.0, 0.0, 0.0, 0.0, 0.0, 0.0, 0.0, 0.0, 0.0, 0.0, 0.0, 0.0, 0.0, 0.0, 0.0, 0.0, 0.0, 0.0, 0.0, 0.0, 0.0, 0.0, 0.0, 0.0, 0.0, 0.0, 0.0, 0.0, 0.0, 0.0, 0.0, 0.0],[0, 0, 0, 0, 0, 0, 0, 0, 0, 0, 0, 0, 0, 0, 0, 0, 0, 0, 0, 0, 0, 0, 0, 0, 0, 0, 0, 0, 0, 0, 0, 0, 0, 0, 0, 0, 0, 0, 0, 0, 0, 0, 0, 0, 0, 0, 0, 0, 0, 0, 0, 0, 0, 0, 0, 0, 0, 0, 0, 0, 0, 0, 0, 0]
[0.0, 0.0, 0.0, 1.0, 1.0, 1.0, 1.0, 1.0, 1.0, 1.0, 1.0, 1.0, 1.0, 1.0, 1.0, 1.0, 1.0, 1.0, 1.0, 1.0, 1.0, 1.0, 0.0, 0.0, 1.0, 1.0, 1.0, 1.0, 0.0, 0.0, 0.0, 1.0, 1.0, 1.0, 1.0, 1.0, 0.0, 0.0, 0.0, 0.0, 0.0, 1.0, 1.0, 1.0, 1.0, 1.0, 0.0, 0.0, 0.0, 0.0, 0.0, 0.0, 0.0, 0.0, 0.0, 0.0, 0.0, 0.0, 0.0, 0.0, 0.0, 0.0, 0.0, 0.0, 0.0, 0.0, 0.0, 0.0, 0.0, 0.0, 0.0, 0.0, 0.0, 0.0, 0.0, 0.0, 0.0, 0.0, 0.0, 0.0, 0.0, 0.0, 0.0, 0.0, 0.0, 0.0, 0.0, 0.0, 0.0, 0.0, 0.0, 0.0, 0.0, 0.0, 0.0, 0.0, 0.0, 0.0, 0.0, 0.0, 0.0, 0.0, 0.0, 0.0, 0.0, 0.0, 0.0, 0.0, 0.0, 0.0, 0.0, 0.0, 0.0, 0.0, 0.0, 0.0, 0.0, 0.0, 0.0, 0.0, 0.0, 0.0, 0.0, 0.0, 0.0, 0.0, 0.0, 0.0, 0.0, 0.0, 0.0, 0.0, 0.0, 0.0, 0.0, 0.0, 0.0, 0.0, 0.0, 0.0, 0.0, 0.0, 0.0, 1.0, 1.0, 1.0, 0.0, 1.0, 0.0, 0.0, 0.25333333333333335, 0.18142857142836, 0.017615466407393678, 0.16, 0.4585714285712914, 0.014312667063788595, 0.22666666666666666, 0.4214285714278286, 0.002647025826275667, 0.23333333333333334, 0.4999999999998, 0.02269706557044912, 0.23333333333333334, 0.1571428571426, 0.0011782234176249621, 0.16, 0.7142857142855314, 0.013667837941217526, 0.2733333333333333, 0.6871428571427886, 0.06914648513962361, 0.31333333333333335, 0.80571428571348, 0.008997342461869073, 0.26, 0.7199999999997257, 0.009364639283831076, 0.24666666666666667, 0.9085714285711014, 0.029013954704440438, 0.32, 0.8542857142848, 0.04932790975647819, 0.24666666666666667, 0.5899999999998857, 0.0162896289467644, 0.26666666666666666, 0.5228571428571429, 0.022909483243557033, 0.2866666666666667, 0.95999999999962, 0.011717469252673777, 0.26666666666666666, 0.8799999999994286, 0.006248231983901149, 0.31333333333333335, 0.47714285714262855, 0.0048264204020447, 0.32666666666666666, 0.1799999999994, 0.0022493356154620193, 0.22, 0.6014285714285357, 0.1339149910866318, 0.32666666666666666, 0.19428571428525, 0.0032371390868055376, 0.31333333333333335, 0.6442857142856429, 0.010133253149417069, 0.21333333333333335, 0.49142857142857144, 0.03377213929035598, 0.25333333333333335, 0.7528571428558628, 0.0022746159773719687, 0.28, 0.80571428571384, 0.011746530436334314, 0.29333333333333333, 0.4742857142835429, 0.0014667384877461351, 0.2866666666666667, 0.39999999999934, 0.004882278855274617, 0.20666666666666667, 0.6014285714285571, 0.04751822264364523, 0.2866666666666667, 0.9399999999995485, 0.004461860398297855, 0.2733333333333333, 0.47428571428561145, 0.042499642035366055, 0.28, 0.26714285714232, 0.0025964553092095925, 0.3333333333333333, 0.28, 0.001285870193510074, 0.22666666666666666, 0.22999999999999715, 0.0165686355466282, 0.26666666666666666, 0.6185714285691428, 0.0016710137868781653, 0.3333333333333333, 0.24857142857142858, 0.01826460519761248, 0.0, 0.0, 0.0, 0.0, 0.0, 0.0, 0.0, 0.0, 0.0, 0.0, 0.0, 0.0, 0.0, 0.0, 0.0, 0.0, 0.0, 0.0, 0.0, 0.0, 0.0, 0.0, 0.0, 0.0, 0.0, 0.0, 0.0, 0.0, 0.0, 0.0, 0.0, 0.0, 0.0, 0.0, 0.0, 0.0, 0.0, 0.0, 0.0, 0.0, 0.0, 0.0, 0.0, 0.0, 0.0, 0.0, 0.0, 0.0, 0.0, 0.0, 0.0, 0.0, 0.0, 0.0, 0.0, 0.0, 0.0, 0.0, 0.0, 0.0, 0.0, 0.0, 0.0, 0.0, 0.0, 0.0, 0.0, 0.0, 0.0, 0.0, 0.0, 0.0, 0.0, 0.0, 0.0, 0.0, 0.0, 0.0, 0.0, 0.0, 0.0, 0.0, 0.0, 0.0, 0.0, 0.0, 0.0, 0.0, 0.0, 0.0, 0.0, 0.0, 0.0],[0, 1, 0, 0, 0, 0, 0, 0, 0, 0, 0, 0, 0, 0, 0, 0, 0, 0, 0, 0, 0, 0, 0, 0, 0, 0, 0, 0, 0, 0, 0, 0, 0, 0, 0, 0, 0, 0, 0, 0, 0, 0, 0, 0, 0, 0, 0, 0, 0, 0, 0, 0, 0, 0, 0, 0, 0, 0, 0, 0, 0, 0, 0, 0]
[0.0, 0.0, 0.0, 0.0, 0.0, 0.0, 0.0, 0.0, 0.0, 0.0, 0.0, 0.0, 0.0, 0.0, 0.0, 0.0, 0.0, 0.0, 0.0, 0.0, 0.0, 0.0, 0.0, 0.0, 0.0, 0.0, 0.0, 0.0, 0.0, 0.0, 0.0, 0.0, 1.0, 1.0, 1.0, 1.0, 0.0, 0.0, 0.0, 0.0, 0.0, 1.0, 1.0, 1.0, 1.0, 1.0, 0.0, 0.0, 0.0, 0.0, 0.0, 0.0, 0.0, 0.0, 0.0, 0.0, 0.0, 0.0, 0.0, 0.0, 0.0, 0.0, 0.0, 0.0, 0.0, 0.0, 0.0, 0.0, 0.0, 0.0, 0.0, 0.0, 0.0, 0.0, 0.0, 0.0, 0.0, 0.0, 0.0, 0.0, 0.0, 0.0, 0.0, 0.0, 0.0, 0.0, 0.0, 0.0, 0.0, 0.0, 0.0, 0.0, 0.0, 0.0, 0.0, 0.0, 0.0, 0.0, 0.0, 0.0, 0.0, 0.0, 0.0, 0.0, 0.0, 0.0, 0.0, 0.0, 0.0, 0.0, 0.0, 0.0, 0.0, 0.0, 0.0, 0.0, 0.0, 0.0, 0.0, 0.0, 0.0, 0.0, 0.0, 0.0, 0.0, 0.0, 0.0, 0.0, 0.0, 0.0, 0.0, 0.0, 0.0, 0.0, 0.0, 0.0, 0.0, 0.0, 0.0, 0.0, 0.0, 0.0, 0.0, 1.0, 1.0, 1.0, 0.0, 1.0, 0.0, 0.0, 0.25333333333333335, 0.18142857142836, 0.017615466407393678, 0.22666666666666666, 0.4214285714278286, 0.002647025826275667, 0.23333333333333334, 0.4999999999998, 0.02269706557044912, 0.23333333333333334, 0.1571428571426, 0.0011782234176249621, 0.16, 0.7142857142855314, 0.013667837941217526, 0.2733333333333333, 0.6871428571427886, 0.06914648513962361, 0.31333333333333335, 0.80571428571348, 0.008997342461869073, 0.26, 0.7199999999997257, 0.009364639283831076, 0.24666666666666667, 0.9085714285711014, 0.029013954704440438, 0.32, 0.8542857142848, 0.04932790975647819, 0.24666666666666667, 0.5899999999998857, 0.0162896289467644, 0.26666666666666666, 0.5228571428571429, 0.022909483243557033, 0.2866666666666667, 0.95999999999962, 0.011717469252673777, 0.26666666666666666, 0.8799999999994286, 0.006248231983901149, 0.31333333333333335, 0.47714285714262855, 0.0048264204020447, 0.32666666666666666, 0.1799999999994, 0.0022493356154620193, 0.22, 0.6014285714285357, 0.1339149910866318, 0.32666666666666666, 0.19428571428525, 0.0032371390868055376, 0.31333333333333335, 0.6442857142856429, 0.010133253149417069, 0.21333333333333335, 0.49142857142857144, 0.03377213929035598, 0.25333333333333335, 0.7528571428558628, 0.0022746159773719687, 0.28, 0.80571428571384, 0.011746530436334314, 0.29333333333333333, 0.4742857142835429, 0.0014667384877461351, 0.2866666666666667, 0.39999999999934, 0.004882278855274617, 0.20666666666666667, 0.6014285714285571, 0.04751822264364523, 0.2866666666666667, 0.9399999999995485, 0.004461860398297855, 0.2733333333333333, 0.47428571428561145, 0.042499642035366055, 0.28, 0.26714285714232, 0.0025964553092095925, 0.3333333333333333, 0.28, 0.001285870193510074, 0.22666666666666666, 0.22999999999999715, 0.0165686355466282, 0.26666666666666666, 0.6185714285691428, 0.0016710137868781653, 0.3333333333333333, 0.24857142857142858, 0.01826460519761248, 0.0, 0.0, 0.0, 0.0, 0.0, 0.0, 0.0, 0.0, 0.0, 0.0, 0.0, 0.0, 0.0, 0.0, 0.0, 0.0, 0.0, 0.0, 0.0, 0.0, 0.0, 0.0, 0.0, 0.0, 0.0, 0.0, 0.0, 0.0, 0.0, 0.0, 0.0, 0.0, 0.0, 0.0, 0.0, 0.0, 0.0, 0.0, 0.0, 0.0, 0.0, 0.0, 0.0, 0.0, 0.0, 0.0, 0.0, 0.0, 0.0, 0.0, 0.0, 0.0, 0.0, 0.0, 0.0, 0.0, 0.0, 0.0, 0.0, 0.0, 0.0, 0.0, 0.0, 0.0, 0.0, 0.0, 0.0, 0.0, 0.0, 0.0, 0.0, 0.0, 0.0, 0.0, 0.0, 0.0, 0.0, 0.0, 0.0, 0.0, 0.0, 0.0, 0.0, 0.0, 0.0, 0.0, 0.0, 0.0, 0.0, 0.0, 0.0, 0.0, 0.0, 0.0, 0.0, 0.0],[0, 0, 0, 0, 0, 0, 0, 0, 0, 0, 0, 0, 0, 0, 0, 0, 0, 0, 0, 0, 0, 0, 0, 0, 0, 0, 0, 0, 0, 0, 0, 0, 0, 0, 0, 0, 0, 0, 0, 0, 0, 0, 0, 0, 0, 0, 0, 0, 0, 0, 0, 0, 0, 0, 0, 0, 0, 0, 0, 0, 0, 0, 0, 0]
[0.0, 0.0, 0.0, 1.0, 1.0, 1.0, 1.0, 1.0, 1.0, 1.0, 1.0, 1.0, 1.0, 1.0, 1.0, 1.0, 1.0, 1.0, 1.0, 1.0, 1.0, 1.0, 0.0, 0.0, 1.0, 1.0, 1.0, 1.0, 0.0, 0.0, 0.0, 1.0, 1.0, 1.0, 1.0, 1.0, 0.0, 0.0, 0.0, 0.0, 0.0, 1.0, 1.0, 1.0, 1.0, 1.0, 0.0, 0.0, 0.0, 0.0, 0.0, 0.0, 0.0, 0.0, 0.0, 0.0, 0.0, 0.0, 0.0, 0.0, 0.0, 0.0, 0.0, 0.0, 0.0, 0.0, 0.0, 0.0, 0.0, 0.0, 0.0, 0.0, 0.0, 0.0, 0.0, 0.0, 0.0, 0.0, 0.0, 0.0, 0.0, 0.0, 0.0, 0.0, 0.0, 0.0, 0.0, 0.0, 0.0, 0.0, 0.0, 0.0, 0.0, 0.0, 0.0, 0.0, 0.0, 0.0, 0.0, 0.0, 0.0, 0.0, 0.0, 0.0, 0.0, 0.0, 0.0, 0.0, 0.0, 0.0, 0.0, 0.0, 0.0, 0.0, 0.0, 0.0, 0.0, 0.0, 0.0, 0.0, 0.0, 0.0, 0.0, 0.0, 0.0, 0.0, 0.0, 0.0, 0.0, 0.0, 0.0, 0.0, 0.0, 0.0, 0.0, 0.0, 0.0, 0.0, 0.0, 0.0, 0.0, 0.0, 0.0, 1.0, 1.0, 1.0, 0.0, 1.0, 0.0, 0.0, 0.25333333333333335, 0.18142857142836, 0.017615466407393678, 0.22666666666666666, 0.4214285714278286, 0.002647025826275667, 0.23333333333333334, 0.4999999999998, 0.02269706557044912, 0.23333333333333334, 0.1571428571426, 0.0011782234176249621, 0.16, 0.7142857142855314, 0.013667837941217526, 0.2733333333333333, 0.6871428571427886, 0.06914648513962361, 0.31333333333333335, 0.80571428571348, 0.008997342461869073, 0.26, 0.7199999999997257, 0.009364639283831076, 0.24666666666666667, 0.9085714285711014, 0.029013954704440438, 0.32, 0.8542857142848, 0.04932790975647819, 0.24666666666666667, 0.5899999999998857, 0.0162896289467644, 0.26666666666666666, 0.5228571428571429, 0.022909483243557033, 0.2866666666666667, 0.95999999999962, 0.011717469252673777, 0.26666666666666666, 0.8799999999994286, 0.006248231983901149, 0.31333333333333335, 0.47714285714262855, 0.0048264204020447, 0.32666666666666666, 0.1799999999994, 0.0022493356154620193, 0.22, 0.6014285714285357, 0.1339149910866318, 0.32666666666666666, 0.19428571428525, 0.0032371390868055376, 0.31333333333333335, 0.6442857142856429, 0.010133253149417069, 0.21333333333333335, 0.49142857142857144, 0.03377213929035598, 0.25333333333333335, 0.7528571428558628, 0.0022746159773719687, 0.28, 0.80571428571384, 0.011746530436334314, 0.29333333333333333, 0.4742857142835429, 0.0014667384877461351, 0.2866666666666667, 0.39999999999934, 0.004882278855274617, 0.20666666666666667, 0.6014285714285571, 0.04751822264364523, 0.2866666666666667, 0.9399999999995485, 0.004461860398297855, 0.2733333333333333, 0.47428571428561145, 0.042499642035366055, 0.28, 0.26714285714232, 0.0025964553092095925, 0.3333333333333333, 0.28, 0.001285870193510074, 0.22666666666666666, 0.22999999999999715, 0.0165686355466282, 0.26666666666666666, 0.6185714285691428, 0.0016710137868781653, 0.3333333333333333, 0.24857142857142858, 0.01826460519761248, 0.0, 0.0, 0.0, 0.0, 0.0, 0.0, 0.0, 0.0, 0.0, 0.0, 0.0, 0.0, 0.0, 0.0, 0.0, 0.0, 0.0, 0.0, 0.0, 0.0, 0.0, 0.0, 0.0, 0.0, 0.0, 0.0, 0.0, 0.0, 0.0, 0.0, 0.0, 0.0, 0.0, 0.0, 0.0, 0.0, 0.0, 0.0, 0.0, 0.0, 0.0, 0.0, 0.0, 0.0, 0.0, 0.0, 0.0, 0.0, 0.0, 0.0, 0.0, 0.0, 0.0, 0.0, 0.0, 0.0, 0.0, 0.0, 0.0, 0.0, 0.0, 0.0, 0.0, 0.0, 0.0, 0.0, 0.0, 0.0, 0.0, 0.0, 0.0, 0.0, 0.0, 0.0, 0.0, 0.0, 0.0, 0.0, 0.0, 0.0, 0.0, 0.0, 0.0, 0.0, 0.0, 0.0, 0.0, 0.0, 0.0, 0.0, 0.0, 0.0, 0.0, 0.0, 0.0, 0.0],[0, 1, 0, 0, 0, 0, 0, 0, 0, 0, 0, 0, 0, 0, 0, 0, 0, 0, 0, 0, 0, 0, 0, 0, 0, 0, 0, 0, 0, 0, 0, 0, 0, 0, 0, 0, 0, 0, 0, 0, 0, 0, 0, 0, 0, 0, 0, 0, 0, 0, 0, 0, 0, 0, 0, 0, 0, 0, 0, 0, 0, 0, 0, 0]
[0.0, 0.0, 0.0, 0.0, 0.0, 0.0, 0.0, 0.0, 0.0, 0.0, 0.0, 0.0, 0.0, 0.0, 0.0, 0.0, 0.0, 0.0, 0.0, 0.0, 0.0, 0.0, 0.0, 0.0, 0.0, 0.0, 0.0, 0.0, 0.0, 0.0, 0.0, 0.0, 0.0, 0.0, 0.0, 0.0, 0.0, 0.0, 0.0, 0.0, 0.0, 0.0, 0.0, 0.0, 0.0, 0.0, 0.0, 0.0, 0.0, 0.0, 0.0, 0.0, 0.0, 0.0, 0.0, 0.0, 0.0, 0.0, 0.0, 0.0, 0.0, 0.0, 0.0, 0.0, 0.0, 0.0, 0.0, 0.0, 0.0, 0.0, 0.0, 0.0, 0.0, 0.0, 0.0, 0.0, 0.0, 0.0, 0.0, 0.0, 0.0, 0.0, 0.0, 0.0, 0.0, 0.0, 0.0, 0.0, 0.0, 0.0, 0.0, 0.0, 0.0, 0.0, 0.0, 0.0, 0.0, 0.0, 0.0, 0.0, 0.0, 0.0, 0.0, 0.0, 0.0, 0.0, 0.0, 0.0, 0.0, 0.0, 0.0, 0.0, 0.0, 0.0, 0.0, 0.0, 0.0, 0.0, 0.0, 0.0, 0.0, 0.0, 0.0, 0.0, 0.0, 0.0, 0.0, 0.0, 0.0, 0.0, 0.0, 0.0, 0.0, 0.0, 0.0, 0.0, 0.0, 0.0, 0.0, 0.0, 0.0, 0.0, 0.0, 0.0, 1.0, 1.0, 0.0, 1.0, 0.0, 0.0, 0.25333333333333335, 0.18142857142836, 0.017615466407393678, 0.23333333333333334, 0.4999999999998, 0.02269706557044912, 0.23333333333333334, 0.1571428571426, 0.0011782234176249621, 0.16, 0.7142857142855314, 0.013667837941217526, 0.2733333333333333, 0.6871428571427886, 0.06914648513962361, 0.31333333333333335, 0.80571428571348, 0.008997342461869073, 0.26, 0.7199999999997257, 0.009364639283831076, 0.24666666666666667, 0.9085714285711014, 0.029013954704440438, 0.32, 0.8542857142848, 0.04932790975647819, 0.24666666666666667, 0.5899999999998857, 0.0162896289467644, 0.26666666666666666, 0.5228571428571429, 0.022909483243557033, 0.2866666666666667, 0.95999999999962, 0.011717469252673777, 0.26666666666666666, 0.8799999999994286, 0.006248231983901149, 0.31333333333333335, 0.47714285714262855, 0.0048264204020447, 0.32666666666666666, 0.1799999999994, 0.0022493356154620193, 0.22, 0.6014285714285357, 0.1339149910866318, 0.32666666666666666, 0.19428571428525, 0.0032371390868055376, 0.31333333333333335, 0.6442857142856429, 0.010133253149417069, 0.21333333333333335, 0.49142857142857144, 0.03377213929035598, 0.25333333333333335, 0.7528571428558628, 0.0022746159773719687, 0.28, 0.80571428571384, 0.011746530436334314, 0.29333333333333333, 0.4742857142835429, 0.0014667384877461351, 0.2866666666666667, 0.39999999999934, 0.004882278855274617, 0.20666666666666667, 0.6014285714285571, 0.04751822264364523, 0.2866666666666667, 0.9399999999995485, 0.004461860398297855, 0.2733333333333333, 0.47428571428561145, 0.042499642035366055, 0.28, 0.26714285714232, 0.0025964553092095925, 0.3333333333333333, 0.28, 0.001285870193510074, 0.22666666666666666, 0.22999999999999715, 0.0165686355466282, 0.26666666666666666, 0.6185714285691428, 0.0016710137868781653, 0.3333333333333333, 0.24857142857142858, 0.01826460519761248, 0.0, 0.0, 0.0, 0.0, 0.0, 0.0, 0.0, 0.0, 0.0, 0.0, 0.0, 0.0, 0.0, 0.0, 0.0, 0.0, 0.0, 0.0, 0.0, 0.0, 0.0, 0.0, 0.0, 0.0, 0.0, 0.0, 0.0, 0.0, 0.0, 0.0, 0.0, 0.0, 0.0, 0.0, 0.0, 0.0, 0.0, 0.0, 0.0, 0.0, 0.0, 0.0, 0.0, 0.0, 0.0, 0.0, 0.0, 0.0, 0.0, 0.0, 0.0, 0.0, 0.0, 0.0, 0.0, 0.0, 0.0, 0.0, 0.0, 0.0, 0.0, 0.0, 0.0, 0.0, 0.0, 0.0, 0.0, 0.0, 0.0, 0.0, 0.0, 0.0, 0.0, 0.0, 0.0, 0.0, 0.0, 0.0, 0.0, 0.0, 0.0, 0.0, 0.0, 0.0, 0.0, 0.0, 0.0, 0.0, 0.0, 0.0, 0.0, 0.0, 0.0, 0.0, 0.0, 0.0, 0.0, 0.0, 0.0],[0, 0, 0, 0, 0, 0, 0, 0, 0, 0, 0, 0, 0, 0, 0, 0, 0, 0, 0, 0, 0, 0, 0, 0, 0, 0, 0, 0, 0, 0, 0, 0, 0, 0, 0, 0, 0, 0, 0, 0, 0, 0, 0, 0, 0, 0, 0, 0, 0, 0, 0, 0, 0, 0, 0, 0, 0, 0, 0, 0, 0, 0, 0, 0]
[0.0, 0.0, 0.0, 1.0, 1.0, 1.0, 1.0, 1.0, 1.0, 1.0, 1.0, 1.0, 1.0, 1.0, 1.0, 1.0, 1.0, 1.0, 1.0, 1.0, 1.0, 1.0, 0.0, 0.0, 1.0, 1.0, 1.0, 1.0, 0.0, 0.0, 0.0, 1.0, 1.0, 1.0, 1.0, 1.0, 0.0, 0.0, 0.0, 0.0, 0.0, 1.0, 1.0, 1.0, 1.0, 1.0, 0.0, 0.0, 0.0, 0.0, 0.0, 0.0, 0.0, 0.0, 0.0, 0.0, 0.0, 0.0, 0.0, 0.0, 0.0, 0.0, 0.0, 0.0, 0.0, 0.0, 0.0, 0.0, 0.0, 0.0, 0.0, 0.0, 0.0, 0.0, 0.0, 0.0, 0.0, 0.0, 0.0, 0.0, 0.0, 0.0, 0.0, 0.0, 0.0, 0.0, 0.0, 0.0, 0.0, 0.0, 0.0, 0.0, 0.0, 0.0, 0.0, 0.0, 0.0, 0.0, 0.0, 0.0, 0.0, 0.0, 0.0, 0.0, 0.0, 0.0, 0.0, 0.0, 0.0, 0.0, 0.0, 0.0, 0.0, 0.0, 0.0, 0.0, 0.0, 0.0, 0.0, 0.0, 0.0, 0.0, 0.0, 0.0, 0.0, 0.0, 0.0, 0.0, 0.0, 0.0, 0.0, 0.0, 0.0, 0.0, 0.0, 0.0, 0.0, 0.0, 0.0, 0.0, 0.0, 0.0, 0.0, 1.0, 1.0, 1.0, 0.0, 1.0, 0.0, 0.0, 0.25333333333333335, 0.18142857142836, 0.017615466407393678, 0.23333333333333334, 0.4999999999998, 0.02269706557044912, 0.23333333333333334, 0.1571428571426, 0.0011782234176249621, 0.16, 0.7142857142855314, 0.013667837941217526, 0.2733333333333333, 0.6871428571427886, 0.06914648513962361, 0.31333333333333335, 0.80571428571348, 0.008997342461869073, 0.26, 0.7199999999997257, 0.009364639283831076, 0.24666666666666667, 0.9085714285711014, 0.029013954704440438, 0.32, 0.8542857142848, 0.04932790975647819, 0.24666666666666667, 0.5899999999998857, 0.0162896289467644, 0.26666666666666666, 0.5228571428571429, 0.022909483243557033, 0.2866666666666667, 0.95999999999962, 0.011717469252673777, 0.26666666666666666, 0.8799999999994286, 0.006248231983901149, 0.31333333333333335, 0.47714285714262855, 0.0048264204020447, 0.32666666666666666, 0.1799999999994, 0.0022493356154620193, 0.22, 0.6014285714285357, 0.1339149910866318, 0.31333333333333335, 0.7971428571420571, 0.003115569118445077, 0.32666666666666666, 0.19428571428525, 0.0032371390868055376, 0.31333333333333335, 0.6442857142856429, 0.010133253149417069, 0.21333333333333335, 0.49142857142857144, 0.03377213929035598, 0.25333333333333335, 0.7528571428558628, 0.0022746159773719687, 0.28, 0.80571428571384, 0.011746530436334314, 0.29333333333333333, 0.4742857142835429, 0.0014667384877461351, 0.2866666666666667, 0.39999999999934, 0.004882278855274617, 0.20666666666666667, 0.6014285714285571, 0.04751822264364523, 0.2866666666666667, 0.9399999999995485, 0.004461860398297855, 0.2733333333333333, 0.47428571428561145, 0.042499642035366055, 0.28, 0.26714285714232, 0.0025964553092095925, 0.3333333333333333, 0.28, 0.001285870193510074, 0.22666666666666666, 0.22999999999999715, 0.0165686355466282, 0.26666666666666666, 0.6185714285691428, 0.0016710137868781653, 0.3333333333333333, 0.24857142857142858, 0.01826460519761248, 0.0, 0.0, 0.0, 0.0, 0.0, 0.0, 0.0, 0.0, 0.0, 0.0, 0.0, 0.0, 0.0, 0.0, 0.0, 0.0, 0.0, 0.0, 0.0, 0.0, 0.0, 0.0, 0.0, 0.0, 0.0, 0.0, 0.0, 0.0, 0.0, 0.0, 0.0, 0.0, 0.0, 0.0, 0.0, 0.0, 0.0, 0.0, 0.0, 0.0, 0.0, 0.0, 0.0, 0.0, 0.0, 0.0, 0.0, 0.0, 0.0, 0.0, 0.0, 0.0, 0.0, 0.0, 0.0, 0.0, 0.0, 0.0, 0.0, 0.0, 0.0, 0.0, 0.0, 0.0, 0.0, 0.0, 0.0, 0.0, 0.0, 0.0, 0.0, 0.0, 0.0, 0.0, 0.0, 0.0, 0.0, 0.0, 0.0, 0.0, 0.0, 0.0, 0.0, 0.0, 0.0, 0.0, 0.0, 0.0, 0.0, 0.0, 0.0, 0.0, 0.0, 0.0, 0.0, 0.0],[0, 1, 0, 0, 0, 0, 0, 0, 0, 0, 0, 0, 0, 0, 0, 0, 0, 0, 0, 0, 0, 0, 0, 0, 0, 0, 0, 0, 0, 0, 0, 0, 0, 0, 0, 0, 0, 0, 0, 0, 0, 0, 0, 0, 0, 0, 0, 0, 0, 0, 0, 0, 0, 0, 0, 0, 0, 0, 0, 0, 0, 0, 0, 0]
[0.0, 0.0, 0.0, 0.0, 0.0, 0.0, 0.0, 0.0, 0.0, 0.0, 0.0, 0.0, 0.0, 0.0, 0.0, 0.0, 0.0, 0.0, 0.0, 0.0, 0.0, 0.0, 0.0, 0.0, 0.0, 0.0, 0.0, 0.0, 0.0, 0.0, 0.0, 0.0, 0.0, 0.0, 0.0, 0.0, 0.0, 0.0, 0.0, 0.0, 0.0, 0.0, 0.0, 0.0, 0.0, 0.0, 0.0, 0.0, 0.0, 0.0, 0.0, 0.0, 0.0, 0.0, 0.0, 0.0, 0.0, 0.0, 0.0, 0.0, 0.0, 0.0, 0.0, 0.0, 0.0, 0.0, 0.0, 0.0, 0.0, 0.0, 0.0, 0.0, 0.0, 0.0, 0.0, 0.0, 0.0, 0.0, 0.0, 0.0, 0.0, 0.0, 0.0, 0.0, 0.0, 0.0, 0.0, 0.0, 0.0, 0.0, 0.0, 0.0, 0.0, 0.0, 0.0, 0.0, 0.0, 0.0, 0.0, 0.0, 0.0, 0.0, 0.0, 0.0, 0.0, 0.0, 0.0, 0.0, 0.0, 0.0, 0.0, 0.0, 0.0, 0.0, 0.0, 0.0, 0.0, 0.0, 0.0, 0.0, 0.0, 0.0, 0.0, 0.0, 0.0, 0.0, 0.0, 0.0, 0.0, 0.0, 0.0, 0.0, 0.0, 0.0, 0.0, 0.0, 0.0, 0.0, 0.0, 0.0, 0.0, 0.0, 0.0, 0.0, 0.0, 1.0, 0.0, 1.0, 0.0, 0.0, 0.25333333333333335, 0.18142857142836, 0.017615466407393678, 0.23333333333333334, 0.1571428571426, 0.0011782234176249621, 0.16, 0.7142857142855314, 0.013667837941217526, 0.2733333333333333, 0.6871428571427886, 0.06914648513962361, 0.31333333333333335, 0.80571428571348, 0.008997342461869073, 0.26, 0.7199999999997257, 0.009364639283831076, 0.24666666666666667, 0.9085714285711014, 0.029013954704440438, 0.32, 0.8542857142848, 0.04932790975647819, 0.24666666666666667, 0.5899999999998857, 0.0162896289467644, 0.26666666666666666, 0.5228571428571429, 0.022909483243557033, 0.2866666666666667, 0.95999999999962, 0.011717469252673777, 0.26666666666666666, 0.8799999999994286, 0.006248231983901149, 0.31333333333333335, 0.47714285714262855, 0.0048264204020447, 0.32666666666666666, 0.1799999999994, 0.0022493356154620193, 0.22, 0.6014285714285357, 0.1339149910866318, 0.31333333333333335, 0.7971428571420571, 0.003115569118445077, 0.32666666666666666, 0.19428571428525, 0.0032371390868055376, 0.31333333333333335, 0.6442857142856429, 0.010133253149417069, 0.21333333333333335, 0.49142857142857144, 0.03377213929035598, 0.25333333333333335, 0.7528571428558628, 0.0022746159773719687, 0.28, 0.80571428571384, 0.011746530436334314, 0.29333333333333333, 0.4742857142835429, 0.0014667384877461351, 0.2866666666666667, 0.39999999999934, 0.004882278855274617, 0.20666666666666667, 0.6014285714285571, 0.04751822264364523, 0.2866666666666667, 0.9399999999995485, 0.004461860398297855, 0.2733333333333333, 0.47428571428561145, 0.042499642035366055, 0.28, 0.26714285714232, 0.0025964553092095925, 0.3333333333333333, 0.28, 0.001285870193510074, 0.22666666666666666, 0.22999999999999715, 0.0165686355466282, 0.26666666666666666, 0.6185714285691428, 0.0016710137868781653, 0.3333333333333333, 0.24857142857142858, 0.01826460519761248, 0.0, 0.0, 0.0, 0.0, 0.0, 0.0, 0.0, 0.0, 0.0, 0.0, 0.0, 0.0, 0.0, 0.0, 0.0, 0.0, 0.0, 0.0, 0.0, 0.0, 0.0, 0.0, 0.0, 0.0, 0.0, 0.0, 0.0, 0.0, 0.0, 0.0, 0.0, 0.0, 0.0, 0.0, 0.0, 0.0, 0.0, 0.0, 0.0, 0.0, 0.0, 0.0, 0.0, 0.0, 0.0, 0.0, 0.0, 0.0, 0.0, 0.0, 0.0, 0.0, 0.0, 0.0, 0.0, 0.0, 0.0, 0.0, 0.0, 0.0, 0.0, 0.0, 0.0, 0.0, 0.0, 0.0, 0.0, 0.0, 0.0, 0.0, 0.0, 0.0, 0.0, 0.0, 0.0, 0.0, 0.0, 0.0, 0.0, 0.0, 0.0, 0.0, 0.0, 0.0, 0.0, 0.0, 0.0, 0.0, 0.0, 0.0, 0.0, 0.0, 0.0, 0.0, 0.0, 0.0, 0.0, 0.0, 0.0],[0, 0, 0, 0, 0, 0, 0, 0, 0, 0, 0, 0, 0, 0, 0, 0, 0, 0, 0, 0, 0, 0, 0, 0, 0, 0, 0, 0, 0, 0, 0, 0, 0, 0, 0, 0, 0, 0, 0, 0, 0, 0, 0, 0, 0, 0, 0, 0, 0, 0, 0, 0, 0, 0, 0, 0, 0, 0, 0, 0, 0, 0, 0, 0]
[0.0, 0.0, 0.0, 1.0, 1.0, 1.0, 1.0, 1.0, 1.0, 1.0, 1.0, 1.0, 1.0, 1.0, 1.0, 1.0, 1.0, 1.0, 1.0, 1.0, 1.0, 1.0, 0.0, 0.0, 1.0, 1.0, 1.0, 1.0, 0.0, 0.0, 0.0, 1.0, 1.0, 1.0, 1.0, 1.0, 0.0, 0.0, 0.0, 0.0, 0.0, 1.0, 1.0, 1.0, 1.0, 1.0, 0.0, 0.0, 0.0, 0.0, 0.0, 0.0, 0.0, 0.0, 0.0, 0.0, 0.0, 0.0, 0.0, 0.0, 0.0, 0.0, 0.0, 0.0, 0.0, 0.0, 0.0, 0.0, 0.0, 0.0, 0.0, 0.0, 0.0, 0.0, 0.0, 0.0, 0.0, 0.0, 0.0, 0.0, 0.0, 0.0, 0.0, 0.0, 0.0, 0.0, 0.0, 0.0, 0.0, 0.0, 0.0, 0.0, 0.0, 0.0, 0.0, 0.0, 0.0, 0.0, 0.0, 0.0, 0.0, 0.0, 0.0, 0.0, 0.0, 0.0, 0.0, 0.0, 0.0, 0.0, 0.0, 0.0, 0.0, 0.0, 0.0, 0.0, 0.0, 0.0, 0.0, 0.0, 0.0, 0.0, 0.0, 0.0, 0.0, 0.0, 0.0, 0.0, 0.0, 0.0, 0.0, 0.0, 0.0, 0.0, 0.0, 0.0, 0.0, 0.0, 0.0, 0.0, 0.0, 0.0, 0.0, 1.0, 1.0, 1.0, 0.0, 1.0, 0.0, 0.0, 0.25333333333333335, 0.18142857142836, 0.017615466407393678, 0.23333333333333334, 0.1571428571426, 0.0011782234176249621, 0.16, 0.7142857142855314, 0.013667837941217526, 0.2733333333333333, 0.6871428571427886, 0.06914648513962361, 0.32666666666666666, 0.6571428571428, 0.013064988930534482, 0.31333333333333335, 0.80571428571348, 0.008997342461869073, 0.26, 0.7199999999997257, 0.009364639283831076, 0.24666666666666667, 0.9085714285711014, 0.029013954704440438, 0.32, 0.8542857142848, 0.04932790975647819, 0.24666666666666667, 0.5899999999998857, 0.0162896289467644, 0.26666666666666666, 0.5228571428571429, 0.022909483243557033, 0.2866666666666667, 0.95999999999962, 0.011717469252673777, 0.26666666666666666, 0.8799999999994286, 0.006248231983901149, 0.31333333333333335, 0.47714285714262855, 0.0048264204020447, 0.32666666666666666, 0.1799999999994, 0.0022493356154620193, 0.22, 0.6014285714285357, 0.1339149910866318, 0.31333333333333335, 0.7971428571420571, 0.003115569118445077, 0.32666666666666666, 0.19428571428525, 0.0032371390868055376, 0.31333333333333335, 0.6442857142856429, 0.010133253149417069, 0.21333333333333335, 0.49142857142857144, 0.03377213929035598, 0.25333333333333335, 0.7528571428558628, 0.0022746159773719687, 0.28, 0.80571428571384, 0.011746530436334314, 0.013333333333333334, 0.2514285714285257, 0.05131817552329521, 0.29333333333333333, 0.4742857142835429, 0.0014667384877461351, 0.2866666666666667, 0.39999999999934, 0.004882278855274617, 0.20666666666666667, 0.6014285714285571, 0.04751822264364523, 0.2866666666666667, 0.9399999999995485, 0.004461860398297855, 0.2733333333333333, 0.47428571428561145, 0.042499642035366055, 0.28, 0.26714285714232, 0.0025964553092095925, 0.3333333333333333, 0.28, 0.001285870193510074, 0.22666666666666666, 0.22999999999999715, 0.0165686355466282, 0.26666666666666666, 0.6185714285691428, 0.0016710137868781653, 0.3333333333333333, 0.24857142857142858, 0.01826460519761248, 0.0, 0.0, 0.0, 0.0, 0.0, 0.0, 0.0, 0.0, 0.0, 0.0, 0.0, 0.0, 0.0, 0.0, 0.0, 0.0, 0.0, 0.0, 0.0, 0.0, 0.0, 0.0, 0.0, 0.0, 0.0, 0.0, 0.0, 0.0, 0.0, 0.0, 0.0, 0.0, 0.0, 0.0, 0.0, 0.0, 0.0, 0.0, 0.0, 0.0, 0.0, 0.0, 0.0, 0.0, 0.0, 0.0, 0.0, 0.0, 0.0, 0.0, 0.0, 0.0, 0.0, 0.0, 0.0, 0.0, 0.0, 0.0, 0.0, 0.0, 0.0, 0.0, 0.0, 0.0, 0.0, 0.0, 0.0, 0.0, 0.0, 0.0, 0.0, 0.0, 0.0, 0.0, 0.0, 0.0, 0.0, 0.0, 0.0, 0.0, 0.0, 0.0, 0.0, 0.0, 0.0, 0.0, 0.0, 0.0, 0.0, 0.0, 0.0, 0.0, 0.0],[0, 1, 0, 0, 0, 0, 0, 0, 0, 0, 0, 0, 0, 0, 0, 0, 0, 0, 0, 0, 0, 0, 1, 0, 0, 0, 0, 0, 0, 0, 0, 0, 0, 0, 0, 0, 0, 0, 0, 0, 0, 0, 0, 0, 0, 0, 0, 0, 0, 0, 0, 0, 0, 0, 0, 0, 0, 0, 0, 0, 0, 0, 0, 0]
[0.0, 0.0, 0.0, 0.0, 0.0, 0.0, 0.0, 0.0, 0.0, 0.0, 0.0, 0.0, 0.0, 0.0, 0.0, 0.0, 0.0, 0.0, 0.0, 0.0, 0.0, 0.0, 0.0, 0.0, 0.0, 0.0, 0.0, 0.0, 0.0, 0.0, 0.0, 0.0, 0.0, 0.0, 0.0, 0.0, 0.0, 0.0, 0.0, 0.0, 0.0, 0.0, 0.0, 0.0, 0.0, 0.0, 0.0, 0.0, 0.0, 0.0, 0.0, 0.0, 0.0, 0.0, 0.0, 0.0, 0.0, 0.0, 0.0, 0.0, 0.0, 0.0, 0.0, 0.0, 0.0, 0.0, 0.0, 0.0, 0.0, 0.0, 0.0, 0.0, 0.0, 0.0, 0.0, 0.0, 0.0, 0.0, 0.0, 0.0, 0.0, 0.0, 0.0, 0.0, 0.0, 0.0, 0.0, 0.0, 0.0, 0.0, 0.0, 0.0, 0.0, 0.0, 0.0, 0.0, 0.0, 0.0, 0.0, 0.0, 0.0, 0.0, 0.0, 0.0, 0.0, 0.0, 0.0, 0.0, 0.0, 0.0, 0.0, 0.0, 0.0, 0.0, 0.0, 0.0, 0.0, 0.0, 0.0, 0.0, 0.0, 0.0, 0.0, 0.0, 0.0, 0.0, 0.0, 0.0, 0.0, 0.0, 0.0, 0.0, 0.0, 0.0, 0.0, 0.0, 0.0, 0.0, 0.0, 0.0, 0.0, 0.0, 0.0, 0.0, 0.0, 0.0, 0.0, 0.0, 0.0, 0.0, 0.25333333333333335, 0.18142857142836, 0.017615466407393678, 0.16, 0.7142857142855314, 0.013667837941217526, 0.2733333333333333, 0.6871428571427886, 0.06914648513962361, 0.32666666666666666, 0.6571428571428, 0.013064988930534482, 0.31333333333333335, 0.80571428571348, 0.008997342461869073, 0.26, 0.7199999999997257, 0.009364639283831076, 0.24666666666666667, 0.9085714285711014, 0.029013954704440438, 0.32, 0.8542857142848, 0.04932790975647819, 0.24666666666666667, 0.5899999999998857, 0.0162896289467644, 0.26666666666666666, 0.5228571428571429, 0.022909483243557033, 0.2866666666666667, 0.95999999999962, 0.011717469252673777, 0.26666666666666666, 0.8799999999994286, 0.006248231983901149, 0.31333333333333335, 0.47714285714262855, 0.0048264204020447, 0.32666666666666666, 0.1799999999994, 0.0022493356154620193, 0.22, 0.6014285714285357, 0.1339149910866318, 0.31333333333333335, 0.7971428571420571, 0.003115569118445077, 0.32666666666666666, 0.19428571428525, 0.0032371390868055376, 0.31333333333333335, 0.6442857142856429, 0.010133253149417069, 0.21333333333333335, 0.49142857142857144, 0.03377213929035598, 0.25333333333333335, 0.7528571428558628, 0.0022746159773719687, 0.28, 0.80571428571384, 0.011746530436334314, 0.29333333333333333, 0.4742857142835429, 0.0014667384877461351, 0.2866666666666667, 0.39999999999934, 0.004882278855274617, 0.20666666666666667, 0.6014285714285571, 0.04751822264364523, 0.2866666666666667, 0.9399999999995485, 0.004461860398297855, 0.2733333333333333, 0.47428571428561145, 0.042499642035366055, 0.28, 0.26714285714232, 0.0025964553092095925, 0.3333333333333333, 0.28, 0.001285870193510074, 0.22666666666666666, 0.22999999999999715, 0.0165686355466282, 0.26666666666666666, 0.6185714285691428, 0.0016710137868781653, 0.3333333333333333, 0.24857142857142858, 0.01826460519761248, 0.0, 0.0, 0.0, 0.0, 0.0, 0.0, 0.0, 0.0, 0.0, 0.0, 0.0, 0.0, 0.0, 0.0, 0.0, 0.0, 0.0, 0.0, 0.0, 0.0, 0.0, 0.0, 0.0, 0.0, 0.0, 0.0, 0.0, 0.0, 0.0, 0.0, 0.0, 0.0, 0.0, 0.0, 0.0, 0.0, 0.0, 0.0, 0.0, 0.0, 0.0, 0.0, 0.0, 0.0, 0.0, 0.0, 0.0, 0.0, 0.0, 0.0, 0.0, 0.0, 0.0, 0.0, 0.0, 0.0, 0.0, 0.0, 0.0, 0.0, 0.0, 0.0, 0.0, 0.0, 0.0, 0.0, 0.0, 0.0, 0.0, 0.0, 0.0, 0.0, 0.0, 0.0, 0.0, 0.0, 0.0, 0.0, 0.0, 0.0, 0.0, 0.0, 0.0, 0.0, 0.0, 0.0, 0.0, 0.0, 0.0, 0.0, 0.0, 0.0, 0.0, 0.0, 0.0, 0.0, 0.0, 0.0, 0.0],[0, 0, 0, 0, 0, 0, 0, 0, 0, 0, 0, 0, 0, 0, 0, 0, 0, 0, 0, 0, 0, 0, 0, 0, 0, 0, 0, 0, 0, 0, 0, 0, 0, 0, 0, 0, 0, 0, 0, 0, 0, 0, 0, 0, 0, 0, 0, 0, 0, 0, 0, 0, 0, 0, 0, 0, 0, 0, 0, 0, 0, 0, 0, 0]
[0.0, 0.0, 0.0, 1.0, 1.0, 1.0, 1.0, 1.0, 1.0, 1.0, 1.0, 1.0, 1.0, 1.0, 1.0, 1.0, 1.0, 1.0, 1.0, 1.0, 1.0, 1.0, 0.0, 0.0, 1.0, 1.0, 1.0, 1.0, 0.0, 0.0, 0.0, 1.0, 1.0, 1.0, 1.0, 1.0, 0.0, 0.0, 0.0, 0.0, 0.0, 1.0, 1.0, 1.0, 1.0, 1.0, 0.0, 0.0, 0.0, 0.0, 0.0, 0.0, 0.0, 0.0, 0.0, 0.0, 0.0, 0.0, 0.0, 0.0, 0.0, 0.0, 0.0, 0.0, 0.0, 0.0, 0.0, 0.0, 0.0, 0.0, 0.0, 0.0, 0.0, 0.0, 0.0, 0.0, 0.0, 0.0, 0.0, 0.0, 0.0, 0.0, 0.0, 0.0, 0.0, 0.0, 0.0, 0.0, 0.0, 0.0, 0.0, 0.0, 0.0, 0.0, 0.0, 0.0, 0.0, 0.0, 0.0, 0.0, 0.0, 0.0, 0.0, 0.0, 0.0, 0.0, 0.0, 0.0, 0.0, 0.0, 0.0, 0.0, 0.0, 0.0, 0.0, 0.0, 0.0, 0.0, 0.0, 0.0, 0.0, 0.0, 0.0, 0.0, 0.0, 0.0, 0.0, 0.0, 0.0, 0.0, 0.0, 0.0, 0.0, 0.0, 0.0, 0.0, 0.0, 0.0, 0.0, 0.0, 0.0, 0.0, 0.0, 1.0, 1.0, 0.0, 0.0, 0.0, 0.0, 0.0, 0.25333333333333335, 0.18142857142836, 0.017615466407393678, 0.16, 0.7142857142855314, 0.013667837941217526, 0.2733333333333333, 0.6871428571427886, 0.06914648513962361, 0.32666666666666666, 0.6571428571428, 0.013064988930534482, 0.31333333333333335, 0.80571428571348, 0.008997342461869073, 0.26, 0.7199999999997257, 0.009364639283831076, 0.24666666666666667, 0.9085714285711014, 0.029013954704440438, 0.32, 0.8542857142848, 0.04932790975647819, 0.24666666666666667, 0.5899999999998857, 0.0162896289467644, 0.26666666666666666, 0.5228571428571429, 0.022909483243557033, 0.2866666666666667, 0.95999999999962, 0.011717469252673777, 0.26666666666666666, 0.8799999999994286, 0.006248231983901149, 0.31333333333333335, 0.47714285714262855, 0.0048264204020447, 0.32666666666666666, 0.1799999999994, 0.0022493356154620193, 0.22, 0.6014285714285357, 0.1339149910866318, 0.31333333333333335, 0.7971428571420571, 0.003115569118445077, 0.32666666666666666, 0.19428571428525, 0.0032371390868055376, 0.31333333333333335, 0.6442857142856429, 0.010133253149417069, 0.21333333333333335, 0.49142857142857144, 0.03377213929035598, 0.25333333333333335, 0.7528571428558628, 0.0022746159773719687, 0.28, 0.80571428571384, 0.011746530436334314, 0.29333333333333333, 0.4742857142835429, 0.0014667384877461351, 0.2866666666666667, 0.39999999999934, 0.004882278855274617, 0.20666666666666667, 0.6014285714285571, 0.04751822264364523, 0.2866666666666667, 0.9399999999995485, 0.004461860398297855, 0.2733333333333333, 0.47428571428561145, 0.042499642035366055, 0.28, 0.26714285714232, 0.0025964553092095925, 0.3333333333333333, 0.28, 0.001285870193510074, 0.22666666666666666, 0.22999999999999715, 0.0165686355466282, 0.26666666666666666, 0.6185714285691428, 0.0016710137868781653, 0.3333333333333333, 0.24857142857142858, 0.01826460519761248, 0.0, 0.0, 0.0, 0.0, 0.0, 0.0, 0.0, 0.0, 0.0, 0.0, 0.0, 0.0, 0.0, 0.0, 0.0, 0.0, 0.0, 0.0, 0.0, 0.0, 0.0, 0.0, 0.0, 0.0, 0.0, 0.0, 0.0, 0.0, 0.0, 0.0, 0.0, 0.0, 0.0, 0.0, 0.0, 0.0, 0.0, 0.0, 0.0, 0.0, 0.0, 0.0, 0.0, 0.0, 0.0, 0.0, 0.0, 0.0, 0.0, 0.0, 0.0, 0.0, 0.0, 0.0, 0.0, 0.0, 0.0, 0.0, 0.0, 0.0, 0.0, 0.0, 0.0, 0.0, 0.0, 0.0, 0.0, 0.0, 0.0, 0.0, 0.0, 0.0, 0.0, 0.0, 0.0, 0.0, 0.0, 0.0, 0.0, 0.0, 0.0, 0.0, 0.0, 0.0, 0.0, 0.0, 0.0, 0.0, 0.0, 0.0, 0.0, 0.0, 0.0, 0.0, 0.0, 0.0, 0.0, 0.0, 0.0],[0, 1, 0, 0, 0, 0, 0, 0, 0, 0, 0, 0, 0, 0, 0, 0, 0, 0, 0, 0, 0, 0, 0, 0, 0, 0, 0, 0, 0, 0, 0, 0, 0, 0, 0, 0, 0, 0, 0, 0, 0, 0, 0, 0, 0, 0, 0, 0, 0, 0, 0, 0, 0, 0, 0, 0, 0, 0, 0, 0, 0, 0, 0, 0]
[0.0, 0.0, 0.0, 0.0, 0.0, 0.0, 0.0, 0.0, 0.0, 0.0, 0.0, 0.0, 0.0, 0.0, 0.0, 0.0, 0.0, 0.0, 0.0, 0.0, 0.0, 0.0, 1.0, 1.0, 0.0, 0.0, 0.0, 0.0, 1.0, 1.0, 0.0, 0.0, 1.0, 1.0, 1.0, 1.0, 0.0, 0.0, 0.0, 0.0, 0.0, 1.0, 1.0, 1.0, 1.0, 1.0, 1.0, 1.0, 1.0, 1.0, 1.0, 0.0, 0.0, 0.0, 0.0, 0.0, 0.0, 0.0, 0.0, 0.0, 1.0, 1.0, 1.0, 1.0, 0.0, 0.0, 1.0, 1.0, 1.0, 1.0, 0.0, 0.0, 0.0, 0.0, 0.0, 0.0, 0.0, 0.0, 0.0, 0.0, 0.0, 1.0, 0.0, 0.0, 0.0, 0.0, 0.0, 0.0, 0.0, 0.0, 0.0, 0.0, 0.0, 0.0, 0.0, 0.0, 0.0, 0.0, 0.0, 0.0, 0.0, 0.0, 0.0, 0.0, 0.0, 0.0, 0.0, 0.0, 0.0, 0.0, 1.0, 0.0, 0.0, 0.0, 0.0, 0.0, 0.0, 0.0, 0.0, 0.0, 0.0, 0.0, 1.0, 1.0, 0.0, 0.0, 1.0, 1.0, 1.0, 1.0, 1.0, 1.0, 1.0, 1.0, 1.0, 1.0, 1.0, 1.0, 1.0, 1.0, 0.0, 1.0, 1.0, 1.0, 1.0, 0.0, 0.0, 0.0, 0.0, 0.0, 0.25333333333333335, 0.18142857142836, 0.017615466407393678, 0.25333333333333335, 0.5571428571428114, 0.044021173153855196, 0.15333333333333332, 0.8171428571423542, 0.0366178608356492, 0.2733333333333333, 0.6871428571427886, 0.06914648513962361, 0.32666666666666666, 0.6571428571428, 0.013064988930534482, 0.31333333333333335, 0.80571428571348, 0.008997342461869073, 0.26, 0.7199999999997257, 0.009364639283831076, 0.24666666666666667, 0.9085714285711014, 0.029013954704440438, 0.32, 0.8542857142848, 0.04932790975647819, 0.24666666666666667, 0.5899999999998857, 0.0162896289467644, 0.26666666666666666, 0.5228571428571429, 0.022909483243557033, 0.2866666666666667, 0.95999999999962, 0.011717469252673777, 0.26666666666666666, 0.8799999999994286, 0.006248231983901149, 0.31333333333333335, 0.47714285714262855, 0.0048264204020447, 0.32666666666666666, 0.1799999999994, 0.0022493356154620193, 0.22, 0.6014285714285357, 0.1339149910866318, 0.31333333333333335, 0.7971428571420571, 0.003115569118445077, 0.32666666666666666, 0.19428571428525, 0.0032371390868055376, 0.31333333333333335, 0.6442857142856429, 0.010133253149417069, 0.21333333333333335, 0.49142857142857144, 0.03377213929035598, 0.25333333333333335, 0.7528571428558628, 0.0022746159773719687, 0.28, 0.80571428571384, 0.011746530436334314, 0.29333333333333333, 0.4742857142835429, 0.0014667384877461351, 0.2866666666666667, 0.39999999999934, 0.004882278855274617, 0.20666666666666667, 0.6014285714285571, 0.04751822264364523, 0.2866666666666667, 0.9399999999995485, 0.004461860398297855, 0.2733333333333333, 0.47428571428561145, 0.042499642035366055, 0.28, 0.26714285714232, 0.0025964553092095925, 0.3333333333333333, 0.28, 0.001285870193510074, 0.22666666666666666, 0.22999999999999715, 0.0165686355466282, 0.26666666666666666, 0.6185714285691428, 0.0016710137868781653, 0.3333333333333333, 0.24857142857142858, 0.01826460519761248, 0.0, 0.0, 0.0, 0.0, 0.0, 0.0, 0.0, 0.0, 0.0, 0.0, 0.0, 0.0, 0.0, 0.0, 0.0, 0.0, 0.0, 0.0, 0.0, 0.0, 0.0, 0.0, 0.0, 0.0, 0.0, 0.0, 0.0, 0.0, 0.0, 0.0, 0.0, 0.0, 0.0, 0.0, 0.0, 0.0, 0.0, 0.0, 0.0, 0.0, 0.0, 0.0, 0.0, 0.0, 0.0, 0.0, 0.0, 0.0, 0.0, 0.0, 0.0, 0.0, 0.0, 0.0, 0.0, 0.0, 0.0, 0.0, 0.0, 0.0, 0.0, 0.0, 0.0, 0.0, 0.0, 0.0, 0.0, 0.0, 0.0, 0.0, 0.0, 0.0, 0.0, 0.0, 0.0, 0.0, 0.0, 0.0, 0.0, 0.0, 0.0, 0.0, 0.0, 0.0, 0.0, 0.0, 0.0, 0.0, 0.0, 0.0, 0.0, 0.0, 0.0, 0.0, 0.0, 0.0],[1, 0, 0, 0, 0, 0, 0, 0, 0, 0, 0, 0, 0, 0, 0, 0, 0, 0, 0, 0, 0, 0, 0, 0, 0, 0, 0, 0, 0, 0, 0, 0, 0, 0, 0, 0, 0, 0, 0, 0, 0, 0, 0, 0, 0, 0, 0, 0, 0, 0, 0, 0, 0, 0, 0, 0, 0, 0, 0, 0, 0, 0, 0, 0]
[0.0, 0.0, 0.0, 0.0, 0.0, 0.0, 0.0, 0.0, 0.0, 0.0, 0.0, 0.0, 0.0, 0.0, 0.0, 0.0, 0.0, 0.0, 0.0, 0.0, 0.0, 0.0, 0.0, 0.0, 0.0, 0.0, 0.0, 0.0, 0.0, 0.0, 0.0, 0.0, 0.0, 0.0, 0.0, 0.0, 0.0, 0.0, 0.0, 0.0, 0.0, 0.0, 0.0, 0.0, 0.0, 0.0, 0.0, 0.0, 0.0, 0.0, 0.0, 0.0, 0.0, 0.0, 0.0, 0.0, 0.0, 0.0, 0.0, 0.0, 0.0, 0.0, 0.0, 0.0, 0.0, 0.0, 0.0, 0.0, 0.0, 0.0, 0.0, 0.0, 0.0, 0.0, 0.0, 0.0, 0.0, 0.0, 0.0, 0.0, 0.0, 0.0, 0.0, 0.0, 0.0, 0.0, 0.0, 0.0, 0.0, 0.0, 0.0, 0.0, 0.0, 0.0, 0.0, 0.0, 0.0, 0.0, 0.0, 0.0, 0.0, 0.0, 0.0, 0.0, 0.0, 0.0, 0.0, 0.0, 0.0, 0.0, 0.0, 0.0, 0.0, 0.0, 0.0, 0.0, 0.0, 0.0, 0.0, 0.0, 0.0, 0.0, 0.0, 0.0, 0.0, 0.0, 0.0, 0.0, 0.0, 0.0, 0.0, 0.0, 0.0, 0.0, 1.0, 1.0, 1.0, 1.0, 1.0, 1.0, 0.0, 1.0, 1.0, 1.0, 1.0, 0.0, 0.0, 0.0, 0.0, 0.0, 0.25333333333333335, 0.5571428571428114, 0.044021173153855196, 0.15333333333333332, 0.8171428571423542, 0.0366178608356492, 0.2733333333333333, 0.6871428571427886, 0.06914648513962361, 0.32666666666666666, 0.6571428571428, 0.013064988930534482, 0.31333333333333335, 0.80571428571348, 0.008997342461869073, 0.26, 0.7199999999997257, 0.009364639283831076, 0.24666666666666667, 0.9085714285711014, 0.029013954704440438, 0.32, 0.8542857142848, 0.04932790975647819, 0.24666666666666667, 0.5899999999998857, 0.0162896289467644, 0.26666666666666666, 0.5228571428571429, 0.022909483243557033, 0.2866666666666667, 0.95999999999962, 0.011717469252673777, 0.26666666666666666, 0.8799999999994286, 0.006248231983901149, 0.31333333333333335, 0.47714285714262855, 0.0048264204020447, 0.32666666666666666, 0.1799999999994, 0.0022493356154620193, 0.22, 0.6014285714285357, 0.1339149910866318, 0.31333333333333335, 0.7971428571420571, 0.003115569118445077, 0.32666666666666666, 0.19428571428525, 0.0032371390868055376, 0.31333333333333335, 0.6442857142856429, 0.010133253149417069, 0.21333333333333335, 0.49142857142857144, 0.03377213929035598, 0.25333333333333335, 0.7528571428558628, 0.0022746159773719687, 0.28, 0.80571428571384, 0.011746530436334314, 0.29333333333333333, 0.4742857142835429, 0.0014667384877461351, 0.2866666666666667, 0.39999999999934, 0.004882278855274617, 0.20666666666666667, 0.6014285714285571, 0.04751822264364523, 0.2866666666666667, 0.9399999999995485, 0.004461860398297855, 0.2733333333333333, 0.47428571428561145, 0.042499642035366055, 0.28, 0.26714285714232, 0.0025964553092095925, 0.3333333333333333, 0.28, 0.001285870193510074, 0.22666666666666666, 0.22999999999999715, 0.0165686355466282, 0.26666666666666666, 0.6185714285691428, 0.0016710137868781653, 0.3333333333333333, 0.24857142857142858, 0.01826460519761248, 0.0, 0.0, 0.0, 0.0, 0.0, 0.0, 0.0, 0.0, 0.0, 0.0, 0.0, 0.0, 0.0, 0.0, 0.0, 0.0, 0.0, 0.0, 0.0, 0.0, 0.0, 0.0, 0.0, 0.0, 0.0, 0.0, 0.0, 0.0, 0.0, 0.0, 0.0, 0.0, 0.0, 0.0, 0.0, 0.0, 0.0, 0.0, 0.0, 0.0, 0.0, 0.0, 0.0, 0.0, 0.0, 0.0, 0.0, 0.0, 0.0, 0.0, 0.0, 0.0, 0.0, 0.0, 0.0, 0.0, 0.0, 0.0, 0.0, 0.0, 0.0, 0.0, 0.0, 0.0, 0.0, 0.0, 0.0, 0.0, 0.0, 0.0, 0.0, 0.0, 0.0, 0.0, 0.0, 0.0, 0.0, 0.0, 0.0, 0.0, 0.0, 0.0, 0.0, 0.0, 0.0, 0.0, 0.0, 0.0, 0.0, 0.0, 0.0, 0.0, 0.0, 0.0, 0.0, 0.0, 0.0, 0.0, 0.0],[0, 0, 0, 0, 0, 0, 0, 0, 0, 0, 0, 0, 0, 0, 0, 0, 0, 0, 0, 0, 0, 0, 0, 0, 0, 0, 0, 0, 0, 0, 0, 0, 0, 0, 0, 0, 0, 0, 0, 0, 0, 0, 0, 0, 0, 0, 0, 0, 0, 0, 0, 0, 0, 0, 0, 0, 0, 0, 0, 0, 0, 0, 0, 0]
[0.0, 0.0, 0.0, 0.0, 0.0, 0.0, 0.0, 0.0, 0.0, 0.0, 0.0, 0.0, 0.0, 0.0, 0.0, 0.0, 0.0, 0.0, 0.0, 0.0, 0.0, 0.0, 1.0, 1.0, 0.0, 0.0, 0.0, 0.0, 1.0, 1.0, 0.0, 0.0, 1.0, 1.0, 1.0, 1.0, 0.0, 0.0, 0.0, 0.0, 0.0, 1.0, 1.0, 1.0, 1.0, 1.0, 1.0, 1.0, 1.0, 1.0, 1.0, 0.0, 0.0, 0.0, 0.0, 0.0, 0.0, 0.0, 0.0, 0.0, 1.0, 1.0, 1.0, 1.0, 0.0, 0.0, 1.0, 1.0, 1.0, 1.0, 0.0, 0.0, 0.0, 0.0, 0.0, 0.0, 0.0, 0.0, 0.0, 0.0, 0.0, 1.0, 0.0, 0.0, 0.0, 0.0, 0.0, 0.0, 0.0, 0.0, 0.0, 0.0, 0.0, 0.0, 0.0, 0.0, 0.0, 0.0, 0.0, 0.0, 0.0, 0.0, 0.0, 0.0, 0.0, 0.0, 0.0, 0.0, 0.0, 0.0, 1.0, 0.0, 0.0, 0.0, 0.0, 0.0, 0.0, 0.0, 0.0, 0.0, 0.0, 0.0, 1.0, 1.0, 0.0, 0.0, 1.0, 1.0, 1.0, 1.0, 1.0, 1.0, 1.0, 1.0, 1.0, 1.0, 1.0, 1.0, 1.0, 1.0, 0.0, 1.0, 1.0, 1.0, 1.0, 0.0, 0.0, 0.0, 0.0, 0.0, 0.2733333333333333, 0.37428571428325286, 0.044963045467939305, 0.25333333333333335, 0.5571428571428114, 0.044021173153855196, 0.15333333333333332, 0.8171428571423542, 0.0366178608356492, 0.2733333333333333, 0.6871428571427886, 0.06914648513962361, 0.32666666666666666, 0.6571428571428, 0.013064988930534482, 0.31333333333333335, 0.80571428571348, 0.008997342461869073, 0.26, 0.7199999999997257, 0.009364639283831076, 0.24666666666666667, 0.9085714285711014, 0.029013954704440438, 0.32, 0.8542857142848, 0.04932790975647819, 0.24666666666666667, 0.5899999999998857, 0.0162896289467644, 0.26666666666666666, 0.5228571428571429, 0.022909483243557033, 0.2866666666666667, 0.95999999999962, 0.011717469252673777, 0.26666666666666666, 0.8799999999994286, 0.006248231983901149, 0.31333333333333335, 0.47714285714262855, 0.0048264204020447, 0.32666666666666666, 0.1799999999994, 0.0022493356154620193, 0.22, 0.6014285714285357, 0.1339149910866318, 0.31333333333333335, 0.7971428571420571, 0.003115569118445077, 0.32666666666666666, 0.19428571428525, 0.0032371390868055376, 0.31333333333333335, 0.6442857142856429, 0.010133253149417069, 0.21333333333333335, 0.49142857142857144, 0.03377213929035598, 0.25333333333333335, 0.7528571428558628, 0.0022746159773719687, 0.28, 0.80571428571384, 0.011746530436334314, 0.29333333333333333, 0.4742857142835429, 0.0014667384877461351, 0.2866666666666667, 0.39999999999934, 0.004882278855274617, 0.20666666666666667, 0.6014285714285571, 0.04751822264364523, 0.2866666666666667, 0.9399999999995485, 0.004461860398297855, 0.2733333333333333, 0.47428571428561145, 0.042499642035366055, 0.28, 0.26714285714232, 0.0025964553092095925, 0.3333333333333333, 0.28, 0.001285870193510074, 0.22666666666666666, 0.22999999999999715, 0.0165686355466282, 0.26666666666666666, 0.6185714285691428, 0.0016710137868781653, 0.31333333333333335, 0.14285714285633141, 0.0024380051589110016, 0.3333333333333333, 0.24857142857142858, 0.01826460519761248, 0.0, 0.0, 0.0, 0.0, 0.0, 0.0, 0.0, 0.0, 0.0, 0.0, 0.0, 0.0, 0.0, 0.0, 0.0, 0.0, 0.0, 0.0, 0.0, 0.0, 0.0, 0.0, 0.0, 0.0, 0.0, 0.0, 0.0, 0.0, 0.0, 0.0, 0.0, 0.0, 0.0, 0.0, 0.0, 0.0, 0.0, 0.0, 0.0, 0.0, 0.0, 0.0, 0.0, 0.0, 0.0, 0.0, 0.0, 0.0, 0.0, 0.0, 0.0, 0.0, 0.0, 0.0, 0.0, 0.0, 0.0, 0.0, 0.0, 0.0, 0.0, 0.0, 0.0, 0.0, 0.0, 0.0, 0.0, 0.0, 0.0, 0.0, 0.0, 0.0, 0.0, 0.0, 0.0, 0.0, 0.0, 0.0, 0.0, 0.0, 0.0, 0.0, 0.0, 0.0, 0.0, 0.0, 0.0, 0.0, 0.0, 0.0, 0.0, 0.0, 0.0],[1, 0, 0, 0, 0, 0, 0, 0, 0, 0, 0, 0, 0, 0, 0, 0, 0, 0, 0, 0, 0, 0, 0, 0, 0, 0, 0, 0, 0, 0, 0, 0, 0, 0, 0, 0, 0, 0, 0, 0, 0, 0, 0, 0, 0, 0, 0, 0, 0, 0, 0, 0, 0, 0, 0, 0, 0, 0, 0, 0, 0, 0, 0, 0]
[0.0, 0.0, 0.0, 0.0, 0.0, 0.0, 0.0, 0.0, 0.0, 0.0, 0.0, 0.0, 0.0, 0.0, 0.0, 0.0, 0.0, 0.0, 0.0, 0.0, 0.0, 0.0, 0.0, 0.0, 0.0, 0.0, 0.0, 0.0, 0.0, 0.0, 0.0, 0.0, 0.0, 0.0, 0.0, 0.0, 0.0, 0.0, 0.0, 0.0, 0.0, 0.0, 0.0, 0.0, 0.0, 0.0, 0.0, 0.0, 0.0, 0.0, 0.0, 0.0, 0.0, 0.0, 0.0, 0.0, 0.0, 0.0, 0.0, 0.0, 0.0, 0.0, 0.0, 0.0, 0.0, 0.0, 0.0, 0.0, 0.0, 0.0, 0.0, 0.0, 0.0, 0.0, 0.0, 0.0, 0.0, 0.0, 0.0, 0.0, 0.0, 0.0, 0.0, 0.0, 0.0, 0.0, 0.0, 0.0, 0.0, 0.0, 0.0, 0.0, 0.0, 0.0, 0.0, 0.0, 0.0, 0.0, 0.0, 0.0, 0.0, 0.0, 0.0, 0.0, 0.0, 0.0, 0.0, 0.0, 0.0, 0.0, 0.0, 0.0, 0.0, 0.0, 0.0, 0.0, 0.0, 0.0, 0.0, 0.0, 0.0, 0.0, 0.0, 0.0, 0.0, 0.0, 0.0, 0.0, 0.0, 0.0, 0.0, 0.0, 0.0, 0.0, 0.0, 0.0, 0.0, 1.0, 1.0, 1.0, 0.0, 1.0, 1.0, 1.0, 1.0, 0.0, 0.0, 0.0, 0.0, 0.0, 0.25333333333333335, 0.5571428571428114, 0.044021173153855196, 0.15333333333333332, 0.8171428571423542, 0.0366178608356492, 0.2733333333333333, 0.6871428571427886, 0.06914648513962361, 0.32666666666666666, 0.6571428571428, 0.013064988930534482, 0.31333333333333335, 0.80571428571348, 0.008997342461869073, 0.26, 0.7199999999997257, 0.009364639283831076, 0.24666666666666667, 0.9085714285711014, 0.029013954704440438, 0.32, 0.8542857142848, 0.04932790975647819, 0.24666666666666667, 0.5899999999998857, 0.0162896289467644, 0.26666666666666666, 0.5228571428571429, 0.022909483243557033, 0.2866666666666667, 0.95999999999962, 0.011717469252673777, 0.26666666666666666, 0.8799999999994286, 0.006248231983901149, 0.31333333333333335, 0.47714285714262855, 0.0048264204020447, 0.32666666666666666, 0.1799999999994, 0.0022493356154620193, 0.22, 0.6014285714285357, 0.1339149910866318, 0.31333333333333335, 0.7971428571420571, 0.003115569118445077, 0.32666666666666666, 0.19428571428525, 0.0032371390868055376, 0.31333333333333335, 0.6442857142856429, 0.010133253149417069, 0.21333333333333335, 0.49142857142857144, 0.03377213929035598, 0.25333333333333335, 0.7528571428558628, 0.0022746159773719687, 0.28, 0.80571428571384, 0.011746530436334314, 0.29333333333333333, 0.4742857142835429, 0.0014667384877461351, 0.2866666666666667, 0.39999999999934, 0.004882278855274617, 0.20666666666666667, 0.6014285714285571, 0.04751822264364523, 0.2866666666666667, 0.9399999999995485, 0.004461860398297855, 0.2733333333333333, 0.47428571428561145, 0.042499642035366055, 0.28, 0.26714285714232, 0.0025964553092095925, 0.3333333333333333, 0.28, 0.001285870193510074, 0.22666666666666666, 0.22999999999999715, 0.0165686355466282, 0.26666666666666666, 0.6185714285691428, 0.0016710137868781653, 0.31333333333333335, 0.14285714285633141, 0.0024380051589110016, 0.3333333333333333, 0.24857142857142858, 0.01826460519761248, 0.0, 0.0, 0.0, 0.0, 0.0, 0.0, 0.0, 0.0, 0.0, 0.0, 0.0, 0.0, 0.0, 0.0, 0.0, 0.0, 0.0, 0.0, 0.0, 0.0, 0.0, 0.0, 0.0, 0.0, 0.0, 0.0, 0.0, 0.0, 0.0, 0.0, 0.0, 0.0, 0.0, 0.0, 0.0, 0.0, 0.0, 0.0, 0.0, 0.0, 0.0, 0.0, 0.0, 0.0, 0.0, 0.0, 0.0, 0.0, 0.0, 0.0, 0.0, 0.0, 0.0, 0.0, 0.0, 0.0, 0.0, 0.0, 0.0, 0.0, 0.0, 0.0, 0.0, 0.0, 0.0, 0.0, 0.0, 0.0, 0.0, 0.0, 0.0, 0.0, 0.0, 0.0, 0.0, 0.0, 0.0, 0.0, 0.0, 0.0, 0.0, 0.0, 0.0, 0.0, 0.0, 0.0, 0.0, 0.0, 0.0, 0.0, 0.0, 0.0, 0.0, 0.0, 0.0, 0.0],[0, 0, 0, 0, 0, 0, 0, 0, 0, 0, 0, 0, 0, 0, 0, 0, 0, 0, 0, 0, 0, 0, 0, 0, 0, 0, 0, 0, 0, 0, 0, 0, 0, 0, 0, 0, 0, 0, 0, 0, 0, 0, 0, 0, 0, 0, 0, 0, 0, 0, 0, 0, 0, 0, 0, 0, 0, 0, 0, 0, 0, 0, 0, 0]
[0.0, 0.0, 0.0, 0.0, 0.0, 0.0, 0.0, 0.0, 0.0, 0.0, 0.0, 0.0, 0.0, 0.0, 0.0, 0.0, 0.0, 0.0, 0.0, 0.0, 0.0, 0.0, 1.0, 1.0, 0.0, 0.0, 0.0, 0.0, 1.0, 1.0, 0.0, 0.0, 1.0, 1.0, 1.0, 1.0, 0.0, 0.0, 0.0, 0.0, 0.0, 1.0, 1.0, 1.0, 1.0, 1.0, 1.0, 1.0, 1.0, 1.0, 1.0, 0.0, 0.0, 0.0, 0.0, 0.0, 0.0, 0.0, 0.0, 0.0, 1.0, 1.0, 1.0, 1.0, 0.0, 0.0, 1.0, 1.0, 1.0, 1.0, 0.0, 0.0, 0.0, 0.0, 0.0, 0.0, 0.0, 0.0, 0.0, 0.0, 0.0, 1.0, 0.0, 0.0, 0.0, 0.0, 0.0, 0.0, 0.0, 0.0, 0.0, 0.0, 0.0, 0.0, 0.0, 0.0, 0.0, 0.0, 0.0, 0.0, 0.0, 0.0, 0.0, 0.0, 0.0, 0.0, 0.0, 0.0, 0.0, 0.0, 1.0, 0.0, 0.0, 0.0, 0.0, 0.0, 0.0, 0.0, 0.0, 0.0, 0.0, 0.0, 1.0, 1.0, 0.0, 0.0, 1.0, 1.0, 1.0, 1.0, 1.0, 1.0, 1.0, 1.0, 1.0, 1.0, 1.0, 1.0, 1.0, 1.0, 0.0, 1.0, 1.0, 1.0, 1.0, 0.0, 0.0, 0.0, 0.0, 0.0, 0.25333333333333335, 0.5571428571428114, 0.044021173153855196, 0.15333333333333332, 0.8171428571423542, 0.0366178608356492, 0.22, 0.7442857142848286, 0.008015920222592947, 0.2733333333333333, 0.6871428571427886, 0.06914648513962361, 0.32666666666666666, 0.6571428571428, 0.013064988930534482, 0.31333333333333335, 0.80571428571348, 0.008997342461869073, 0.26, 0.7199999999997257, 0.009364639283831076, 0.24666666666666667, 0.9085714285711014, 0.029013954704440438, 0.32, 0.8542857142848, 0.04932790975647819, 0.24666666666666667, 0.5899999999998857, 0.0162896289467644, 0.26666666666666666, 0.5228571428571429, 0.022909483243557033, 0.2866666666666667, 0.95999999999962, 0.011717469252673777, 0.26666666666666666, 0.8799999999994286, 0.006248231983901149, 0.31333333333333335, 0.47714285714262855, 0.0048264204020447, 0.32666666666666666, 0.1799999999994, 0.0022493356154620193, 0.22, 0.6014285714285357, 0.1339149910866318, 0.31333333333333335, 0.7971428571420571, 0.003115569118445077, 0.32666666666666666, 0.19428571428525, 0.0032371390868055376, 0.3, 0.9857142857140714, 0.005365081986526127, 0.31333333333333335, 0.6442857142856429, 0.010133253149417069, 0.21333333333333335, 0.49142857142857144, 0.03377213929035598, 0.25333333333333335, 0.7528571428558628, 0.0022746159773719687, 0.28, 0.80571428571384, 0.011746530436334314, 0.29333333333333333, 0.4742857142835429, 0.0014667384877461351, 0.2866666666666667, 0.39999999999934, 0.004882278855274617, 0.20666666666666667, 0.6014285714285571, 0.04751822264364523, 0.2866666666666667, 0.9399999999995485, 0.004461860398297855, 0.2733333333333333, 0.47428571428561145, 0.042499642035366055, 0.28, 0.26714285714232, 0.0025964553092095925, 0.3333333333333333, 0.28, 0.001285870193510074, 0.22666666666666666, 0.22999999999999715, 0.0165686355466282, 0.26666666666666666, 0.6185714285691428, 0.0016710137868781653, 0.31333333333333335, 0.14285714285633141, 0.0024380051589110016, 0.3333333333333333, 0.24857142857142858, 0.01826460519761248, 0.0, 0.0, 0.0, 0.0, 0.0, 0.0, 0.0, 0.0, 0.0, 0.0, 0.0, 0.0, 0.0, 0.0, 0.0, 0.0, 0.0, 0.0, 0.0, 0.0, 0.0, 0.0, 0.0, 0.0, 0.0, 0.0, 0.0, 0.0, 0.0, 0.0, 0.0, 0.0, 0.0, 0.0, 0.0, 0.0, 0.0, 0.0, 0.0, 0.0, 0.0, 0.0, 0.0, 0.0, 0.0, 0.0, 0.0, 0.0, 0.0, 0.0, 0.0, 0.0, 0.0, 0.0, 0.0, 0.0, 0.0, 0.0, 0.0, 0.0, 0.0, 0.0, 0.0, 0.0, 0.0, 0.0, 0.0, 0.0, 0.0, 0.0, 0.0, 0.0, 0.0, 0.0, 0.0, 0.0, 0.0, 0.0, 0.0, 0.0, 0.0, 0.0, 0.0, 0.0, 0.0, 0.0, 0.0, 0.0, 0.0, 0.0],[1, 0, 0, 0, 0, 0, 0, 0, 0, 0, 0, 0, 0, 0, 0, 0, 0, 0, 0, 0, 0, 0, 0, 0, 0, 0, 0, 0, 0, 0, 0, 0, 0, 0, 0, 0, 0, 0, 0, 0, 0, 0, 0, 0, 0, 0, 0, 0, 0, 0, 0, 0, 0, 0, 0, 0, 0, 0, 0, 0, 0, 0, 0, 0]
[0.0, 0.0, 0.0, 0.0, 0.0, 0.0, 0.0, 0.0, 0.0, 0.0, 0.0, 0.0, 0.0, 0.0, 0.0, 0.0, 0.0, 0.0, 0.0, 0.0, 0.0, 0.0, 0.0, 0.0, 0.0, 0.0, 0.0, 0.0, 0.0, 0.0, 0.0, 0.0, 0.0, 0.0, 0.0, 0.0, 0.0, 0.0, 0.0, 0.0, 0.0, 0.0, 0.0, 0.0, 0.0, 0.0, 0.0, 0.0, 0.0, 0.0, 0.0, 0.0, 0.0, 0.0, 0.0, 0.0, 0.0, 0.0, 0.0, 0.0, 0.0, 0.0, 0.0, 0.0, 0.0, 0.0, 0.0, 0.0, 0.0, 0.0, 0.0, 0.0, 0.0, 0.0, 0.0, 0.0, 0.0, 0.0, 0.0, 0.0, 0.0, 0.0, 0.0, 0.0, 0.0, 0.0, 0.0, 0.0, 0.0, 0.0, 0.0, 0.0, 0.0, 0.0, 0.0, 0.0, 0.0, 0.0, 0.0, 0.0, 0.0, 0.0, 0.0, 0.0, 0.0, 0.0, 0.0, 0.0, 0.0, 0.0, 0.0, 0.0, 0.0, 0.0, 0.0, 0.0, 0.0, 0.0, 0.0, 0.0, 0.0, 0.0, 0.0, 0.0, 0.0, 0.0, 0.0, 0.0, 0.0, 0.0, 0.0, 0.0, 0.0, 0.0, 1.0, 1.0, 1.0, 1.0, 1.0, 1.0, 0.0, 1.0, 1.0, 1.0, 1.0, 0.0, 0.0, 0.0, 0.0, 0.0, 0.15333333333333332, 0.8171428571423542, 0.0366178608356492, 0.22, 0.7442857142848286, 0.008015920222592947, 0.2733333333333333, 0.6871428571427886, 0.06914648513962361, 0.32666666666666666, 0.6571428571428, 0.013064988930534482, 0.31333333333333335, 0.80571428571348, 0.008997342461869073, 0.26, 0.7199999999997257, 0.009364639283831076, 0.24666666666666667, 0.9085714285711014, 0.029013954704440438, 0.32, 0.8542857142848, 0.04932790975647819, 0.24666666666666667, 0.5899999999998857, 0.0162896289467644, 0.26666666666666666, 0.5228571428571429, 0.022909483243557033, 0.2866666666666667, 0.95999999999962, 0.011717469252673777, 0.26666666666666666, 0.8799999999994286, 0.006248231983901149, 0.31333333333333335, 0.47714285714262855, 0.0048264204020447, 0.32666666666666666, 0.1799999999994, 0.0022493356154620193, 0.22, 0.6014285714285357, 0.1339149910866318, 0.31333333333333335, 0.7971428571420571, 0.003115569118445077, 0.32666666666666666, 0.19428571428525, 0.0032371390868055376, 0.3, 0.9857142857140714, 0.005365081986526127, 0.31333333333333335, 0.6442857142856429, 0.010133253149417069, 0.21333333333333335, 0.49142857142857144, 0.03377213929035598, 0.25333333333333335, 0.7528571428558628, 0.0022746159773719687, 0.28, 0.80571428571384, 0.011746530436334314, 0.29333333333333333, 0.4742857142835429, 0.0014667384877461351, 0.2866666666666667, 0.39999999999934, 0.004882278855274617, 0.20666666666666667, 0.6014285714285571, 0.04751822264364523, 0.2866666666666667, 0.9399999999995485, 0.004461860398297855, 0.2733333333333333, 0.47428571428561145, 0.042499642035366055, 0.28, 0.26714285714232, 0.0025964553092095925, 0.3333333333333333, 0.28, 0.001285870193510074, 0.22666666666666666, 0.22999999999999715, 0.0165686355466282, 0.26666666666666666, 0.6185714285691428, 0.0016710137868781653, 0.31333333333333335, 0.14285714285633141, 0.0024380051589110016, 0.3333333333333333, 0.24857142857142858, 0.01826460519761248, 0.0, 0.0, 0.0, 0.0, 0.0, 0.0, 0.0, 0.0, 0.0, 0.0, 0.0, 0.0, 0.0, 0.0, 0.0, 0.0, 0.0, 0.0, 0.0, 0.0, 0.0, 0.0, 0.0, 0.0, 0.0, 0.0, 0.0, 0.0, 0.0, 0.0, 0.0, 0.0, 0.0, 0.0, 0.0, 0.0, 0.0, 0.0, 0.0, 0.0, 0.0, 0.0, 0.0, 0.0, 0.0, 0.0, 0.0, 0.0, 0.0, 0.0, 0.0, 0.0, 0.0, 0.0, 0.0, 0.0, 0.0, 0.0, 0.0, 0.0, 0.0, 0.0, 0.0, 0.0, 0.0, 0.0, 0.0, 0.0, 0.0, 0.0, 0.0, 0.0, 0.0, 0.0, 0.0, 0.0, 0.0, 0.0, 0.0, 0.0, 0.0, 0.0, 0.0, 0.0, 0.0, 0.0, 0.0, 0.0, 0.0, 0.0, 0.0, 0.0, 0.0],[0, 0, 0, 0, 0, 0, 0, 0, 0, 0, 0, 0, 0, 0, 0, 0, 0, 0, 0, 0, 0, 0, 0, 0, 0, 0, 0, 0, 0, 0, 0, 0, 0, 0, 0, 0, 0, 0, 0, 0, 0, 0, 0, 0, 0, 0, 0, 0, 0, 0, 0, 0, 0, 0, 0, 0, 0, 0, 0, 0, 0, 0, 0, 0]
[0.0, 0.0, 0.0, 0.0, 0.0, 0.0, 0.0, 0.0, 0.0, 0.0, 0.0, 0.0, 0.0, 0.0, 0.0, 0.0, 0.0, 0.0, 0.0, 0.0, 0.0, 0.0, 0.0, 0.0, 0.0, 0.0, 0.0, 0.0, 0.0, 0.0, 0.0, 0.0, 0.0, 0.0, 0.0, 0.0, 0.0, 0.0, 0.0, 0.0, 0.0, 0.0, 0.0, 0.0, 0.0, 0.0, 0.0, 0.0, 0.0, 0.0, 0.0, 1.0, 1.0, 1.0, 1.0, 1.0, 1.0, 1.0, 1.0, 1.0, 0.0, 0.0, 0.0, 0.0, 0.0, 0.0, 0.0, 0.0, 0.0, 0.0, 0.0, 0.0, 0.0, 0.0, 0.0, 0.0, 0.0, 0.0, 0.0, 0.0, 0.0, 0.0, 1.0, 1.0, 1.0, 1.0, 1.0, 1.0, 1.0, 1.0, 0.0, 0.0, 0.0, 0.0, 0.0, 0.0, 0.0, 0.0, 0.0, 0.0, 0.0, 0.0, 0.0, 0.0, 0.0, 0.0, 0.0, 0.0, 0.0, 0.0, 0.0, 0.0, 0.0, 0.0, 0.0, 1.0, 1.0, 1.0, 1.0, 1.0, 1.0, 1.0, 0.0, 0.0, 1.0, 1.0, 0.0, 0.0, 0.0, 0.0, 0.0, 0.0, 0.0, 0.0, 1.0, 1.0, 1.0, 1.0, 1.0, 1.0, 0.0, 1.0, 1.0, 1.0, 1.0, 0.0, 1.0, 0.0, 0.0, 0.0, 0.15333333333333332, 0.8171428571423542, 0.0366178608356492, 0.22, 0.7442857142848286, 0.008015920222592947, 0.2733333333333333, 0.6871428571427886, 0.06914648513962361, 0.32666666666666666, 0.6571428571428, 0.013064988930534482, 0.31333333333333335, 0.80571428571348, 0.008997342461869073, 0.26, 0.7199999999997257, 0.009364639283831076, 0.24666666666666667, 0.9085714285711014, 0.029013954704440438, 0.32, 0.8542857142848, 0.04932790975647819, 0.24666666666666667, 0.5899999999998857, 0.0162896289467644, 0.26666666666666666, 0.5228571428571429, 0.022909483243557033, 0.2866666666666667, 0.95999999999962, 0.011717469252673777, 0.26666666666666666, 0.8799999999994286, 0.006248231983901149, 0.31333333333333335, 0.47714285714262855, 0.0048264204020447, 0.32666666666666666, 0.1799999999994, 0.0022493356154620193, 0.22, 0.6014285714285357, 0.1339149910866318, 0.31333333333333335, 0.7971428571420571, 0.003115569118445077, 0.32666666666666666, 0.19428571428525, 0.0032371390868055376, 0.3, 0.9857142857140714, 0.005365081986526127, 0.31333333333333335, 0.6442857142856429, 0.010133253149417069, 0.21333333333333335, 0.49142857142857144, 0.03377213929035598, 0.25333333333333335, 0.7528571428558628, 0.0022746159773719687, 0.28, 0.80571428571384, 0.011746530436334314, 0.29333333333333333, 0.4742857142835429, 0.0014667384877461351, 0.2866666666666667, 0.39999999999934, 0.004882278855274617, 0.20666666666666667, 0.6014285714285571, 0.04751822264364523, 0.2866666666666667, 0.9399999999995485, 0.004461860398297855, 0.2733333333333333, 0.47428571428561145, 0.042499642035366055, 0.28, 0.26714285714232, 0.0025964553092095925, 0.3333333333333333, 0.28, 0.001285870193510074, 0.22666666666666666, 0.22999999999999715, 0.0165686355466282, 0.26666666666666666, 0.6185714285691428, 0.0016710137868781653, 0.31333333333333335, 0.14285714285633141, 0.0024380051589110016, 0.3333333333333333, 0.24857142857142858, 0.01826460519761248, 0.0, 0.0, 0.0, 0.0, 0.0, 0.0, 0.0, 0.0, 0.0, 0.0, 0.0, 0.0, 0.0, 0.0, 0.0, 0.0, 0.0, 0.0, 0.0, 0.0, 0.0, 0.0, 0.0, 0.0, 0.0, 0.0, 0.0, 0.0, 0.0, 0.0, 0.0, 0.0, 0.0, 0.0, 0.0, 0.0, 0.0, 0.0, 0.0, 0.0, 0.0, 0.0, 0.0, 0.0, 0.0, 0.0, 0.0, 0.0, 0.0, 0.0, 0.0, 0.0, 0.0, 0.0, 0.0, 0.0, 0.0, 0.0, 0.0, 0.0, 0.0, 0.0, 0.0, 0.0, 0.0, 0.0, 0.0, 0.0, 0.0, 0.0, 0.0, 0.0, 0.0, 0.0, 0.0, 0.0, 0.0, 0.0, 0.0, 0.0, 0.0, 0.0, 0.0, 0.0, 0.0, 0.0, 0.0, 0.0, 0.0, 0.0, 0.0, 0.0, 0.0],[1, 0, 0, 0, 0, 0, 0, 0, 0, 0, 0, 0, 0, 0, 0, 0, 0, 0, 0, 0, 0, 0, 0, 0, 0, 0, 0, 0, 0, 0, 0, 0, 0, 0, 0, 0, 0, 0, 0, 0, 0, 0, 0, 0, 0, 0, 0, 0, 0, 0, 0, 0, 0, 0, 0, 0, 0, 0, 0, 0, 0, 0, 0, 0]
[0.0, 0.0, 0.0, 0.0, 0.0, 0.0, 0.0, 0.0, 0.0, 0.0, 0.0, 0.0, 0.0, 0.0, 0.0, 0.0, 0.0, 0.0, 0.0, 0.0, 0.0, 0.0, 0.0, 0.0, 0.0, 0.0, 0.0, 0.0, 0.0, 0.0, 0.0, 0.0, 0.0, 0.0, 0.0, 0.0, 0.0, 0.0, 0.0, 0.0, 0.0, 0.0, 0.0, 0.0, 0.0, 0.0, 0.0, 0.0, 0.0, 0.0, 0.0, 0.0, 0.0, 0.0, 0.0, 0.0, 0.0, 0.0, 0.0, 0.0, 0.0, 0.0, 0.0, 0.0, 0.0, 0.0, 0.0, 0.0, 0.0, 0.0, 0.0, 0.0, 0.0, 0.0, 0.0, 0.0, 0.0, 0.0, 0.0, 0.0, 0.0, 0.0, 0.0, 0.0, 0.0, 0.0, 0.0, 0.0, 0.0, 0.0, 0.0, 0.0, 0.0, 0.0, 0.0, 0.0, 0.0, 0.0, 0.0, 0.0, 0.0, 0.0, 0.0, 0.0, 0.0, 0.0, 0.0, 0.0, 0.0, 0.0, 0.0, 0.0, 0.0, 0.0, 0.0, 0.0, 0.0, 0.0, 0.0, 0.0, 0.0, 1.0, 0.0, 0.0, 1.0, 1.0, 0.0, 0.0, 0.0, 0.0, 0.0, 0.0, 0.0, 0.0, 1.0, 1.0, 1.0, 1.0, 1.0, 1.0, 0.0, 1.0, 1.0, 1.0, 1.0, 0.0, 1.0, 0.0, 0.0, 0.0, 0.22, 0.7442857142848286, 0.008015920222592947, 0.2733333333333333, 0.6871428571427886, 0.06914648513962361, 0.32666666666666666, 0.6571428571428, 0.013064988930534482, 0.31333333333333335, 0.80571428571348, 0.008997342461869073, 0.26, 0.7199999999997257, 0.009364639283831076, 0.24666666666666667, 0.9085714285711014, 0.029013954704440438, 0.32, 0.8542857142848, 0.04932790975647819, 0.24666666666666667, 0.5899999999998857, 0.0162896289467644, 0.26666666666666666, 0.5228571428571429, 0.022909483243557033, 0.2866666666666667, 0.95999999999962, 0.011717469252673777, 0.26666666666666666, 0.8799999999994286, 0.006248231983901149, 0.31333333333333335, 0.47714285714262855, 0.0048264204020447, 0.32666666666666666, 0.1799999999994, 0.0022493356154620193, 0.22, 0.6014285714285357, 0.1339149910866318, 0.31333333333333335, 0.7971428571420571, 0.003115569118445077, 0.32666666666666666, 0.19428571428525, 0.0032371390868055376, 0.3, 0.9857142857140714, 0.005365081986526127, 0.31333333333333335, 0.6442857142856429, 0.010133253149417069, 0.21333333333333335, 0.49142857142857144, 0.03377213929035598, 0.25333333333333335, 0.7528571428558628, 0.0022746159773719687, 0.28, 0.80571428571384, 0.011746530436334314, 0.29333333333333333, 0.4742857142835429, 0.0014667384877461351, 0.2866666666666667, 0.39999999999934, 0.004882278855274617, 0.20666666666666667, 0.6014285714285571, 0.04751822264364523, 0.2866666666666667, 0.9399999999995485, 0.004461860398297855, 0.2733333333333333, 0.47428571428561145, 0.042499642035366055, 0.28, 0.26714285714232, 0.0025964553092095925, 0.3333333333333333, 0.28, 0.001285870193510074, 0.22666666666666666, 0.22999999999999715, 0.0165686355466282, 0.26666666666666666, 0.6185714285691428, 0.0016710137868781653, 0.31333333333333335, 0.14285714285633141, 0.0024380051589110016, 0.3333333333333333, 0.24857142857142858, 0.01826460519761248, 0.0, 0.0, 0.0, 0.0, 0.0, 0.0, 0.0, 0.0, 0.0, 0.0, 0.0, 0.0, 0.0, 0.0, 0.0, 0.0, 0.0, 0.0, 0.0, 0.0, 0.0, 0.0, 0.0, 0.0, 0.0, 0.0, 0.0, 0.0, 0.0, 0.0, 0.0, 0.0, 0.0, 0.0, 0.0, 0.0, 0.0, 0.0, 0.0, 0.0, 0.0, 0.0, 0.0, 0.0, 0.0, 0.0, 0.0, 0.0, 0.0, 0.0, 0.0, 0.0, 0.0, 0.0, 0.0, 0.0, 0.0, 0.0, 0.0, 0.0, 0.0, 0.0, 0.0, 0.0, 0.0, 0.0, 0.0, 0.0, 0.0, 0.0, 0.0, 0.0, 0.0, 0.0, 0.0, 0.0, 0.0, 0.0, 0.0, 0.0, 0.0, 0.0, 0.0, 0.0, 0.0, 0.0, 0.0, 0.0, 0.0, 0.0, 0.0, 0.0, 0.0, 0.0, 0.0, 0.0],[0, 0, 0, 0, 0, 0, 0, 0, 0, 0, 0, 0, 0, 0, 0, 0, 0, 0, 0, 0, 0, 0, 0, 0, 0, 0, 0, 0, 0, 0, 0, 0, 0, 0, 0, 0, 0, 0, 0, 0, 0, 0, 0, 0, 0, 0, 0, 0, 0, 0, 0, 0, 0, 0, 0, 0, 0, 0, 0, 0, 0, 0, 0, 0]
[0.0, 0.0, 0.0, 1.0, 1.0, 1.0, 1.0, 1.0, 1.0, 1.0, 1.0, 1.0, 1.0, 1.0, 1.0, 1.0, 1.0, 1.0, 1.0, 1.0, 1.0, 1.0, 0.0, 0.0, 1.0, 1.0, 1.0, 1.0, 0.0, 0.0, 0.0, 1.0, 0.0, 0.0, 0.0, 0.0, 0.0, 0.0, 0.0, 0.0, 0.0, 0.0, 0.0, 0.0, 0.0, 0.0, 0.0, 0.0, 0.0, 0.0, 0.0, 0.0, 0.0, 0.0, 0.0, 0.0, 0.0, 0.0, 0.0, 0.0, 0.0, 0.0, 0.0, 0.0, 0.0, 0.0, 0.0, 0.0, 0.0, 0.0, 0.0, 0.0, 0.0, 0.0, 0.0, 0.0, 0.0, 0.0, 0.0, 0.0, 0.0, 0.0, 0.0, 0.0, 0.0, 0.0, 0.0, 0.0, 0.0, 0.0, 0.0, 0.0, 0.0, 0.0, 0.0, 0.0, 0.0, 0.0, 0.0, 0.0, 0.0, 0.0, 0.0, 0.0, 0.0, 0.0, 0.0, 0.0, 0.0, 0.0, 0.0, 0.0, 0.0, 0.0, 0.0, 0.0, 0.0, 0.0, 0.0, 0.0, 0.0, 1.0, 0.0, 0.0, 1.0, 1.0, 0.0, 0.0, 0.0, 0.0, 0.0, 0.0, 0.0, 0.0, 1.0, 1.0, 1.0, 1.0, 1.0, 1.0, 0.0, 1.0, 1.0, 1.0, 1.0, 0.0, 1.0, 0.0, 0.0, 0.0, 0.22, 0.7442857142848286, 0.008015920222592947, 0.2733333333333333, 0.6871428571427886, 0.06914648513962361, 0.32666666666666666, 0.6571428571428, 0.013064988930534482, 0.31333333333333335, 0.80571428571348, 0.008997342461869073, 0.26, 0.7199999999997257, 0.009364639283831076, 0.24666666666666667, 0.9085714285711014, 0.029013954704440438, 0.32, 0.8542857142848, 0.04932790975647819, 0.24666666666666667, 0.5899999999998857, 0.0162896289467644, 0.26666666666666666, 0.5228571428571429, 0.022909483243557033, 0.2866666666666667, 0.95999999999962, 0.011717469252673777, 0.26666666666666666, 0.8799999999994286, 0.006248231983901149, 0.31333333333333335, 0.47714285714262855, 0.0048264204020447, 0.32666666666666666, 0.1799999999994, 0.0022493356154620193, 0.22, 0.6014285714285357, 0.1339149910866318, 0.31333333333333335, 0.7971428571420571, 0.003115569118445077, 0.32666666666666666, 0.19428571428525, 0.0032371390868055376, 0.3, 0.9857142857140714, 0.005365081986526127, 0.31333333333333335, 0.6442857142856429, 0.010133253149417069, 0.21333333333333335, 0.49142857142857144, 0.03377213929035598, 0.25333333333333335, 0.7528571428558628, 0.0022746159773719687, 0.28, 0.80571428571384, 0.011746530436334314, 0.29333333333333333, 0.4742857142835429, 0.0014667384877461351, 0.2866666666666667, 0.39999999999934, 0.004882278855274617, 0.20666666666666667, 0.6014285714285571, 0.04751822264364523, 0.2866666666666667, 0.9399999999995485, 0.004461860398297855, 0.2733333333333333, 0.47428571428561145, 0.042499642035366055, 0.28, 0.26714285714232, 0.0025964553092095925, 0.3333333333333333, 0.28, 0.001285870193510074, 0.22666666666666666, 0.22999999999999715, 0.0165686355466282, 0.26666666666666666, 0.6185714285691428, 0.0016710137868781653, 0.31333333333333335, 0.14285714285633141, 0.0024380051589110016, 0.3333333333333333, 0.24857142857142858, 0.01826460519761248, 0.0, 0.0, 0.0, 0.0, 0.0, 0.0, 0.0, 0.0, 0.0, 0.0, 0.0, 0.0, 0.0, 0.0, 0.0, 0.0, 0.0, 0.0, 0.0, 0.0, 0.0, 0.0, 0.0, 0.0, 0.0, 0.0, 0.0, 0.0, 0.0, 0.0, 0.0, 0.0, 0.0, 0.0, 0.0, 0.0, 0.0, 0.0, 0.0, 0.0, 0.0, 0.0, 0.0, 0.0, 0.0, 0.0, 0.0, 0.0, 0.0, 0.0, 0.0, 0.0, 0.0, 0.0, 0.0, 0.0, 0.0, 0.0, 0.0, 0.0, 0.0, 0.0, 0.0, 0.0, 0.0, 0.0, 0.0, 0.0, 0.0, 0.0, 0.0, 0.0, 0.0, 0.0, 0.0, 0.0, 0.0, 0.0, 0.0, 0.0, 0.0, 0.0, 0.0, 0.0, 0.0, 0.0, 0.0, 0.0, 0.0, 0.0, 0.0, 0.0, 0.0, 0.0, 0.0, 0.0],[1, 0, 0, 0, 0, 0, 0, 0, 0, 0, 0, 0, 0, 0, 0, 0, 0, 0, 0, 0, 0, 0, 0, 0, 0, 0, 0, 0, 0, 0, 0, 0, 0, 0, 0, 0, 0, 0, 0, 0, 0, 0, 0, 0, 0, 0, 0, 0, 0, 0, 0, 0, 0, 0, 0, 0, 0, 0, 0, 0, 0, 0, 0, 0]
[0.0, 0.0, 0.0, 0.0, 0.0, 0.0, 0.0, 0.0, 0.0, 0.0, 0.0, 0.0, 0.0, 0.0, 0.0, 0.0, 0.0, 0.0, 0.0, 0.0, 0.0, 0.0, 0.0, 0.0, 0.0, 0.0, 0.0, 0.0, 0.0, 0.0, 0.0, 0.0, 0.0, 0.0, 0.0, 0.0, 0.0, 0.0, 0.0, 0.0, 0.0, 0.0, 0.0, 0.0, 0.0, 0.0, 0.0, 0.0, 0.0, 0.0, 0.0, 0.0, 0.0, 0.0, 0.0, 0.0, 0.0, 0.0, 0.0, 0.0, 0.0, 0.0, 0.0, 0.0, 0.0, 0.0, 0.0, 0.0, 0.0, 0.0, 0.0, 0.0, 0.0, 0.0, 0.0, 0.0, 0.0, 0.0, 0.0, 0.0, 0.0, 0.0, 0.0, 0.0, 0.0, 0.0, 0.0, 0.0, 0.0, 0.0, 0.0, 0.0, 0.0, 0.0, 0.0, 0.0, 0.0, 0.0, 0.0, 0.0, 0.0, 0.0, 0.0, 0.0, 0.0, 0.0, 0.0, 0.0, 0.0, 0.0, 0.0, 0.0, 0.0, 0.0, 0.0, 0.0, 0.0, 0.0, 0.0, 0.0, 0.0, 0.0, 0.0, 0.0, 0.0, 0.0, 0.0, 0.0, 0.0, 0.0, 0.0, 0.0, 0.0, 0.0, 0.0, 0.0, 0.0, 0.0, 0.0, 0.0, 0.0, 1.0, 1.0, 1.0, 1.0, 0.0, 1.0, 0.0, 0.0, 0.0, 0.2733333333333333, 0.6871428571427886, 0.06914648513962361, 0.32666666666666666, 0.6571428571428, 0.013064988930534482, 0.31333333333333335, 0.80571428571348, 0.008997342461869073, 0.26, 0.7199999999997257, 0.009364639283831076, 0.24666666666666667, 0.9085714285711014, 0.029013954704440438, 0.32, 0.8542857142848, 0.04932790975647819, 0.24666666666666667, 0.5899999999998857, 0.0162896289467644, 0.26666666666666666, 0.5228571428571429, 0.022909483243557033, 0.2866666666666667, 0.95999999999962, 0.011717469252673777, 0.26666666666666666, 0.8799999999994286, 0.006248231983901149, 0.31333333333333335, 0.47714285714262855, 0.0048264204020447, 0.32666666666666666, 0.1799999999994, 0.0022493356154620193, 0.22, 0.6014285714285357, 0.1339149910866318, 0.31333333333333335, 0.7971428571420571, 0.003115569118445077, 0.32666666666666666, 0.19428571428525, 0.0032371390868055376, 0.3, 0.9857142857140714, 0.005365081986526127, 0.31333333333333335, 0.6442857142856429, 0.010133253149417069, 0.21333333333333335, 0.49142857142857144, 0.03377213929035598, 0.25333333333333335, 0.7528571428558628, 0.0022746159773719687, 0.28, 0.80571428571384, 0.011746530436334314, 0.29333333333333333, 0.4742857142835429, 0.0014667384877461351, 0.2866666666666667, 0.39999999999934, 0.004882278855274617, 0.20666666666666667, 0.6014285714285571, 0.04751822264364523, 0.2866666666666667, 0.9399999999995485, 0.004461860398297855, 0.2733333333333333, 0.47428571428561145, 0.042499642035366055, 0.28, 0.26714285714232, 0.0025964553092095925, 0.3333333333333333, 0.28, 0.001285870193510074, 0.22666666666666666, 0.22999999999999715, 0.0165686355466282, 0.26666666666666666, 0.6185714285691428, 0.0016710137868781653, 0.31333333333333335, 0.14285714285633141, 0.0024380051589110016, 0.3333333333333333, 0.24857142857142858, 0.01826460519761248, 0.0, 0.0, 0.0, 0.0, 0.0, 0.0, 0.0, 0.0, 0.0, 0.0, 0.0, 0.0, 0.0, 0.0, 0.0, 0.0, 0.0, 0.0, 0.0, 0.0, 0.0, 0.0, 0.0, 0.0, 0.0, 0.0, 0.0, 0.0, 0.0, 0.0, 0.0, 0.0, 0.0, 0.0, 0.0, 0.0, 0.0, 0.0, 0.0, 0.0, 0.0, 0.0, 0.0, 0.0, 0.0, 0.0, 0.0, 0.0, 0.0, 0.0, 0.0, 0.0, 0.0, 0.0, 0.0, 0.0, 0.0, 0.0, 0.0, 0.0, 0.0, 0.0, 0.0, 0.0, 0.0, 0.0, 0.0, 0.0, 0.0, 0.0, 0.0, 0.0, 0.0, 0.0, 0.0, 0.0, 0.0, 0.0, 0.0, 0.0, 0.0, 0.0, 0.0, 0.0, 0.0, 0.0, 0.0, 0.0, 0.0, 0.0, 0.0, 0.0, 0.0, 0.0, 0.0, 0.0, 0.0, 0.0, 0.0],[0, 0, 0, 0, 0, 0, 0, 0, 0, 0, 0, 0, 0, 0, 0, 0, 0, 0, 0, 0, 0, 0, 0, 0, 0, 0, 0, 0, 0, 0, 0, 0, 0, 0, 0, 0, 0, 0, 0, 0, 0, 0, 0, 0, 0, 0, 0, 0, 0, 0, 0, 0, 0, 0, 0, 0, 0, 0, 0, 0, 0, 0, 0, 0]
[0.0, 0.0, 0.0, 1.0, 1.0, 1.0, 1.0, 1.0, 1.0, 1.0, 1.0, 1.0, 1.0, 1.0, 1.0, 1.0, 1.0, 1.0, 1.0, 1.0, 1.0, 1.0, 0.0, 0.0, 1.0, 1.0, 1.0, 1.0, 0.0, 0.0, 0.0, 1.0, 0.0, 0.0, 0.0, 0.0, 0.0, 0.0, 0.0, 0.0, 0.0, 0.0, 0.0, 0.0, 0.0, 0.0, 0.0, 0.0, 0.0, 0.0, 0.0, 0.0, 0.0, 0.0, 0.0, 0.0, 0.0, 0.0, 0.0, 0.0, 0.0, 0.0, 0.0, 0.0, 0.0, 0.0, 0.0, 0.0, 0.0, 0.0, 0.0, 0.0, 0.0, 0.0, 0.0, 0.0, 0.0, 0.0, 0.0, 0.0, 0.0, 0.0, 0.0, 0.0, 0.0, 0.0, 0.0, 0.0, 0.0, 0.0, 0.0, 0.0, 0.0, 0.0, 0.0, 0.0, 0.0, 0.0, 0.0, 0.0, 0.0, 0.0, 0.0, 0.0, 0.0, 0.0, 0.0, 0.0, 0.0, 0.0, 0.0, 0.0, 0.0, 0.0, 0.0, 0.0, 0.0, 0.0, 0.0, 0.0, 0.0, 1.0, 0.0, 0.0, 1.0, 1.0, 0.0, 0.0, 0.0, 0.0, 0.0, 0.0, 0.0, 0.0, 1.0, 1.0, 1.0, 1.0, 1.0, 1.0, 0.0, 1.0, 1.0, 1.0, 1.0, 0.0, 1.0, 0.0, 0.0, 0.0, 0.2733333333333333, 0.6871428571427886, 0.06914648513962361, 0.32666666666666666, 0.6571428571428, 0.013064988930534482, 0.31333333333333335, 0.80571428571348, 0.008997342461869073, 0.26, 0.7199999999997257, 0.009364639283831076, 0.24666666666666667, 0.9085714285711014, 0.029013954704440438, 0.32, 0.8542857142848, 0.04932790975647819, 0.24666666666666667, 0.5899999999998857, 0.0162896289467644, 0.26666666666666666, 0.5228571428571429, 0.022909483243557033, 0.2866666666666667, 0.95999999999962, 0.011717469252673777, 0.26666666666666666, 0.8799999999994286, 0.006248231983901149, 0.31333333333333335, 0.47714285714262855, 0.0048264204020447, 0.32666666666666666, 0.1799999999994, 0.0022493356154620193, 0.22, 0.6014285714285357, 0.1339149910866318, 0.31333333333333335, 0.7971428571420571, 0.003115569118445077, 0.32666666666666666, 0.19428571428525, 0.0032371390868055376, 0.3, 0.9857142857140714, 0.005365081986526127, 0.31333333333333335, 0.6442857142856429, 0.010133253149417069, 0.21333333333333335, 0.49142857142857144, 0.03377213929035598, 0.25333333333333335, 0.7528571428558628, 0.0022746159773719687, 0.28, 0.80571428571384, 0.011746530436334314, 0.29333333333333333, 0.4742857142835429, 0.0014667384877461351, 0.2866666666666667, 0.39999999999934, 0.004882278855274617, 0.20666666666666667, 0.6014285714285571, 0.04751822264364523, 0.2866666666666667, 0.9399999999995485, 0.004461860398297855, 0.2733333333333333, 0.47428571428561145, 0.042499642035366055, 0.28, 0.26714285714232, 0.0025964553092095925, 0.3333333333333333, 0.28, 0.001285870193510074, 0.22666666666666666, 0.22999999999999715, 0.0165686355466282, 0.26666666666666666, 0.6185714285691428, 0.0016710137868781653, 0.31333333333333335, 0.14285714285633141, 0.0024380051589110016, 0.3333333333333333, 0.24857142857142858, 0.01826460519761248, 0.0, 0.0, 0.0, 0.0, 0.0, 0.0, 0.0, 0.0, 0.0, 0.0, 0.0, 0.0, 0.0, 0.0, 0.0, 0.0, 0.0, 0.0, 0.0, 0.0, 0.0, 0.0, 0.0, 0.0, 0.0, 0.0, 0.0, 0.0, 0.0, 0.0, 0.0, 0.0, 0.0, 0.0, 0.0, 0.0, 0.0, 0.0, 0.0, 0.0, 0.0, 0.0, 0.0, 0.0, 0.0, 0.0, 0.0, 0.0, 0.0, 0.0, 0.0, 0.0, 0.0, 0.0, 0.0, 0.0, 0.0, 0.0, 0.0, 0.0, 0.0, 0.0, 0.0, 0.0, 0.0, 0.0, 0.0, 0.0, 0.0, 0.0, 0.0, 0.0, 0.0, 0.0, 0.0, 0.0, 0.0, 0.0, 0.0, 0.0, 0.0, 0.0, 0.0, 0.0, 0.0, 0.0, 0.0, 0.0, 0.0, 0.0, 0.0, 0.0, 0.0, 0.0, 0.0, 0.0, 0.0, 0.0, 0.0],[0, 0, 0, 0, 1, 0, 0, 0, 0, 0, 0, 0, 0, 0, 0, 0, 0, 0, 0, 0, 0, 0, 0, 0, 0, 0, 0, 0, 0, 0, 0, 0, 0, 0, 0, 0, 0, 0, 0, 0, 0, 0, 0, 0, 0, 0, 0, 0, 0, 0, 0, 0, 0, 0, 0, 0, 0, 0, 0, 0, 0, 0, 0, 0]
[0.0, 0.0, 0.0, 0.0, 0.0, 0.0, 0.0, 0.0, 0.0, 0.0, 0.0, 0.0, 0.0, 0.0, 0.0, 0.0, 0.0, 0.0, 0.0, 0.0, 0.0, 0.0, 0.0, 0.0, 0.0, 0.0, 0.0, 0.0, 0.0, 0.0, 0.0, 0.0, 0.0, 0.0, 0.0, 0.0, 0.0, 0.0, 0.0, 0.0, 0.0, 0.0, 0.0, 0.0, 0.0, 0.0, 0.0, 0.0, 0.0, 0.0, 0.0, 0.0, 0.0, 0.0, 0.0, 0.0, 0.0, 0.0, 0.0, 0.0, 0.0, 0.0, 0.0, 0.0, 0.0, 0.0, 0.0, 0.0, 0.0, 0.0, 0.0, 0.0, 0.0, 0.0, 0.0, 0.0, 0.0, 0.0, 0.0, 0.0, 0.0, 0.0, 0.0, 0.0, 0.0, 0.0, 0.0, 0.0, 0.0, 0.0, 0.0, 0.0, 0.0, 0.0, 0.0, 0.0, 0.0, 0.0, 0.0, 0.0, 0.0, 0.0, 0.0, 0.0, 0.0, 0.0, 0.0, 0.0, 0.0, 0.0, 0.0, 0.0, 0.0, 0.0, 0.0, 0.0, 0.0, 0.0, 0.0, 0.0, 0.0, 0.0, 0.0, 0.0, 0.0, 0.0, 0.0, 0.0, 0.0, 0.0, 0.0, 0.0, 0.0, 0.0, 0.0, 0.0, 0.0, 0.0, 0.0, 0.0, 0.0, 0.0, 0.0, 0.0, 0.0, 0.0, 1.0, 0.0, 0.0, 0.0, 0.2733333333333333, 0.6871428571427886, 0.06914648513962361, 0.32666666666666666, 0.6571428571428, 0.013064988930534482, 0.31333333333333335, 0.80571428571348, 0.008997342461869073, 0.26, 0.7199999999997257, 0.009364639283831076, 0.32, 0.8542857142848, 0.04932790975647819, 0.24666666666666667, 0.5899999999998857, 0.0162896289467644, 0.26666666666666666, 0.5228571428571429, 0.022909483243557033, 0.2866666666666667, 0.95999999999962, 0.011717469252673777, 0.26666666666666666, 0.8799999999994286, 0.006248231983901149, 0.31333333333333335, 0.47714285714262855, 0.0048264204020447, 0.32666666666666666, 0.1799999999994, 0.0022493356154620193, 0.22, 0.6014285714285357, 0.1339149910866318, 0.31333333333333335, 0.7971428571420571, 0.003115569118445077, 0.32666666666666666, 0.19428571428525, 0.0032371390868055376, 0.3, 0.9857142857140714, 0.005365081986526127, 0.31333333333333335, 0.6442857142856429, 0.010133253149417069, 0.21333333333333335, 0.49142857142857144, 0.03377213929035598, 0.25333333333333335, 0.7528571428558628, 0.0022746159773719687, 0.28, 0.80571428571384, 0.011746530436334314, 0.29333333333333333, 0.4742857142835429, 0.0014667384877461351, 0.2866666666666667, 0.39999999999934, 0.004882278855274617, 0.20666666666666667, 0.6014285714285571, 0.04751822264364523, 0.2866666666666667, 0.9399999999995485, 0.004461860398297855, 0.2733333333333333, 0.47428571428561145, 0.042499642035366055, 0.28, 0.26714285714232, 0.0025964553092095925, 0.3333333333333333, 0.28, 0.001285870193510074, 0.22666666666666666, 0.22999999999999715, 0.0165686355466282, 0.26666666666666666, 0.6185714285691428, 0.0016710137868781653, 0.31333333333333335, 0.14285714285633141, 0.0024380051589110016, 0.3333333333333333, 0.24857142857142858, 0.01826460519761248, 0.0, 0.0, 0.0, 0.0, 0.0, 0.0, 0.0, 0.0, 0.0, 0.0, 0.0, 0.0, 0.0, 0.0, 0.0, 0.0, 0.0, 0.0, 0.0, 0.0, 0.0, 0.0, 0.0, 0.0, 0.0, 0.0, 0.0, 0.0, 0.0, 0.0, 0.0, 0.0, 0.0, 0.0, 0.0, 0.0, 0.0, 0.0, 0.0, 0.0, 0.0, 0.0, 0.0, 0.0, 0.0, 0.0, 0.0, 0.0, 0.0, 0.0, 0.0, 0.0, 0.0, 0.0, 0.0, 0.0, 0.0, 0.0, 0.0, 0.0, 0.0, 0.0, 0.0, 0.0, 0.0, 0.0, 0.0, 0.0, 0.0, 0.0, 0.0, 0.0, 0.0, 0.0, 0.0, 0.0, 0.0, 0.0, 0.0, 0.0, 0.0, 0.0, 0.0, 0.0, 0.0, 0.0, 0.0, 0.0, 0.0, 0.0, 0.0, 0.0, 0.0, 0.0, 0.0, 0.0, 0.0, 0.0, 0.0, 0.0, 0.0, 0.0],[0, 0, 0, 0, 0, 0, 0, 0, 0, 0, 0, 0, 0, 0, 0, 0, 0, 0, 0, 0, 0, 0, 0, 0, 0, 0, 0, 0, 0, 0, 0, 0, 0, 0, 0, 0, 0, 0, 0, 0, 0, 0, 0, 0, 0, 0, 0, 0, 0, 0, 0, 0, 0, 0, 0, 0, 0, 0, 0, 0, 0, 0, 0, 0]
[0.0, 0.0, 0.0, 0.0, 0.0, 0.0, 0.0, 0.0, 0.0, 0.0, 0.0, 0.0, 0.0, 0.0, 0.0, 0.0, 0.0, 0.0, 0.0, 0.0, 0.0, 0.0, 0.0, 0.0, 0.0, 0.0, 0.0, 0.0, 0.0, 0.0, 0.0, 0.0, 0.0, 0.0, 0.0, 0.0, 0.0, 0.0, 0.0, 0.0, 0.0, 0.0, 0.0, 0.0, 0.0, 0.0, 0.0, 0.0, 0.0, 0.0, 0.0, 1.0, 1.0, 1.0, 1.0, 1.0, 1.0, 1.0, 1.0, 1.0, 0.0, 0.0, 0.0, 0.0, 0.0, 0.0, 0.0, 0.0, 0.0, 0.0, 0.0, 0.0, 0.0, 0.0, 0.0, 0.0, 0.0, 0.0, 0.0, 0.0, 0.0, 0.0, 1.0, 1.0, 1.0, 1.0, 1.0, 1.0, 1.0, 1.0, 0.0, 0.0, 0.0, 0.0, 0.0, 0.0, 0.0, 0.0, 0.0, 0.0, 0.0, 0.0, 0.0, 0.0, 0.0, 0.0, 0.0, 0.0, 0.0, 0.0, 0.0, 0.0, 0.0, 0.0, 0.0, 1.0, 1.0, 1.0, 1.0, 1.0, 1.0, 0.0, 0.0, 0.0, 0.0, 0.0, 0.0, 0.0, 0.0, 0.0, 0.0, 0.0, 0.0, 0.0, 0.0, 0.0, 0.0, 0.0, 0.0, 0.0, 0.0, 0.0, 0.0, 0.0, 0.0, 0.0, 1.0, 0.0, 0.0, 0.0, 0.09333333333333334, 0.78999999999998, 0.047989583972815206, 0.14666666666666667, 0.5628571428569571, 0.012532661873662388, 0.2733333333333333, 0.6871428571427886, 0.06914648513962361, 0.32666666666666666, 0.6571428571428, 0.013064988930534482, 0.31333333333333335, 0.80571428571348, 0.008997342461869073, 0.26, 0.7199999999997257, 0.009364639283831076, 0.32, 0.8542857142848, 0.04932790975647819, 0.24666666666666667, 0.5899999999998857, 0.0162896289467644, 0.26666666666666666, 0.5228571428571429, 0.022909483243557033, 0.2866666666666667, 0.95999999999962, 0.011717469252673777, 0.26666666666666666, 0.8799999999994286, 0.006248231983901149, 0.31333333333333335, 0.47714285714262855, 0.0048264204020447, 0.32666666666666666, 0.1799999999994, 0.0022493356154620193, 0.22, 0.6014285714285357, 0.1339149910866318, 0.31333333333333335, 0.7971428571420571, 0.003115569118445077, 0.32666666666666666, 0.19428571428525, 0.0032371390868055376, 0.3, 0.9857142857140714, 0.005365081986526127, 0.31333333333333335, 0.6442857142856429, 0.010133253149417069, 0.21333333333333335, 0.49142857142857144, 0.03377213929035598, 0.25333333333333335, 0.7528571428558628, 0.0022746159773719687, 0.04666666666666667, 0.58571428571415, 0.04098789343743504, 0.28, 0.80571428571384, 0.011746530436334314, 0.29333333333333333, 0.4742857142835429, 0.0014667384877461351, 0.2866666666666667, 0.39999999999934, 0.004882278855274617, 0.20666666666666667, 0.6014285714285571, 0.04751822264364523, 0.2866666666666667, 0.9399999999995485, 0.004461860398297855, 0.2733333333333333, 0.47428571428561145, 0.042499642035366055, 0.28, 0.26714285714232, 0.0025964553092095925, 0.3333333333333333, 0.28, 0.001285870193510074, 0.22666666666666666, 0.22999999999999715, 0.0165686355466282, 0.26666666666666666, 0.6185714285691428, 0.0016710137868781653, 0.31333333333333335, 0.14285714285633141, 0.0024380051589110016, 0.3333333333333333, 0.24857142857142858, 0.01826460519761248, 0.0, 0.0, 0.0, 0.0, 0.0, 0.0, 0.0, 0.0, 0.0, 0.0, 0.0, 0.0, 0.0, 0.0, 0.0, 0.0, 0.0, 0.0, 0.0, 0.0, 0.0, 0.0, 0.0, 0.0, 0.0, 0.0, 0.0, 0.0, 0.0, 0.0, 0.0, 0.0, 0.0, 0.0, 0.0, 0.0, 0.0, 0.0, 0.0, 0.0, 0.0, 0.0, 0.0, 0.0, 0.0, 0.0, 0.0, 0.0, 0.0, 0.0, 0.0, 0.0, 0.0, 0.0, 0.0, 0.0, 0.0, 0.0, 0.0, 0.0, 0.0, 0.0, 0.0, 0.0, 0.0, 0.0, 0.0, 0.0, 0.0, 0.0, 0.0, 0.0, 0.0, 0.0, 0.0, 0.0, 0.0, 0.0, 0.0, 0.0, 0.0, 0.0, 0.0, 0.0, 0.0, 0.0, 0.0, 0.0, 0.0, 0.0, 0.0, 0.0, 0.0],[1, 0, 0, 0, 0, 0, 0, 0, 0, 0, 0, 0, 0, 0, 0, 0, 0, 0, 0, 0, 1, 0, 0, 0, 0, 0, 0, 0, 0, 0, 0, 0, 0, 0, 0, 0, 0, 0, 0, 0, 0, 0, 0, 0, 0, 0, 0, 0, 0, 0, 0, 0, 0, 0, 0, 0, 0, 0, 0, 0, 0, 0, 0, 0]
[0.0, 0.0, 0.0, 0.0, 0.0, 0.0, 0.0, 0.0, 0.0, 0.0, 0.0, 0.0, 0.0, 0.0, 0.0, 0.0, 0.0, 0.0, 0.0, 0.0, 0.0, 0.0, 0.0, 0.0, 0.0, 0.0, 0.0, 0.0, 0.0, 0.0, 0.0, 0.0, 0.0, 0.0, 0.0, 0.0, 0.0, 0.0, 0.0, 0.0, 0.0, 0.0, 0.0, 0.0, 0.0, 0.0, 0.0, 0.0, 0.0, 0.0, 0.0, 0.0, 0.0, 0.0, 0.0, 0.0, 0.0, 0.0, 0.0, 0.0, 0.0, 0.0, 0.0, 0.0, 0.0, 0.0, 0.0, 0.0, 0.0, 0.0, 0.0, 0.0, 0.0, 0.0, 0.0, 0.0, 0.0, 0.0, 0.0, 0.0, 0.0, 0.0, 0.0, 0.0, 0.0, 0.0, 0.0, 0.0, 0.0, 0.0, 0.0, 0.0, 0.0, 0.0, 0.0, 0.0, 0.0, 0.0, 0.0, 0.0, 0.0, 0.0, 0.0, 0.0, 0.0, 0.0, 0.0, 0.0, 0.0, 0.0, 0.0, 0.0, 0.0, 0.0, 0.0, 0.0, 0.0, 0.0, 0.0, 1.0, 1.0, 0.0, 0.0, 0.0, 0.0, 0.0, 0.0, 0.0, 0.0, 0.0, 0.0, 0.0, 0.0, 0.0, 0.0, 0.0, 0.0, 0.0, 0.0, 0.0, 0.0, 0.0, 0.0, 0.0, 0.0, 0.0, 1.0, 0.0, 0.0, 0.0, 0.14666666666666667, 0.5628571428569571, 0.012532661873662388, 0.2733333333333333, 0.6871428571427886, 0.06914648513962361, 0.32666666666666666, 0.6571428571428, 0.013064988930534482, 0.31333333333333335, 0.80571428571348, 0.008997342461869073, 0.26, 0.7199999999997257, 0.009364639283831076, 0.32, 0.8542857142848, 0.04932790975647819, 0.24666666666666667, 0.5899999999998857, 0.0162896289467644, 0.26666666666666666, 0.5228571428571429, 0.022909483243557033, 0.2866666666666667, 0.95999999999962, 0.011717469252673777, 0.26666666666666666, 0.8799999999994286, 0.006248231983901149, 0.31333333333333335, 0.47714285714262855, 0.0048264204020447, 0.32666666666666666, 0.1799999999994, 0.0022493356154620193, 0.22, 0.6014285714285357, 0.1339149910866318, 0.31333333333333335, 0.7971428571420571, 0.003115569118445077, 0.32666666666666666, 0.19428571428525, 0.0032371390868055376, 0.3, 0.9857142857140714, 0.005365081986526127, 0.31333333333333335, 0.6442857142856429, 0.010133253149417069, 0.21333333333333335, 0.49142857142857144, 0.03377213929035598, 0.25333333333333335, 0.7528571428558628, 0.0022746159773719687, 0.28, 0.80571428571384, 0.011746530436334314, 0.29333333333333333, 0.4742857142835429, 0.0014667384877461351, 0.2866666666666667, 0.39999999999934, 0.004882278855274617, 0.20666666666666667, 0.6014285714285571, 0.04751822264364523, 0.2866666666666667, 0.9399999999995485, 0.004461860398297855, 0.2733333333333333, 0.47428571428561145, 0.042499642035366055, 0.28, 0.26714285714232, 0.0025964553092095925, 0.3333333333333333, 0.28, 0.001285870193510074, 0.22666666666666666, 0.22999999999999715, 0.0165686355466282, 0.26666666666666666, 0.6185714285691428, 0.0016710137868781653, 0.31333333333333335, 0.14285714285633141, 0.0024380051589110016, 0.3333333333333333, 0.24857142857142858, 0.01826460519761248, 0.0, 0.0, 0.0, 0.0, 0.0, 0.0, 0.0, 0.0, 0.0, 0.0, 0.0, 0.0, 0.0, 0.0, 0.0, 0.0, 0.0, 0.0, 0.0, 0.0, 0.0, 0.0, 0.0, 0.0, 0.0, 0.0, 0.0, 0.0, 0.0, 0.0, 0.0, 0.0, 0.0, 0.0, 0.0, 0.0, 0.0, 0.0, 0.0, 0.0, 0.0, 0.0, 0.0, 0.0, 0.0, 0.0, 0.0, 0.0, 0.0, 0.0, 0.0, 0.0, 0.0, 0.0, 0.0, 0.0, 0.0, 0.0, 0.0, 0.0, 0.0, 0.0, 0.0, 0.0, 0.0, 0.0, 0.0, 0.0, 0.0, 0.0, 0.0, 0.0, 0.0, 0.0, 0.0, 0.0, 0.0, 0.0, 0.0, 0.0, 0.0, 0.0, 0.0, 0.0, 0.0, 0.0, 0.0, 0.0, 0.0, 0.0, 0.0, 0.0, 0.0, 0.0, 0.0, 0.0, 0.0, 0.0, 0.0],[0, 0, 0, 0, 0, 0, 0, 0, 0, 0, 0, 0, 0, 0, 0, 0, 0, 0, 0, 0, 0, 0, 0, 0, 0, 0, 0, 0, 0, 0, 0, 0, 0, 0, 0, 0, 0, 0, 0, 0, 0, 0, 0, 0, 0, 0, 0, 0, 0, 0, 0, 0, 0, 0, 0, 0, 0, 0, 0, 0, 0, 0, 0, 0]
[0.0, 0.0, 0.0, 0.0, 0.0, 0.0, 0.0, 0.0, 0.0, 0.0, 0.0, 0.0, 0.0, 0.0, 0.0, 0.0, 0.0, 0.0, 0.0, 0.0, 0.0, 0.0, 1.0, 1.0, 0.0, 0.0, 0.0, 0.0, 1.0, 1.0, 0.0, 0.0, 1.0, 1.0, 1.0, 1.0, 0.0, 0.0, 0.0, 0.0, 0.0, 1.0, 1.0, 1.0, 1.0, 1.0, 1.0, 1.0, 1.0, 1.0, 1.0, 0.0, 0.0, 0.0, 0.0, 0.0, 0.0, 0.0, 0.0, 0.0, 1.0, 1.0, 1.0, 1.0, 0.0, 0.0, 1.0, 1.0, 1.0, 1.0, 0.0, 0.0, 0.0, 0.0, 0.0, 0.0, 0.0, 0.0, 0.0, 0.0, 0.0, 1.0, 0.0, 0.0, 0.0, 0.0, 0.0, 0.0, 0.0, 0.0, 0.0, 0.0, 0.0, 0.0, 0.0, 0.0, 0.0, 0.0, 0.0, 0.0, 0.0, 0.0, 0.0, 0.0, 0.0, 0.0, 0.0, 0.0, 0.0, 0.0, 1.0, 0.0, 0.0, 0.0, 0.0, 0.0, 0.0, 0.0, 0.0, 1.0, 1.0, 0.0, 1.0, 1.0, 0.0, 0.0, 1.0, 1.0, 1.0, 1.0, 1.0, 1.0, 1.0, 1.0, 0.0, 0.0, 0.0, 0.0, 0.0, 0.0, 0.0, 0.0, 0.0, 0.0, 0.0, 0.0, 1.0, 0.0, 0.0, 0.0, 0.14666666666666667, 0.5628571428569571, 0.012532661873662388, 0.2733333333333333, 0.6871428571427886, 0.06914648513962361, 0.32666666666666666, 0.6571428571428, 0.013064988930534482, 0.31333333333333335, 0.80571428571348, 0.008997342461869073, 0.26, 0.7199999999997257, 0.009364639283831076, 0.32, 0.8542857142848, 0.04932790975647819, 0.24666666666666667, 0.5899999999998857, 0.0162896289467644, 0.26666666666666666, 0.5228571428571429, 0.022909483243557033, 0.2866666666666667, 0.95999999999962, 0.011717469252673777, 0.26666666666666666, 0.8799999999994286, 0.006248231983901149, 0.31333333333333335, 0.47714285714262855, 0.0048264204020447, 0.32666666666666666, 0.1799999999994, 0.0022493356154620193, 0.22, 0.6014285714285357, 0.1339149910866318, 0.31333333333333335, 0.7971428571420571, 0.003115569118445077, 0.32666666666666666, 0.19428571428525, 0.0032371390868055376, 0.3, 0.9857142857140714, 0.005365081986526127, 0.31333333333333335, 0.6442857142856429, 0.010133253149417069, 0.21333333333333335, 0.49142857142857144, 0.03377213929035598, 0.25333333333333335, 0.7528571428558628, 0.0022746159773719687, 0.28, 0.80571428571384, 0.011746530436334314, 0.29333333333333333, 0.4742857142835429, 0.0014667384877461351, 0.14666666666666667, 0.9099999999997972, 0.03377032831439846, 0.2866666666666667, 0.39999999999934, 0.004882278855274617, 0.20666666666666667, 0.6014285714285571, 0.04751822264364523, 0.2866666666666667, 0.9399999999995485, 0.004461860398297855, 0.2733333333333333, 0.47428571428561145, 0.042499642035366055, 0.28, 0.26714285714232, 0.0025964553092095925, 0.3333333333333333, 0.28, 0.001285870193510074, 0.22666666666666666, 0.22999999999999715, 0.0165686355466282, 0.26666666666666666, 0.6185714285691428, 0.0016710137868781653, 0.31333333333333335, 0.14285714285633141, 0.0024380051589110016, 0.3333333333333333, 0.24857142857142858, 0.01826460519761248, 0.0, 0.0, 0.0, 0.0, 0.0, 0.0, 0.0, 0.0, 0.0, 0.0, 0.0, 0.0, 0.0, 0.0, 0.0, 0.0, 0.0, 0.0, 0.0, 0.0, 0.0, 0.0, 0.0, 0.0, 0.0, 0.0, 0.0, 0.0, 0.0, 0.0, 0.0, 0.0, 0.0, 0.0, 0.0, 0.0, 0.0, 0.0, 0.0, 0.0, 0.0, 0.0, 0.0, 0.0, 0.0, 0.0, 0.0, 0.0, 0.0, 0.0, 0.0, 0.0, 0.0, 0.0, 0.0, 0.0, 0.0, 0.0, 0.0, 0.0, 0.0, 0.0, 0.0, 0.0, 0.0, 0.0, 0.0, 0.0, 0.0, 0.0, 0.0, 0.0, 0.0, 0.0, 0.0, 0.0, 0.0, 0.0, 0.0, 0.0, 0.0, 0.0, 0.0, 0.0, 0.0, 0.0, 0.0, 0.0, 0.0, 0.0, 0.0, 0.0, 0.0, 0.0, 0.0, 0.0],[1, 0, 0, 0, 0, 0, 0, 0, 0, 0, 0, 0, 0, 0, 0, 0, 0, 0, 0, 0, 0, 0, 0, 0, 0, 0, 0, 0, 0, 0, 0, 0, 0, 0, 0, 0, 0, 0, 0, 0, 0, 0, 0, 0, 0, 0, 0, 0, 0, 0, 0, 0, 0, 0, 0, 0, 0, 0, 0, 0, 0, 0, 0, 0]
[0.0, 0.0, 0.0, 0.0, 0.0, 0.0, 0.0, 0.0, 0.0, 0.0, 0.0, 0.0, 0.0, 0.0, 0.0, 0.0, 0.0, 0.0, 0.0, 0.0, 0.0, 0.0, 0.0, 0.0, 0.0, 0.0, 0.0, 0.0, 0.0, 0.0, 0.0, 0.0, 0.0, 0.0, 0.0, 0.0, 0.0, 0.0, 0.0, 0.0, 0.0, 0.0, 0.0, 0.0, 0.0, 0.0, 0.0, 0.0, 0.0, 0.0, 0.0, 0.0, 0.0, 0.0, 0.0, 0.0, 0.0, 0.0, 0.0, 0.0, 0.0, 0.0, 0.0, 0.0, 0.0, 0.0, 1.0, 1.0, 1.0, 1.0, 0.0, 0.0, 0.0, 0.0, 0.0, 0.0, 0.0, 0.0, 0.0, 0.0, 0.0, 1.0, 0.0, 0.0, 0.0, 0.0, 0.0, 0.0, 0.0, 0.0, 0.0, 0.0, 0.0, 0.0, 0.0, 0.0, 0.0, 0.0, 0.0, 0.0, 0.0, 0.0, 0.0, 0.0, 0.0, 0.0, 0.0, 0.0, 0.0, 0.0, 1.0, 0.0, 0.0, 0.0, 0.0, 0.0, 0.0, 0.0, 0.0, 1.0, 1.0, 0.0, 1.0, 1.0, 0.0, 0.0, 1.0, 1.0, 1.0, 1.0, 1.0, 1.0, 1.0, 1.0, 0.0, 0.0, 0.0, 0.0, 0.0, 0.0, 0.0, 0.0, 0.0, 0.0, 0.0, 0.0, 1.0, 0.0, 0.0, 0.0, 0.2733333333333333, 0.6871428571427886, 0.06914648513962361, 0.32666666666666666, 0.6571428571428, 0.013064988930534482, 0.31333333333333335, 0.80571428571348, 0.008997342461869073, 0.26, 0.7199999999997257, 0.009364639283831076, 0.32, 0.8542857142848, 0.04932790975647819, 0.24666666666666667, 0.5899999999998857, 0.0162896289467644, 0.26666666666666666, 0.5228571428571429, 0.022909483243557033, 0.2866666666666667, 0.95999999999962, 0.011717469252673777, 0.26666666666666666, 0.8799999999994286, 0.006248231983901149, 0.31333333333333335, 0.47714285714262855, 0.0048264204020447, 0.32666666666666666, 0.1799999999994, 0.0022493356154620193, 0.22, 0.6014285714285357, 0.1339149910866318, 0.31333333333333335, 0.7971428571420571, 0.003115569118445077, 0.32666666666666666, 0.19428571428525, 0.0032371390868055376, 0.3, 0.9857142857140714, 0.005365081986526127, 0.31333333333333335, 0.6442857142856429, 0.010133253149417069, 0.21333333333333335, 0.49142857142857144, 0.03377213929035598, 0.25333333333333335, 0.7528571428558628, 0.0022746159773719687, 0.28, 0.80571428571384, 0.011746530436334314, 0.29333333333333333, 0.4742857142835429, 0.0014667384877461351, 0.14666666666666667, 0.9099999999997972, 0.03377032831439846, 0.2866666666666667, 0.39999999999934, 0.004882278855274617, 0.20666666666666667, 0.6014285714285571, 0.04751822264364523, 0.2866666666666667, 0.9399999999995485, 0.004461860398297855, 0.2733333333333333, 0.47428571428561145, 0.042499642035366055, 0.28, 0.26714285714232, 0.0025964553092095925, 0.3333333333333333, 0.28, 0.001285870193510074, 0.22666666666666666, 0.22999999999999715, 0.0165686355466282, 0.26666666666666666, 0.6185714285691428, 0.0016710137868781653, 0.31333333333333335, 0.14285714285633141, 0.0024380051589110016, 0.3333333333333333, 0.24857142857142858, 0.01826460519761248, 0.0, 0.0, 0.0, 0.0, 0.0, 0.0, 0.0, 0.0, 0.0, 0.0, 0.0, 0.0, 0.0, 0.0, 0.0, 0.0, 0.0, 0.0, 0.0, 0.0, 0.0, 0.0, 0.0, 0.0, 0.0, 0.0, 0.0, 0.0, 0.0, 0.0, 0.0, 0.0, 0.0, 0.0, 0.0, 0.0, 0.0, 0.0, 0.0, 0.0, 0.0, 0.0, 0.0, 0.0, 0.0, 0.0, 0.0, 0.0, 0.0, 0.0, 0.0, 0.0, 0.0, 0.0, 0.0, 0.0, 0.0, 0.0, 0.0, 0.0, 0.0, 0.0, 0.0, 0.0, 0.0, 0.0, 0.0, 0.0, 0.0, 0.0, 0.0, 0.0, 0.0, 0.0, 0.0, 0.0, 0.0, 0.0, 0.0, 0.0, 0.0, 0.0, 0.0, 0.0, 0.0, 0.0, 0.0, 0.0, 0.0, 0.0, 0.0, 0.0, 0.0, 0.0, 0.0, 0.0, 0.0, 0.0, 0.0],[0, 0, 0, 0, 0, 0, 0, 0, 0, 0, 0, 0, 0, 0, 0, 0, 0, 0, 0, 0, 0, 0, 0, 0, 0, 0, 0, 0, 0, 0, 0, 0, 0, 0, 0, 0, 0, 0, 0, 0, 0, 0, 0, 0, 0, 0, 0, 0, 0, 0, 0, 0, 0, 0, 0, 0, 0, 0, 0, 0, 0, 0, 0, 0]
[0.0, 0.0, 0.0, 1.0, 1.0, 1.0, 1.0, 1.0, 1.0, 1.0, 1.0, 1.0, 1.0, 1.0, 1.0, 1.0, 1.0, 1.0, 1.0, 1.0, 1.0, 1.0, 0.0, 0.0, 1.0, 1.0, 1.0, 1.0, 0.0, 0.0, 0.0, 1.0, 0.0, 0.0, 0.0, 0.0, 0.0, 0.0, 0.0, 0.0, 0.0, 0.0, 0.0, 0.0, 0.0, 0.0, 0.0, 0.0, 0.0, 0.0, 0.0, 0.0, 0.0, 0.0, 0.0, 0.0, 0.0, 0.0, 0.0, 0.0, 0.0, 0.0, 0.0, 0.0, 0.0, 0.0, 1.0, 1.0, 1.0, 1.0, 0.0, 0.0, 0.0, 0.0, 0.0, 0.0, 0.0, 0.0, 0.0, 0.0, 0.0, 1.0, 0.0, 0.0, 0.0, 0.0, 0.0, 0.0, 0.0, 0.0, 0.0, 0.0, 0.0, 0.0, 0.0, 0.0, 0.0, 0.0, 0.0, 0.0, 0.0, 0.0, 0.0, 0.0, 0.0, 0.0, 0.0, 0.0, 0.0, 0.0, 1.0, 0.0, 0.0, 0.0, 0.0, 0.0, 0.0, 0.0, 0.0, 1.0, 1.0, 1.0, 1.0, 1.0, 1.0, 1.0, 1.0, 1.0, 1.0, 1.0, 1.0, 1.0, 1.0, 1.0, 1.0, 1.0, 1.0, 1.0, 1.0, 1.0, 0.0, 1.0, 1.0, 1.0, 1.0, 0.0, 1.0, 0.0, 0.0, 0.0, 0.2733333333333333, 0.6871428571427886, 0.06914648513962361, 0.32666666666666666, 0.6571428571428, 0.013064988930534482, 0.31333333333333335, 0.80571428571348, 0.008997342461869073, 0.26, 0.7199999999997257, 0.009364639283831076, 0.32, 0.8542857142848, 0.04932790975647819, 0.24666666666666667, 0.5899999999998857, 0.0162896289467644, 0.02666666666666667, 0.5014285714285714, 0.048592291295972895, 0.26666666666666666, 0.5228571428571429, 0.022909483243557033, 0.2866666666666667, 0.95999999999962, 0.011717469252673777, 0.26666666666666666, 0.8799999999994286, 0.006248231983901149, 0.31333333333333335, 0.47714285714262855, 0.0048264204020447, 0.32666666666666666, 0.1799999999994, 0.0022493356154620193, 0.22, 0.6014285714285357, 0.1339149910866318, 0.31333333333333335, 0.7971428571420571, 0.003115569118445077, 0.32666666666666666, 0.19428571428525, 0.0032371390868055376, 0.3, 0.9857142857140714, 0.005365081986526127, 0.31333333333333335, 0.6442857142856429, 0.010133253149417069, 0.21333333333333335, 0.49142857142857144, 0.03377213929035598, 0.25333333333333335, 0.7528571428558628, 0.0022746159773719687, 0.28, 0.80571428571384, 0.011746530436334314, 0.29333333333333333, 0.4742857142835429, 0.0014667384877461351, 0.14666666666666667, 0.9099999999997972, 0.03377032831439846, 0.2866666666666667, 0.39999999999934, 0.004882278855274617, 0.20666666666666667, 0.6014285714285571, 0.04751822264364523, 0.2866666666666667, 0.9399999999995485, 0.004461860398297855, 0.2733333333333333, 0.47428571428561145, 0.042499642035366055, 0.28, 0.26714285714232, 0.0025964553092095925, 0.3333333333333333, 0.28, 0.001285870193510074, 0.22666666666666666, 0.22999999999999715, 0.0165686355466282, 0.26666666666666666, 0.6185714285691428, 0.0016710137868781653, 0.31333333333333335, 0.14285714285633141, 0.0024380051589110016, 0.3333333333333333, 0.24857142857142858, 0.01826460519761248, 0.0, 0.0, 0.0, 0.0, 0.0, 0.0, 0.0, 0.0, 0.0, 0.0, 0.0, 0.0, 0.0, 0.0, 0.0, 0.0, 0.0, 0.0, 0.0, 0.0, 0.0, 0.0, 0.0, 0.0, 0.0, 0.0, 0.0, 0.0, 0.0, 0.0, 0.0, 0.0, 0.0, 0.0, 0.0, 0.0, 0.0, 0.0, 0.0, 0.0, 0.0, 0.0, 0.0, 0.0, 0.0, 0.0, 0.0, 0.0, 0.0, 0.0, 0.0, 0.0, 0.0, 0.0, 0.0, 0.0, 0.0, 0.0, 0.0, 0.0, 0.0, 0.0, 0.0, 0.0, 0.0, 0.0, 0.0, 0.0, 0.0, 0.0, 0.0, 0.0, 0.0, 0.0, 0.0, 0.0, 0.0, 0.0, 0.0, 0.0, 0.0, 0.0, 0.0, 0.0, 0.0, 0.0, 0.0, 0.0, 0.0, 0.0, 0.0, 0.0, 0.0, 0.0, 0.0, 0.0],[1, 0, 0, 0, 0, 0, 1, 0, 0, 0, 0, 0, 0, 0, 0, 0, 0, 0, 0, 0, 0, 0, 0, 0, 0, 0, 0, 0, 0, 0, 0, 0, 0, 0, 0, 0, 0, 0, 0, 0, 0, 0, 0, 0, 0, 0, 0, 0, 0, 0, 0, 0, 0, 0, 0, 0, 0, 0, 0, 0, 0, 0, 0, 0]
[0.0, 0.0, 0.0, 0.0, 0.0, 0.0, 0.0, 0.0, 0.0, 0.0, 0.0, 0.0, 0.0, 0.0, 0.0, 0.0, 0.0, 0.0, 0.0, 0.0, 0.0, 0.0, 0.0, 0.0, 0.0, 0.0, 0.0, 0.0, 0.0, 0.0, 0.0, 0.0, 0.0, 0.0, 0.0, 0.0, 0.0, 0.0, 0.0, 0.0, 0.0, 0.0, 0.0, 0.0, 0.0, 0.0, 0.0, 0.0, 0.0, 0.0, 0.0, 0.0, 0.0, 0.0, 0.0, 0.0, 0.0, 0.0, 0.0, 0.0, 0.0, 0.0, 0.0, 0.0, 0.0, 0.0, 0.0, 0.0, 0.0, 0.0, 0.0, 0.0, 0.0, 0.0, 0.0, 0.0, 0.0, 0.0, 0.0, 0.0, 0.0, 0.0, 0.0, 0.0, 0.0, 0.0, 0.0, 0.0, 0.0, 0.0, 0.0, 0.0, 0.0, 0.0, 0.0, 0.0, 0.0, 0.0, 0.0, 0.0, 0.0, 0.0, 0.0, 0.0, 0.0, 0.0, 0.0, 0.0, 0.0, 0.0, 0.0, 0.0, 0.0, 0.0, 0.0, 0.0, 0.0, 0.0, 0.0, 0.0, 0.0, 0.0, 0.0, 0.0, 0.0, 0.0, 0.0, 0.0, 0.0, 0.0, 0.0, 0.0, 0.0, 0.0, 1.0, 1.0, 1.0, 1.0, 1.0, 1.0, 0.0, 1.0, 1.0, 1.0, 1.0, 0.0, 1.0, 0.0, 0.0, 0.0, 0.32666666666666666, 0.6571428571428, 0.013064988930534482, 0.31333333333333335, 0.80571428571348, 0.008997342461869073, 0.26, 0.7199999999997257, 0.009364639283831076, 0.32, 0.8542857142848, 0.04932790975647819, 0.24666666666666667, 0.5899999999998857, 0.0162896289467644, 0.26666666666666666, 0.5228571428571429, 0.022909483243557033, 0.2866666666666667, 0.95999999999962, 0.011717469252673777, 0.26666666666666666, 0.8799999999994286, 0.006248231983901149, 0.31333333333333335, 0.47714285714262855, 0.0048264204020447, 0.32666666666666666, 0.1799999999994, 0.0022493356154620193, 0.22, 0.6014285714285357, 0.1339149910866318, 0.31333333333333335, 0.7971428571420571, 0.003115569118445077, 0.32666666666666666, 0.19428571428525, 0.0032371390868055376, 0.3, 0.9857142857140714, 0.005365081986526127, 0.31333333333333335, 0.6442857142856429, 0.010133253149417069, 0.21333333333333335, 0.49142857142857144, 0.03377213929035598, 0.25333333333333335, 0.7528571428558628, 0.0022746159773719687, 0.28, 0.80571428571384, 0.011746530436334314, 0.29333333333333333, 0.4742857142835429, 0.0014667384877461351, 0.14666666666666667, 0.9099999999997972, 0.03377032831439846, 0.2866666666666667, 0.39999999999934, 0.004882278855274617, 0.20666666666666667, 0.6014285714285571, 0.04751822264364523, 0.2866666666666667, 0.9399999999995485, 0.004461860398297855, 0.2733333333333333, 0.47428571428561145, 0.042499642035366055, 0.28, 0.26714285714232, 0.0025964553092095925, 0.3333333333333333, 0.28, 0.001285870193510074, 0.22666666666666666, 0.22999999999999715, 0.0165686355466282, 0.26666666666666666, 0.6185714285691428, 0.0016710137868781653, 0.31333333333333335, 0.14285714285633141, 0.0024380051589110016, 0.3333333333333333, 0.24857142857142858, 0.01826460519761248, 0.0, 0.0, 0.0, 0.0, 0.0, 0.0, 0.0, 0.0, 0.0, 0.0, 0.0, 0.0, 0.0, 0.0, 0.0, 0.0, 0.0, 0.0, 0.0, 0.0, 0.0, 0.0, 0.0, 0.0, 0.0, 0.0, 0.0, 0.0, 0.0, 0.0, 0.0, 0.0, 0.0, 0.0, 0.0, 0.0, 0.0, 0.0, 0.0, 0.0, 0.0, 0.0, 0.0, 0.0, 0.0, 0.0, 0.0, 0.0, 0.0, 0.0, 0.0, 0.0, 0.0, 0.0, 0.0, 0.0, 0.0, 0.0, 0.0, 0.0, 0.0, 0.0, 0.0, 0.0, 0.0, 0.0, 0.0, 0.0, 0.0, 0.0, 0.0, 0.0, 0.0, 0.0, 0.0, 0.0, 0.0, 0.0, 0.0, 0.0, 0.0, 0.0, 0.0, 0.0, 0.0, 0.0, 0.0, 0.0, 0.0, 0.0, 0.0, 0.0, 0.0, 0.0, 0.0, 0.0, 0.0, 0.0, 0.0, 0.0, 0.0, 0.0],[0, 0, 0, 0, 0, 0, 0, 0, 0, 0, 0, 0, 0, 0, 0, 0, 0, 0, 0, 0, 0, 0, 0, 0, 0, 0, 0, 0, 0, 0, 0, 0, 0, 0, 0, 0, 0, 0, 0, 0, 0, 0, 0, 0, 0, 0, 0, 0, 0, 0, 0, 0, 0, 0, 0, 0, 0, 0, 0, 0, 0, 0, 0, 0]
[0.0, 0.0, 0.0, 0.0, 0.0, 0.0, 0.0, 0.0, 0.0, 0.0, 0.0, 0.0, 0.0, 0.0, 0.0, 0.0, 0.0, 0.0, 0.0, 0.0, 0.0, 0.0, 1.0, 1.0, 0.0, 0.0, 0.0, 0.0, 1.0, 1.0, 0.0, 0.0, 1.0, 1.0, 1.0, 1.0, 0.0, 0.0, 0.0, 0.0, 0.0, 1.0, 1.0, 1.0, 1.0, 1.0, 1.0, 1.0, 1.0, 1.0, 1.0, 0.0, 0.0, 0.0, 0.0, 0.0, 0.0, 0.0, 0.0, 0.0, 1.0, 1.0, 1.0, 1.0, 0.0, 0.0, 0.0, 0.0, 0.0, 0.0, 0.0, 0.0, 0.0, 0.0, 0.0, 0.0, 0.0, 0.0, 0.0, 0.0, 0.0, 0.0, 0.0, 0.0, 0.0, 0.0, 0.0, 0.0, 0.0, 0.0, 0.0, 0.0, 0.0, 0.0, 0.0, 0.0, 0.0, 0.0, 0.0, 0.0, 0.0, 0.0, 0.0, 0.0, 0.0, 0.0, 0.0, 0.0, 0.0, 0.0, 0.0, 0.0, 0.0, 0.0, 0.0, 0.0, 0.0, 0.0, 0.0, 0.0, 0.0, 0.0, 0.0, 0.0, 0.0, 0.0, 0.0, 0.0, 0.0, 0.0, 0.0, 0.0, 0.0, 0.0, 1.0, 1.0, 1.0, 1.0, 1.0, 1.0, 0.0, 1.0, 1.0, 1.0, 1.0, 0.0, 1.0, 0.0, 0.0, 0.0, 0.32666666666666666, 0.6571428571428, 0.013064988930534482, 0.31333333333333335, 0.80571428571348, 0.008997342461869073, 0.26, 0.7199999999997257, 0.009364639283831076, 0.32, 0.8542857142848, 0.04932790975647819, 0.24666666666666667, 0.5899999999998857, 0.0162896289467644, 0.26666666666666666, 0.5228571428571429, 0.022909483243557033, 0.2866666666666667, 0.95999999999962, 0.011717469252673777, 0.26666666666666666, 0.8799999999994286, 0.006248231983901149, 0.31333333333333335, 0.47714285714262855, 0.0048264204020447, 0.32666666666666666, 0.1799999999994, 0.0022493356154620193, 0.22, 0.6014285714285357, 0.1339149910866318, 0.31333333333333335, 0.7971428571420571, 0.003115569118445077, 0.32666666666666666, 0.19428571428525, 0.0032371390868055376, 0.3, 0.9857142857140714, 0.005365081986526127, 0.31333333333333335, 0.6442857142856429, 0.010133253149417069, 0.21333333333333335, 0.49142857142857144, 0.03377213929035598, 0.25333333333333335, 0.7528571428558628, 0.0022746159773719687, 0.28, 0.80571428571384, 0.011746530436334314, 0.29333333333333333, 0.4742857142835429, 0.0014667384877461351, 0.14666666666666667, 0.9099999999997972, 0.03377032831439846, 0.2866666666666667, 0.39999999999934, 0.004882278855274617, 0.20666666666666667, 0.6014285714285571, 0.04751822264364523, 0.2866666666666667, 0.9399999999995485, 0.004461860398297855, 0.2733333333333333, 0.47428571428561145, 0.042499642035366055, 0.28, 0.26714285714232, 0.0025964553092095925, 0.3333333333333333, 0.28, 0.001285870193510074, 0.22666666666666666, 0.22999999999999715, 0.0165686355466282, 0.26666666666666666, 0.6185714285691428, 0.0016710137868781653, 0.31333333333333335, 0.14285714285633141, 0.0024380051589110016, 0.3333333333333333, 0.24857142857142858, 0.01826460519761248, 0.0, 0.0, 0.0, 0.0, 0.0, 0.0, 0.0, 0.0, 0.0, 0.0, 0.0, 0.0, 0.0, 0.0, 0.0, 0.0, 0.0, 0.0, 0.0, 0.0, 0.0, 0.0, 0.0, 0.0, 0.0, 0.0, 0.0, 0.0, 0.0, 0.0, 0.0, 0.0, 0.0, 0.0, 0.0, 0.0, 0.0, 0.0, 0.0, 0.0, 0.0, 0.0, 0.0, 0.0, 0.0, 0.0, 0.0, 0.0, 0.0, 0.0, 0.0, 0.0, 0.0, 0.0, 0.0, 0.0, 0.0, 0.0, 0.0, 0.0, 0.0, 0.0, 0.0, 0.0, 0.0, 0.0, 0.0, 0.0, 0.0, 0.0, 0.0, 0.0, 0.0, 0.0, 0.0, 0.0, 0.0, 0.0, 0.0, 0.0, 0.0, 0.0, 0.0, 0.0, 0.0, 0.0, 0.0, 0.0, 0.0, 0.0, 0.0, 0.0, 0.0, 0.0, 0.0, 0.0, 0.0, 0.0, 0.0, 0.0, 0.0, 0.0],[0, 0, 0, 0, 0, 0, 0, 0, 0, 0, 1, 0, 0, 0, 0, 0, 0, 0, 0, 0, 0, 0, 0, 0, 0, 0, 0, 0, 0, 0, 0, 0, 0, 0, 0, 0, 0, 0, 0, 0, 0, 0, 0, 0, 0, 0, 0, 0, 0, 0, 0, 0, 0, 0, 0, 0, 0, 0, 0, 0, 0, 0, 0, 0]
[0.0, 0.0, 0.0, 0.0, 0.0, 0.0, 0.0, 0.0, 0.0, 0.0, 0.0, 0.0, 0.0, 0.0, 0.0, 0.0, 0.0, 0.0, 0.0, 0.0, 0.0, 0.0, 0.0, 0.0, 0.0, 0.0, 0.0, 0.0, 0.0, 0.0, 0.0, 0.0, 0.0, 0.0, 0.0, 0.0, 0.0, 0.0, 0.0, 0.0, 0.0, 0.0, 0.0, 0.0, 0.0, 0.0, 0.0, 0.0, 0.0, 0.0, 0.0, 0.0, 0.0, 0.0, 0.0, 0.0, 0.0, 0.0, 0.0, 0.0, 0.0, 0.0, 0.0, 0.0, 0.0, 0.0, 0.0, 0.0, 0.0, 0.0, 0.0, 0.0, 0.0, 0.0, 0.0, 0.0, 0.0, 0.0, 0.0, 0.0, 0.0, 0.0, 0.0, 0.0, 0.0, 0.0, 0.0, 0.0, 0.0, 0.0, 0.0, 0.0, 0.0, 0.0, 0.0, 0.0, 0.0, 0.0, 0.0, 0.0, 0.0, 0.0, 0.0, 0.0, 0.0, 0.0, 0.0, 0.0, 0.0, 0.0, 0.0, 0.0, 0.0, 0.0, 0.0, 0.0, 0.0, 0.0, 0.0, 0.0, 0.0, 0.0, 0.0, 0.0, 0.0, 0.0, 0.0, 0.0, 0.0, 0.0, 0.0, 0.0, 0.0, 0.0, 0.0, 0.0, 0.0, 0.0, 0.0, 0.0, 0.0, 0.0, 0.0, 0.0, 0.0, 0.0, 0.0, 0.0, 0.0, 0.0, 0.32666666666666666, 0.6571428571428, 0.013064988930534482, 0.31333333333333335, 0.80571428571348, 0.008997342461869073, 0.26, 0.7199999999997257, 0.009364639283831076, 0.32, 0.8542857142848, 0.04932790975647819, 0.24666666666666667, 0.5899999999998857, 0.0162896289467644, 0.26666666666666666, 0.5228571428571429, 0.022909483243557033, 0.2866666666666667, 0.95999999999962, 0.011717469252673777, 0.26666666666666666, 0.8799999999994286, 0.006248231983901149, 0.31333333333333335, 0.47714285714262855, 0.0048264204020447, 0.32666666666666666, 0.1799999999994, 0.0022493356154620193, 0.31333333333333335, 0.7971428571420571, 0.003115569118445077, 0.32666666666666666, 0.19428571428525, 0.0032371390868055376, 0.3, 0.9857142857140714, 0.005365081986526127, 0.31333333333333335, 0.6442857142856429, 0.010133253149417069, 0.21333333333333335, 0.49142857142857144, 0.03377213929035598, 0.25333333333333335, 0.7528571428558628, 0.0022746159773719687, 0.28, 0.80571428571384, 0.011746530436334314, 0.29333333333333333, 0.4742857142835429, 0.0014667384877461351, 0.14666666666666667, 0.9099999999997972, 0.03377032831439846, 0.2866666666666667, 0.39999999999934, 0.004882278855274617, 0.20666666666666667, 0.6014285714285571, 0.04751822264364523, 0.2866666666666667, 0.9399999999995485, 0.004461860398297855, 0.2733333333333333, 0.47428571428561145, 0.042499642035366055, 0.28, 0.26714285714232, 0.0025964553092095925, 0.3333333333333333, 0.28, 0.001285870193510074, 0.22666666666666666, 0.22999999999999715, 0.0165686355466282, 0.26666666666666666, 0.6185714285691428, 0.0016710137868781653, 0.31333333333333335, 0.14285714285633141, 0.0024380051589110016, 0.3333333333333333, 0.24857142857142858, 0.01826460519761248, 0.0, 0.0, 0.0, 0.0, 0.0, 0.0, 0.0, 0.0, 0.0, 0.0, 0.0, 0.0, 0.0, 0.0, 0.0, 0.0, 0.0, 0.0, 0.0, 0.0, 0.0, 0.0, 0.0, 0.0, 0.0, 0.0, 0.0, 0.0, 0.0, 0.0, 0.0, 0.0, 0.0, 0.0, 0.0, 0.0, 0.0, 0.0, 0.0, 0.0, 0.0, 0.0, 0.0, 0.0, 0.0, 0.0, 0.0, 0.0, 0.0, 0.0, 0.0, 0.0, 0.0, 0.0, 0.0, 0.0, 0.0, 0.0, 0.0, 0.0, 0.0, 0.0, 0.0, 0.0, 0.0, 0.0, 0.0, 0.0, 0.0, 0.0, 0.0, 0.0, 0.0, 0.0, 0.0, 0.0, 0.0, 0.0, 0.0, 0.0, 0.0, 0.0, 0.0, 0.0, 0.0, 0.0, 0.0, 0.0, 0.0, 0.0, 0.0, 0.0, 0.0, 0.0, 0.0, 0.0, 0.0, 0.0, 0.0, 0.0, 0.0, 0.0, 0.0, 0.0, 0.0],[0, 0, 0, 0, 0, 0, 0, 0, 0, 0, 0, 0, 0, 0, 0, 0, 0, 0, 0, 0, 0, 0, 0, 0, 0, 0, 0, 0, 0, 0, 0, 0, 0, 0, 0, 0, 0, 0, 0, 0, 0, 0, 0, 0, 0, 0, 0, 0, 0, 0, 0, 0, 0, 0, 0, 0, 0, 0, 0, 0, 0, 0, 0, 0]
[0.0, 0.0, 0.0, 0.0, 0.0, 0.0, 0.0, 0.0, 0.0, 0.0, 0.0, 0.0, 0.0, 0.0, 0.0, 0.0, 0.0, 0.0, 0.0, 0.0, 0.0, 0.0, 0.0, 0.0, 0.0, 0.0, 0.0, 0.0, 0.0, 0.0, 1.0, 0.0, 0.0, 0.0, 0.0, 0.0, 0.0, 0.0, 0.0, 0.0, 0.0, 0.0, 0.0, 0.0, 0.0, 0.0, 0.0, 0.0, 0.0, 0.0, 0.0, 0.0, 0.0, 0.0, 0.0, 0.0, 0.0, 0.0, 0.0, 0.0, 0.0, 0.0, 0.0, 0.0, 1.0, 1.0, 0.0, 0.0, 0.0, 0.0, 1.0, 1.0, 1.0, 1.0, 1.0, 1.0, 1.0, 1.0, 1.0, 1.0, 1.0, 0.0, 0.0, 0.0, 0.0, 0.0, 0.0, 0.0, 0.0, 0.0, 1.0, 1.0, 1.0, 1.0, 1.0, 1.0, 1.0, 1.0, 1.0, 1.0, 1.0, 1.0, 1.0, 1.0, 1.0, 1.0, 1.0, 1.0, 1.0, 1.0, 0.0, 0.0, 0.0, 0.0, 0.0, 0.0, 0.0, 0.0, 0.0, 0.0, 0.0, 0.0, 0.0, 0.0, 0.0, 0.0, 0.0, 0.0, 0.0, 0.0, 0.0, 0.0, 0.0, 0.0, 0.0, 0.0, 0.0, 0.0, 0.0, 0.0, 0.0, 0.0, 0.0, 0.0, 0.0, 0.0, 0.0, 0.0, 0.0, 0.0, 0.29333333333333333, 0.32428571428565717, 0.05415445898455202, 0.32666666666666666, 0.6571428571428, 0.013064988930534482, 0.31333333333333335, 0.80571428571348, 0.008997342461869073, 0.26, 0.7199999999997257, 0.009364639283831076, 0.28, 0.3857142857112, 0.09933982473903996, 0.32, 0.8542857142848, 0.04932790975647819, 0.24666666666666667, 0.5899999999998857, 0.0162896289467644, 0.26666666666666666, 0.5228571428571429, 0.022909483243557033, 0.2866666666666667, 0.95999999999962, 0.011717469252673777, 0.26666666666666666, 0.8799999999994286, 0.006248231983901149, 0.31333333333333335, 0.47714285714262855, 0.0048264204020447, 0.32666666666666666, 0.1799999999994, 0.0022493356154620193, 0.31333333333333335, 0.7971428571420571, 0.003115569118445077, 0.32666666666666666, 0.19428571428525, 0.0032371390868055376, 0.3, 0.9857142857140714, 0.005365081986526127, 0.31333333333333335, 0.6442857142856429, 0.010133253149417069, 0.21333333333333335, 0.49142857142857144, 0.03377213929035598, 0.25333333333333335, 0.7528571428558628, 0.0022746159773719687, 0.28, 0.80571428571384, 0.011746530436334314, 0.29333333333333333, 0.4742857142835429, 0.0014667384877461351, 0.14666666666666667, 0.9099999999997972, 0.03377032831439846, 0.2866666666666667, 0.39999999999934, 0.004882278855274617, 0.20666666666666667, 0.6014285714285571, 0.04751822264364523, 0.29333333333333333, 0.75142857142848, 0.005228569277877371, 0.2866666666666667, 0.9399999999995485, 0.004461860398297855, 0.2733333333333333, 0.47428571428561145, 0.042499642035366055, 0.28, 0.26714285714232, 0.0025964553092095925, 0.3333333333333333, 0.28, 0.001285870193510074, 0.22666666666666666, 0.22999999999999715, 0.0165686355466282, 0.26666666666666666, 0.6185714285691428, 0.0016710137868781653, 0.31333333333333335, 0.14285714285633141, 0.0024380051589110016, 0.3333333333333333, 0.24857142857142858, 0.01826460519761248, 0.0, 0.0, 0.0, 0.0, 0.0, 0.0, 0.0, 0.0, 0.0, 0.0, 0.0, 0.0, 0.0, 0.0, 0.0, 0.0, 0.0, 0.0, 0.0, 0.0, 0.0, 0.0, 0.0, 0.0, 0.0, 0.0, 0.0, 0.0, 0.0, 0.0, 0.0, 0.0, 0.0, 0.0, 0.0, 0.0, 0.0, 0.0, 0.0, 0.0, 0.0, 0.0, 0.0, 0.0, 0.0, 0.0, 0.0, 0.0, 0.0, 0.0, 0.0, 0.0, 0.0, 0.0, 0.0, 0.0, 0.0, 0.0, 0.0, 0.0, 0.0, 0.0, 0.0, 0.0, 0.0, 0.0, 0.0, 0.0, 0.0, 0.0, 0.0, 0.0, 0.0, 0.0, 0.0, 0.0, 0.0, 0.0, 0.0, 0.0, 0.0, 0.0, 0.0, 0.0, 0.0, 0.0, 0.0, 0.0, 0.0, 0.0, 0.0, 0.0, 0.0, 0.0, 0.0, 0.0],[0, 0, 0, 0, 0, 0, 0, 0, 0, 0, 0, 0, 0, 0, 0, 0, 1, 0, 0, 0, 0, 0, 0, 0, 0, 0, 0, 0, 0, 0, 0, 0, 0, 0, 0, 0, 0, 0, 0, 0, 0, 0, 0, 0, 0, 0, 0, 0, 0, 0, 0, 0, 0, 0, 0, 0, 0, 0, 0, 0, 0, 0, 0, 0]
[0.0, 0.0, 0.0, 0.0, 0.0, 0.0, 0.0, 0.0, 0.0, 0.0, 0.0, 0.0, 0.0, 0.0, 0.0, 0.0, 0.0, 0.0, 0.0, 0.0, 0.0, 0.0, 0.0, 0.0, 0.0, 0.0, 0.0, 0.0, 0.0, 0.0, 0.0, 0.0, 0.0, 0.0, 0.0, 0.0, 0.0, 0.0, 0.0, 0.0, 0.0, 0.0, 0.0, 0.0, 0.0, 0.0, 0.0, 0.0, 0.0, 0.0, 0.0, 0.0, 0.0, 0.0, 0.0, 0.0, 0.0, 0.0, 0.0, 0.0, 0.0, 0.0, 0.0, 0.0, 0.0, 0.0, 0.0, 0.0, 0.0, 0.0, 0.0, 0.0, 0.0, 0.0, 0.0, 0.0, 0.0, 0.0, 0.0, 0.0, 0.0, 0.0, 0.0, 0.0, 0.0, 0.0, 0.0, 0.0, 0.0, 0.0, 0.0, 0.0, 0.0, 0.0, 0.0, 0.0, 0.0, 0.0, 0.0, 0.0, 0.0, 0.0, 0.0, 0.0, 0.0, 0.0, 0.0, 0.0, 1.0, 1.0, 0.0, 0.0, 0.0, 0.0, 0.0, 0.0, 0.0, 0.0, 0.0, 0.0, 0.0, 0.0, 0.0, 0.0, 0.0, 0.0, 0.0, 0.0, 0.0, 0.0, 0.0, 0.0, 0.0, 0.0, 0.0, 0.0, 0.0, 0.0, 0.0, 0.0, 0.0, 0.0, 0.0, 0.0, 0.0, 0.0, 0.0, 0.0, 0.0, 0.0, 0.29333333333333333, 0.32428571428565717, 0.05415445898455202, 0.32666666666666666, 0.6571428571428, 0.013064988930534482, 0.31333333333333335, 0.80571428571348, 0.008997342461869073, 0.26, 0.7199999999997257, 0.009364639283831076, 0.28, 0.3857142857112, 0.09933982473903996, 0.32, 0.8542857142848, 0.04932790975647819, 0.24666666666666667, 0.5899999999998857, 0.0162896289467644, 0.26666666666666666, 0.5228571428571429, 0.022909483243557033, 0.2866666666666667, 0.95999999999962, 0.011717469252673777, 0.26666666666666666, 0.8799999999994286, 0.006248231983901149, 0.31333333333333335, 0.47714285714262855, 0.0048264204020447, 0.32666666666666666, 0.1799999999994, 0.0022493356154620193, 0.31333333333333335, 0.7971428571420571, 0.003115569118445077, 0.32666666666666666, 0.19428571428525, 0.0032371390868055376, 0.3, 0.9857142857140714, 0.005365081986526127, 0.31333333333333335, 0.6442857142856429, 0.010133253149417069, 0.25333333333333335, 0.7528571428558628, 0.0022746159773719687, 0.28, 0.80571428571384, 0.011746530436334314, 0.29333333333333333, 0.4742857142835429, 0.0014667384877461351, 0.14666666666666667, 0.9099999999997972, 0.03377032831439846, 0.2866666666666667, 0.39999999999934, 0.004882278855274617, 0.20666666666666667, 0.6014285714285571, 0.04751822264364523, 0.29333333333333333, 0.75142857142848, 0.005228569277877371, 0.2866666666666667, 0.9399999999995485, 0.004461860398297855, 0.2733333333333333, 0.47428571428561145, 0.042499642035366055, 0.28, 0.26714285714232, 0.0025964553092095925, 0.3333333333333333, 0.28, 0.001285870193510074, 0.22666666666666666, 0.22999999999999715, 0.0165686355466282, 0.26666666666666666, 0.6185714285691428, 0.0016710137868781653, 0.31333333333333335, 0.14285714285633141, 0.0024380051589110016, 0.3333333333333333, 0.24857142857142858, 0.01826460519761248, 0.0, 0.0, 0.0, 0.0, 0.0, 0.0, 0.0, 0.0, 0.0, 0.0, 0.0, 0.0, 0.0, 0.0, 0.0, 0.0, 0.0, 0.0, 0.0, 0.0, 0.0, 0.0, 0.0, 0.0, 0.0, 0.0, 0.0, 0.0, 0.0, 0.0, 0.0, 0.0, 0.0, 0.0, 0.0, 0.0, 0.0, 0.0, 0.0, 0.0, 0.0, 0.0, 0.0, 0.0, 0.0, 0.0, 0.0, 0.0, 0.0, 0.0, 0.0, 0.0, 0.0, 0.0, 0.0, 0.0, 0.0, 0.0, 0.0, 0.0, 0.0, 0.0, 0.0, 0.0, 0.0, 0.0, 0.0, 0.0, 0.0, 0.0, 0.0, 0.0, 0.0, 0.0, 0.0, 0.0, 0.0, 0.0, 0.0, 0.0, 0.0, 0.0, 0.0, 0.0, 0.0, 0.0, 0.0, 0.0, 0.0, 0.0, 0.0, 0.0, 0.0, 0.0, 0.0, 0.0, 0.0, 0.0, 0.0],[0, 0, 0, 0, 0, 0, 0, 0, 0, 0, 0, 0, 0, 0, 0, 0, 0, 0, 0, 0, 0, 0, 0, 0, 0, 0, 0, 0, 0, 0, 0, 0, 0, 0, 0, 0, 0, 0, 0, 0, 0, 0, 0, 0, 0, 0, 0, 0, 0, 0, 0, 0, 0, 0, 0, 0, 0, 0, 0, 0, 0, 0, 0, 0]
[0.0, 0.0, 0.0, 0.0, 0.0, 0.0, 0.0, 0.0, 0.0, 0.0, 0.0, 0.0, 0.0, 0.0, 0.0, 0.0, 0.0, 0.0, 0.0, 0.0, 0.0, 0.0, 0.0, 0.0, 0.0, 0.0, 0.0, 0.0, 0.0, 0.0, 0.0, 0.0, 0.0, 0.0, 0.0, 0.0, 0.0, 0.0, 0.0, 0.0, 0.0, 0.0, 0.0, 0.0, 0.0, 0.0, 0.0, 0.0, 0.0, 0.0, 0.0, 1.0, 1.0, 1.0, 1.0, 1.0, 1.0, 1.0, 1.0, 1.0, 0.0, 0.0, 0.0, 0.0, 0.0, 0.0, 0.0, 0.0, 0.0, 0.0, 0.0, 0.0, 0.0, 0.0, 0.0, 0.0, 0.0, 0.0, 0.0, 0.0, 0.0, 0.0, 1.0, 1.0, 1.0, 1.0, 1.0, 0.0, 0.0, 0.0, 0.0, 0.0, 0.0, 0.0, 0.0, 0.0, 0.0, 0.0, 0.0, 0.0, 0.0, 0.0, 0.0, 0.0, 0.0, 0.0, 0.0, 0.0, 1.0, 1.0, 0.0, 0.0, 0.0, 0.0, 0.0, 0.0, 0.0, 0.0, 0.0, 0.0, 0.0, 0.0, 0.0, 0.0, 0.0, 0.0, 0.0, 0.0, 0.0, 0.0, 0.0, 0.0, 0.0, 0.0, 0.0, 0.0, 0.0, 0.0, 0.0, 0.0, 0.0, 0.0, 0.0, 0.0, 0.0, 0.0, 0.0, 0.0, 0.0, 0.0, 0.29333333333333333, 0.32428571428565717, 0.05415445898455202, 0.32666666666666666, 0.6571428571428, 0.013064988930534482, 0.31333333333333335, 0.80571428571348, 0.008997342461869073, 0.24666666666666667, 0.3914285714272286, 0.016108485292325253, 0.26, 0.7199999999997257, 0.009364639283831076, 0.28, 0.3857142857112, 0.09933982473903996, 0.18666666666666668, 0.7871428571428, 0.02065639873539357, 0.32, 0.8542857142848, 0.04932790975647819, 0.24666666666666667, 0.5899999999998857, 0.0162896289467644, 0.26666666666666666, 0.5228571428571429, 0.022909483243557033, 0.2866666666666667, 0.95999999999962, 0.011717469252673777, 0.26666666666666666, 0.8799999999994286, 0.006248231983901149, 0.31333333333333335, 0.47714285714262855, 0.0048264204020447, 0.32666666666666666, 0.1799999999994, 0.0022493356154620193, 0.31333333333333335, 0.7971428571420571, 0.003115569118445077, 0.32666666666666666, 0.19428571428525, 0.0032371390868055376, 0.3, 0.9857142857140714, 0.005365081986526127, 0.31333333333333335, 0.6442857142856429, 0.010133253149417069, 0.25333333333333335, 0.7528571428558628, 0.0022746159773719687, 0.28, 0.80571428571384, 0.011746530436334314, 0.29333333333333333, 0.4742857142835429, 0.0014667384877461351, 0.14666666666666667, 0.9099999999997972, 0.03377032831439846, 0.2866666666666667, 0.39999999999934, 0.004882278855274617, 0.20666666666666667, 0.6014285714285571, 0.04751822264364523, 0.29333333333333333, 0.75142857142848, 0.005228569277877371, 0.2866666666666667, 0.9399999999995485, 0.004461860398297855, 0.2733333333333333, 0.47428571428561145, 0.042499642035366055, 0.28, 0.26714285714232, 0.0025964553092095925, 0.3333333333333333, 0.28, 0.001285870193510074, 0.22666666666666666, 0.22999999999999715, 0.0165686355466282, 0.26666666666666666, 0.6185714285691428, 0.0016710137868781653, 0.31333333333333335, 0.14285714285633141, 0.0024380051589110016, 0.3333333333333333, 0.24857142857142858, 0.01826460519761248, 0.0, 0.0, 0.0, 0.0, 0.0, 0.0, 0.0, 0.0, 0.0, 0.0, 0.0, 0.0, 0.0, 0.0, 0.0, 0.0, 0.0, 0.0, 0.0, 0.0, 0.0, 0.0, 0.0, 0.0, 0.0, 0.0, 0.0, 0.0, 0.0, 0.0, 0.0, 0.0, 0.0, 0.0, 0.0, 0.0, 0.0, 0.0, 0.0, 0.0, 0.0, 0.0, 0.0, 0.0, 0.0, 0.0, 0.0, 0.0, 0.0, 0.0, 0.0, 0.0, 0.0, 0.0, 0.0, 0.0, 0.0, 0.0, 0.0, 0.0, 0.0, 0.0, 0.0, 0.0, 0.0, 0.0, 0.0, 0.0, 0.0, 0.0, 0.0, 0.0, 0.0, 0.0, 0.0, 0.0, 0.0, 0.0, 0.0, 0.0, 0.0, 0.0, 0.0, 0.0, 0.0, 0.0, 0.0, 0.0, 0.0, 0.0, 0.0, 0.0, 0.0],[0, 0, 0, 0, 0, 0, 0, 0, 0, 0, 0, 0, 0, 0, 0, 0, 0, 0, 0, 0, 0, 0, 0, 0, 0, 0, 0, 0, 0, 0, 0, 0, 0, 0, 0, 0, 0, 0, 0, 0, 0, 0, 0, 0, 0, 0, 0, 0, 0, 0, 0, 0, 0, 0, 0, 0, 0, 0, 0, 0, 0, 0, 0, 0]
[0.0, 0.0, 0.0, 0.0, 0.0, 0.0, 0.0, 0.0, 0.0, 0.0, 0.0, 0.0, 0.0, 0.0, 0.0, 0.0, 0.0, 0.0, 0.0, 0.0, 0.0, 0.0, 0.0, 0.0, 0.0, 0.0, 0.0, 0.0, 0.0, 0.0, 1.0, 0.0, 0.0, 0.0, 0.0, 0.0, 0.0, 0.0, 0.0, 0.0, 0.0, 0.0, 0.0, 0.0, 0.0, 0.0, 0.0, 0.0, 0.0, 0.0, 0.0, 1.0, 1.0, 1.0, 1.0, 1.0, 1.0, 1.0, 1.0, 1.0, 0.0, 0.0, 0.0, 0.0, 1.0, 1.0, 0.0, 0.0, 0.0, 0.0, 1.0, 1.0, 1.0, 1.0, 1.0, 1.0, 1.0, 1.0, 1.0, 1.0, 1.0, 0.0, 1.0, 1.0, 1.0, 1.0, 1.0, 0.0, 0.0, 0.0, 1.0, 1.0, 1.0, 1.0, 1.0, 1.0, 1.0, 1.0, 1.0, 1.0, 1.0, 1.0, 1.0, 1.0, 1.0, 1.0, 1.0, 1.0, 1.0, 1.0, 0.0, 0.0, 0.0, 0.0, 0.0, 0.0, 0.0, 0.0, 0.0, 0.0, 0.0, 0.0, 0.0, 0.0, 0.0, 0.0, 0.0, 0.0, 0.0, 0.0, 0.0, 0.0, 0.0, 0.0, 0.0, 0.0, 0.0, 0.0, 0.0, 0.0, 0.0, 0.0, 0.0, 0.0, 0.0, 1.0, 0.0, 1.0, 0.0, 0.0, 0.29333333333333333, 0.32428571428565717, 0.05415445898455202, 0.32666666666666666, 0.6571428571428, 0.013064988930534482, 0.31333333333333335, 0.80571428571348, 0.008997342461869073, 0.24666666666666667, 0.3914285714272286, 0.016108485292325253, 0.26, 0.7199999999997257, 0.009364639283831076, 0.28, 0.3857142857112, 0.09933982473903996, 0.18666666666666668, 0.7871428571428, 0.02065639873539357, 0.32, 0.8542857142848, 0.04932790975647819, 0.24666666666666667, 0.5899999999998857, 0.0162896289467644, 0.26666666666666666, 0.5228571428571429, 0.022909483243557033, 0.2866666666666667, 0.95999999999962, 0.011717469252673777, 0.26666666666666666, 0.8799999999994286, 0.006248231983901149, 0.31333333333333335, 0.47714285714262855, 0.0048264204020447, 0.32666666666666666, 0.1799999999994, 0.0022493356154620193, 0.31333333333333335, 0.7971428571420571, 0.003115569118445077, 0.32666666666666666, 0.19428571428525, 0.0032371390868055376, 0.3, 0.9857142857140714, 0.005365081986526127, 0.31333333333333335, 0.6442857142856429, 0.010133253149417069, 0.25333333333333335, 0.7528571428558628, 0.0022746159773719687, 0.28, 0.80571428571384, 0.011746530436334314, 0.29333333333333333, 0.4742857142835429, 0.0014667384877461351, 0.14666666666666667, 0.9099999999997972, 0.03377032831439846, 0.2866666666666667, 0.39999999999934, 0.004882278855274617, 0.20666666666666667, 0.6014285714285571, 0.04751822264364523, 0.29333333333333333, 0.75142857142848, 0.005228569277877371, 0.2866666666666667, 0.9399999999995485, 0.004461860398297855, 0.2733333333333333, 0.47428571428561145, 0.042499642035366055, 0.28, 0.26714285714232, 0.0025964553092095925, 0.3333333333333333, 0.28, 0.001285870193510074, 0.22666666666666666, 0.22999999999999715, 0.0165686355466282, 0.26666666666666666, 0.6185714285691428, 0.0016710137868781653, 0.31333333333333335, 0.14285714285633141, 0.0024380051589110016, 0.3333333333333333, 0.24857142857142858, 0.01826460519761248, 0.0, 0.0, 0.0, 0.0, 0.0, 0.0, 0.0, 0.0, 0.0, 0.0, 0.0, 0.0, 0.0, 0.0, 0.0, 0.0, 0.0, 0.0, 0.0, 0.0, 0.0, 0.0, 0.0, 0.0, 0.0, 0.0, 0.0, 0.0, 0.0, 0.0, 0.0, 0.0, 0.0, 0.0, 0.0, 0.0, 0.0, 0.0, 0.0, 0.0, 0.0, 0.0, 0.0, 0.0, 0.0, 0.0, 0.0, 0.0, 0.0, 0.0, 0.0, 0.0, 0.0, 0.0, 0.0, 0.0, 0.0, 0.0, 0.0, 0.0, 0.0, 0.0, 0.0, 0.0, 0.0, 0.0, 0.0, 0.0, 0.0, 0.0, 0.0, 0.0, 0.0, 0.0, 0.0, 0.0, 0.0, 0.0, 0.0, 0.0, 0.0, 0.0, 0.0, 0.0, 0.0, 0.0, 0.0, 0.0, 0.0, 0.0, 0.0, 0.0, 0.0],[1, 0, 0, 0, 0, 0, 0, 0, 0, 0, 0, 0, 0, 0, 0, 0, 0, 0, 0, 0, 0, 0, 0, 0, 0, 0, 0, 0, 0, 0, 0, 0, 0, 0, 0, 0, 0, 0, 0, 0, 0, 0, 0, 0, 0, 0, 0, 0, 0, 0, 0, 0, 0, 0, 0, 0, 0, 0, 0, 0, 0, 0, 0, 0]
[0.0, 0.0, 0.0, 0.0, 0.0, 0.0, 0.0, 0.0, 0.0, 0.0, 0.0, 0.0, 0.0, 0.0, 0.0, 0.0, 0.0, 0.0, 0.0, 0.0, 0.0, 0.0, 0.0, 0.0, 0.0, 0.0, 0.0, 0.0, 0.0, 0.0, 0.0, 0.0, 0.0, 0.0, 0.0, 0.0, 0.0, 0.0, 0.0, 0.0, 0.0, 0.0, 0.0, 0.0, 0.0, 0.0, 0.0, 0.0, 0.0, 0.0, 0.0, 0.0, 0.0, 0.0, 0.0, 0.0, 0.0, 0.0, 0.0, 0.0, 0.0, 0.0, 0.0, 0.0, 0.0, 0.0, 0.0, 0.0, 0.0, 0.0, 0.0, 0.0, 0.0, 0.0, 0.0, 0.0, 0.0, 0.0, 0.0, 0.0, 0.0, 0.0, 0.0, 0.0, 0.0, 0.0, 0.0, 0.0, 0.0, 0.0, 0.0, 0.0, 0.0, 0.0, 0.0, 0.0, 0.0, 0.0, 0.0, 0.0, 0.0, 0.0, 0.0, 0.0, 0.0, 0.0, 1.0, 1.0, 1.0, 1.0, 0.0, 0.0, 0.0, 0.0, 0.0, 0.0, 0.0, 0.0, 0.0, 0.0, 0.0, 0.0, 0.0, 0.0, 0.0, 0.0, 0.0, 0.0, 0.0, 0.0, 0.0, 0.0, 0.0, 0.0, 0.0, 0.0, 0.0, 0.0, 0.0, 0.0, 0.0, 0.0, 0.0, 0.0, 0.0, 1.0, 0.0, 1.0, 0.0, 0.0, 0.32666666666666666, 0.6571428571428, 0.013064988930534482, 0.31333333333333335, 0.80571428571348, 0.008997342461869073, 0.24666666666666667, 0.3914285714272286, 0.016108485292325253, 0.26, 0.7199999999997257, 0.009364639283831076, 0.28, 0.3857142857112, 0.09933982473903996, 0.18666666666666668, 0.7871428571428, 0.02065639873539357, 0.32, 0.8542857142848, 0.04932790975647819, 0.24666666666666667, 0.5899999999998857, 0.0162896289467644, 0.26666666666666666, 0.5228571428571429, 0.022909483243557033, 0.2866666666666667, 0.95999999999962, 0.011717469252673777, 0.26666666666666666, 0.8799999999994286, 0.006248231983901149, 0.31333333333333335, 0.47714285714262855, 0.0048264204020447, 0.32666666666666666, 0.1799999999994, 0.0022493356154620193, 0.31333333333333335, 0.7971428571420571, 0.003115569118445077, 0.32666666666666666, 0.19428571428525, 0.0032371390868055376, 0.3, 0.9857142857140714, 0.005365081986526127, 0.31333333333333335, 0.6442857142856429, 0.010133253149417069, 0.25333333333333335, 0.7528571428558628, 0.0022746159773719687, 0.28, 0.80571428571384, 0.011746530436334314, 0.29333333333333333, 0.4742857142835429, 0.0014667384877461351, 0.14666666666666667, 0.9099999999997972, 0.03377032831439846, 0.2866666666666667, 0.39999999999934, 0.004882278855274617, 0.20666666666666667, 0.6014285714285571, 0.04751822264364523, 0.29333333333333333, 0.75142857142848, 0.005228569277877371, 0.2866666666666667, 0.9399999999995485, 0.004461860398297855, 0.2733333333333333, 0.47428571428561145, 0.042499642035366055, 0.28, 0.26714285714232, 0.0025964553092095925, 0.3333333333333333, 0.28, 0.001285870193510074, 0.22666666666666666, 0.22999999999999715, 0.0165686355466282, 0.26666666666666666, 0.6185714285691428, 0.0016710137868781653, 0.31333333333333335, 0.14285714285633141, 0.0024380051589110016, 0.3333333333333333, 0.24857142857142858, 0.01826460519761248, 0.0, 0.0, 0.0, 0.0, 0.0, 0.0, 0.0, 0.0, 0.0, 0.0, 0.0, 0.0, 0.0, 0.0, 0.0, 0.0, 0.0, 0.0, 0.0, 0.0, 0.0, 0.0, 0.0, 0.0, 0.0, 0.0, 0.0, 0.0, 0.0, 0.0, 0.0, 0.0, 0.0, 0.0, 0.0, 0.0, 0.0, 0.0, 0.0, 0.0, 0.0, 0.0, 0.0, 0.0, 0.0, 0.0, 0.0, 0.0, 0.0, 0.0, 0.0, 0.0, 0.0, 0.0, 0.0, 0.0, 0.0, 0.0, 0.0, 0.0, 0.0, 0.0, 0.0, 0.0, 0.0, 0.0, 0.0, 0.0, 0.0, 0.0, 0.0, 0.0, 0.0, 0.0, 0.0, 0.0, 0.0, 0.0, 0.0, 0.0, 0.0, 0.0, 0.0, 0.0, 0.0, 0.0, 0.0, 0.0, 0.0, 0.0, 0.0, 0.0, 0.0, 0.0, 0.0, 0.0],[0, 0, 0, 0, 0, 0, 0, 0, 0, 0, 0, 0, 0, 0, 0, 0, 0, 0, 0, 0, 0, 0, 0, 0, 0, 0, 0, 0, 0, 0, 0, 0, 0, 0, 0, 0, 0, 0, 0, 0, 0, 0, 0, 0, 0, 0, 0, 0, 0, 0, 0, 0, 0, 0, 0, 0, 0, 0, 0, 0, 0, 0, 0, 0]
[0.0, 0.0, 0.0, 0.0, 0.0, 0.0, 0.0, 0.0, 0.0, 0.0, 0.0, 0.0, 0.0, 0.0, 0.0, 0.0, 0.0, 0.0, 0.0, 0.0, 0.0, 0.0, 0.0, 0.0, 0.0, 0.0, 0.0, 0.0, 0.0, 0.0, 0.0, 0.0, 0.0, 0.0, 0.0, 0.0, 0.0, 0.0, 0.0, 0.0, 0.0, 0.0, 0.0, 0.0, 0.0, 0.0, 0.0, 0.0, 0.0, 0.0, 0.0, 0.0, 0.0, 0.0, 0.0, 0.0, 0.0, 0.0, 0.0, 0.0, 0.0, 0.0, 0.0, 0.0, 0.0, 0.0, 0.0, 0.0, 0.0, 0.0, 0.0, 0.0, 0.0, 0.0, 0.0, 0.0, 0.0, 0.0, 0.0, 0.0, 0.0, 0.0, 0.0, 0.0, 0.0, 0.0, 0.0, 1.0, 1.0, 1.0, 0.0, 0.0, 0.0, 0.0, 0.0, 0.0, 0.0, 0.0, 0.0, 0.0, 0.0, 0.0, 0.0, 0.0, 0.0, 0.0, 1.0, 1.0, 1.0, 1.0, 0.0, 0.0, 0.0, 0.0, 0.0, 1.0, 1.0, 1.0, 1.0, 0.0, 0.0, 0.0, 0.0, 0.0, 0.0, 0.0, 0.0, 0.0, 0.0, 0.0, 0.0, 0.0, 0.0, 0.0, 0.0, 0.0, 0.0, 0.0, 0.0, 0.0, 0.0, 0.0, 0.0, 0.0, 0.0, 1.0, 0.0, 1.0, 0.0, 0.0, 0.32666666666666666, 0.6571428571428, 0.013064988930534482, 0.31333333333333335, 0.80571428571348, 0.008997342461869073, 0.24666666666666667, 0.3914285714272286, 0.016108485292325253, 0.26, 0.7199999999997257, 0.009364639283831076, 0.28, 0.3857142857112, 0.09933982473903996, 0.18666666666666668, 0.7871428571428, 0.02065639873539357, 0.32, 0.8542857142848, 0.04932790975647819, 0.24666666666666667, 0.5899999999998857, 0.0162896289467644, 0.26666666666666666, 0.5228571428571429, 0.022909483243557033, 0.2866666666666667, 0.95999999999962, 0.011717469252673777, 0.26666666666666666, 0.8799999999994286, 0.006248231983901149, 0.31333333333333335, 0.47714285714262855, 0.0048264204020447, 0.32666666666666666, 0.1799999999994, 0.0022493356154620193, 0.31333333333333335, 0.7971428571420571, 0.003115569118445077, 0.32666666666666666, 0.19428571428525, 0.0032371390868055376, 0.3, 0.9857142857140714, 0.005365081986526127, 0.31333333333333335, 0.6442857142856429, 0.010133253149417069, 0.25333333333333335, 0.7528571428558628, 0.0022746159773719687, 0.28, 0.80571428571384, 0.011746530436334314, 0.29333333333333333, 0.4742857142835429, 0.0014667384877461351, 0.14666666666666667, 0.9099999999997972, 0.03377032831439846, 0.2866666666666667, 0.39999999999934, 0.004882278855274617, 0.20666666666666667, 0.6014285714285571, 0.04751822264364523, 0.29333333333333333, 0.75142857142848, 0.005228569277877371, 0.2866666666666667, 0.9399999999995485, 0.004461860398297855, 0.2733333333333333, 0.47428571428561145, 0.042499642035366055, 0.28, 0.26714285714232, 0.0025964553092095925, 0.3333333333333333, 0.28, 0.001285870193510074, 0.22666666666666666, 0.22999999999999715, 0.0165686355466282, 0.26666666666666666, 0.6185714285691428, 0.0016710137868781653, 0.31333333333333335, 0.14285714285633141, 0.0024380051589110016, 0.3333333333333333, 0.24857142857142858, 0.01826460519761248, 0.0, 0.0, 0.0, 0.0, 0.0, 0.0, 0.0, 0.0, 0.0, 0.0, 0.0, 0.0, 0.0, 0.0, 0.0, 0.0, 0.0, 0.0, 0.0, 0.0, 0.0, 0.0, 0.0, 0.0, 0.0, 0.0, 0.0, 0.0, 0.0, 0.0, 0.0, 0.0, 0.0, 0.0, 0.0, 0.0, 0.0, 0.0, 0.0, 0.0, 0.0, 0.0, 0.0, 0.0, 0.0, 0.0, 0.0, 0.0, 0.0, 0.0, 0.0, 0.0, 0.0, 0.0, 0.0, 0.0, 0.0, 0.0, 0.0, 0.0, 0.0, 0.0, 0.0, 0.0, 0.0, 0.0, 0.0, 0.0, 0.0, 0.0, 0.0, 0.0, 0.0, 0.0, 0.0, 0.0, 0.0, 0.0, 0.0, 0.0, 0.0, 0.0, 0.0, 0.0, 0.0, 0.0, 0.0, 0.0, 0.0, 0.0, 0.0, 0.0, 0.0, 0.0, 0.0, 0.0],[0, 0, 0, 0, 0, 0, 0, 0, 0, 0, 0, 0, 0, 0, 0, 0, 0, 0, 0, 0, 0, 0, 0, 0, 0, 0, 0, 0, 0, 0, 0, 0, 0, 0, 0, 0, 0, 0, 0, 0, 0, 0, 0, 0, 0, 0, 0, 0, 0, 0, 0, 0, 0, 0, 0, 0, 0, 0, 0, 0, 0, 0, 0, 0]
[0.0, 0.0, 0.0, 1.0, 1.0, 1.0, 1.0, 1.0, 1.0, 1.0, 1.0, 1.0, 1.0, 1.0, 1.0, 1.0, 1.0, 1.0, 1.0, 1.0, 1.0, 1.0, 0.0, 0.0, 1.0, 1.0, 1.0, 1.0, 0.0, 0.0, 0.0, 1.0, 0.0, 0.0, 0.0, 0.0, 0.0, 0.0, 0.0, 0.0, 0.0, 0.0, 0.0, 0.0, 0.0, 0.0, 0.0, 0.0, 0.0, 0.0, 0.0, 0.0, 0.0, 0.0, 0.0, 0.0, 0.0, 0.0, 0.0, 0.0, 0.0, 0.0, 0.0, 0.0, 0.0, 0.0, 1.0, 1.0, 1.0, 1.0, 0.0, 0.0, 0.0, 0.0, 0.0, 0.0, 0.0, 0.0, 0.0, 0.0, 0.0, 1.0, 0.0, 0.0, 0.0, 0.0, 0.0, 1.0, 1.0, 1.0, 0.0, 0.0, 0.0, 0.0, 0.0, 0.0, 0.0, 0.0, 0.0, 0.0, 0.0, 0.0, 0.0, 0.0, 0.0, 0.0, 1.0, 1.0, 1.0, 1.0, 1.0, 0.0, 0.0, 0.0, 0.0, 1.0, 1.0, 1.0, 1.0, 1.0, 1.0, 1.0, 1.0, 1.0, 1.0, 1.0, 1.0, 1.0, 1.0, 1.0, 0.0, 0.0, 0.0, 0.0, 0.0, 0.0, 0.0, 0.0, 0.0, 0.0, 0.0, 0.0, 0.0, 0.0, 0.0, 1.0, 0.0, 1.0, 0.0, 0.0, 0.32666666666666666, 0.6571428571428, 0.013064988930534482, 0.31333333333333335, 0.80571428571348, 0.008997342461869073, 0.24666666666666667, 0.3914285714272286, 0.016108485292325253, 0.26, 0.7199999999997257, 0.009364639283831076, 0.28, 0.3857142857112, 0.09933982473903996, 0.18666666666666668, 0.7871428571428, 0.02065639873539357, 0.32, 0.8542857142848, 0.04932790975647819, 0.24666666666666667, 0.5899999999998857, 0.0162896289467644, 0.26666666666666666, 0.5228571428571429, 0.022909483243557033, 0.2866666666666667, 0.95999999999962, 0.011717469252673777, 0.06, 0.8671428571424914, 0.02495373340395568, 0.26666666666666666, 0.8799999999994286, 0.006248231983901149, 0.31333333333333335, 0.47714285714262855, 0.0048264204020447, 0.32666666666666666, 0.1799999999994, 0.0022493356154620193, 0.31333333333333335, 0.7971428571420571, 0.003115569118445077, 0.32666666666666666, 0.19428571428525, 0.0032371390868055376, 0.3, 0.9857142857140714, 0.005365081986526127, 0.31333333333333335, 0.6442857142856429, 0.010133253149417069, 0.25333333333333335, 0.7528571428558628, 0.0022746159773719687, 0.28, 0.80571428571384, 0.011746530436334314, 0.29333333333333333, 0.4742857142835429, 0.0014667384877461351, 0.14666666666666667, 0.9099999999997972, 0.03377032831439846, 0.2866666666666667, 0.39999999999934, 0.004882278855274617, 0.20666666666666667, 0.6014285714285571, 0.04751822264364523, 0.29333333333333333, 0.75142857142848, 0.005228569277877371, 0.2866666666666667, 0.9399999999995485, 0.004461860398297855, 0.2733333333333333, 0.47428571428561145, 0.042499642035366055, 0.28, 0.26714285714232, 0.0025964553092095925, 0.3333333333333333, 0.28, 0.001285870193510074, 0.22666666666666666, 0.22999999999999715, 0.0165686355466282, 0.26666666666666666, 0.6185714285691428, 0.0016710137868781653, 0.31333333333333335, 0.14285714285633141, 0.0024380051589110016, 0.3333333333333333, 0.24857142857142858, 0.01826460519761248, 0.0, 0.0, 0.0, 0.0, 0.0, 0.0, 0.0, 0.0, 0.0, 0.0, 0.0, 0.0, 0.0, 0.0, 0.0, 0.0, 0.0, 0.0, 0.0, 0.0, 0.0, 0.0, 0.0, 0.0, 0.0, 0.0, 0.0, 0.0, 0.0, 0.0, 0.0, 0.0, 0.0, 0.0, 0.0, 0.0, 0.0, 0.0, 0.0, 0.0, 0.0, 0.0, 0.0, 0.0, 0.0, 0.0, 0.0, 0.0, 0.0, 0.0, 0.0, 0.0, 0.0, 0.0, 0.0, 0.0, 0.0, 0.0, 0.0, 0.0, 0.0, 0.0, 0.0, 0.0, 0.0, 0.0, 0.0, 0.0, 0.0, 0.0, 0.0, 0.0, 0.0, 0.0, 0.0, 0.0, 0.0, 0.0, 0.0, 0.0, 0.0, 0.0, 0.0, 0.0, 0.0, 0.0, 0.0, 0.0, 0.0, 0.0, 0.0, 0.0, 0.0],[1, 0, 0, 0, 0, 0, 0, 0, 0, 0, 0, 0, 0, 0, 0, 0, 0, 0, 0, 0, 0, 0, 0, 0, 0, 0, 0, 0, 0, 0, 0, 0, 0, 0, 0, 0, 0, 0, 0, 0, 0, 0, 0, 0, 0, 0, 0, 0, 0, 0, 0, 0, 0, 0, 0, 0, 0, 0, 0, 0, 0, 0, 0, 0]
[0.0, 0.0, 0.0, 0.0, 0.0, 0.0, 0.0, 0.0, 0.0, 0.0, 0.0, 0.0, 0.0, 0.0, 0.0, 0.0, 0.0, 0.0, 0.0, 0.0, 0.0, 0.0, 0.0, 0.0, 0.0, 0.0, 0.0, 0.0, 0.0, 0.0, 0.0, 0.0, 0.0, 0.0, 0.0, 0.0, 0.0, 0.0, 0.0, 0.0, 0.0, 0.0, 0.0, 0.0, 0.0, 0.0, 0.0, 0.0, 0.0, 0.0, 0.0, 0.0, 0.0, 0.0, 0.0, 0.0, 0.0, 0.0, 0.0, 0.0, 0.0, 0.0, 0.0, 0.0, 0.0, 0.0, 0.0, 0.0, 0.0, 0.0, 0.0, 0.0, 0.0, 0.0, 0.0, 0.0, 0.0, 0.0, 0.0, 0.0, 0.0, 0.0, 0.0, 0.0, 0.0, 0.0, 0.0, 0.0, 0.0, 0.0, 0.0, 0.0, 0.0, 0.0, 0.0, 0.0, 0.0, 0.0, 0.0, 0.0, 0.0, 0.0, 0.0, 0.0, 0.0, 0.0, 0.0, 0.0, 0.0, 0.0, 0.0, 0.0, 0.0, 0.0, 0.0, 0.0, 0.0, 0.0, 0.0, 0.0, 0.0, 0.0, 0.0, 0.0, 0.0, 0.0, 0.0, 1.0, 1.0, 1.0, 0.0, 0.0, 0.0, 0.0, 0.0, 0.0, 0.0, 0.0, 0.0, 0.0, 0.0, 0.0, 0.0, 0.0, 0.0, 1.0, 0.0, 1.0, 0.0, 0.0, 0.31333333333333335, 0.80571428571348, 0.008997342461869073, 0.24666666666666667, 0.3914285714272286, 0.016108485292325253, 0.26, 0.7199999999997257, 0.009364639283831076, 0.28, 0.3857142857112, 0.09933982473903996, 0.18666666666666668, 0.7871428571428, 0.02065639873539357, 0.32, 0.8542857142848, 0.04932790975647819, 0.24666666666666667, 0.5899999999998857, 0.0162896289467644, 0.26666666666666666, 0.5228571428571429, 0.022909483243557033, 0.2866666666666667, 0.95999999999962, 0.011717469252673777, 0.06, 0.8671428571424914, 0.02495373340395568, 0.26666666666666666, 0.8799999999994286, 0.006248231983901149, 0.31333333333333335, 0.47714285714262855, 0.0048264204020447, 0.32666666666666666, 0.1799999999994, 0.0022493356154620193, 0.31333333333333335, 0.7971428571420571, 0.003115569118445077, 0.32666666666666666, 0.19428571428525, 0.0032371390868055376, 0.3, 0.9857142857140714, 0.005365081986526127, 0.31333333333333335, 0.6442857142856429, 0.010133253149417069, 0.25333333333333335, 0.7528571428558628, 0.0022746159773719687, 0.28, 0.80571428571384, 0.011746530436334314, 0.29333333333333333, 0.4742857142835429, 0.0014667384877461351, 0.14666666666666667, 0.9099999999997972, 0.03377032831439846, 0.2866666666666667, 0.39999999999934, 0.004882278855274617, 0.20666666666666667, 0.6014285714285571, 0.04751822264364523, 0.29333333333333333, 0.75142857142848, 0.005228569277877371, 0.2866666666666667, 0.9399999999995485, 0.004461860398297855, 0.2733333333333333, 0.47428571428561145, 0.042499642035366055, 0.28, 0.26714285714232, 0.0025964553092095925, 0.3333333333333333, 0.28, 0.001285870193510074, 0.22666666666666666, 0.22999999999999715, 0.0165686355466282, 0.26666666666666666, 0.6185714285691428, 0.0016710137868781653, 0.31333333333333335, 0.14285714285633141, 0.0024380051589110016, 0.3333333333333333, 0.24857142857142858, 0.01826460519761248, 0.0, 0.0, 0.0, 0.0, 0.0, 0.0, 0.0, 0.0, 0.0, 0.0, 0.0, 0.0, 0.0, 0.0, 0.0, 0.0, 0.0, 0.0, 0.0, 0.0, 0.0, 0.0, 0.0, 0.0, 0.0, 0.0, 0.0, 0.0, 0.0, 0.0, 0.0, 0.0, 0.0, 0.0, 0.0, 0.0, 0.0, 0.0, 0.0, 0.0, 0.0, 0.0, 0.0, 0.0, 0.0, 0.0, 0.0, 0.0, 0.0, 0.0, 0.0, 0.0, 0.0, 0.0, 0.0, 0.0, 0.0, 0.0, 0.0, 0.0, 0.0, 0.0, 0.0, 0.0, 0.0, 0.0, 0.0, 0.0, 0.0, 0.0, 0.0, 0.0, 0.0, 0.0, 0.0, 0.0, 0.0, 0.0, 0.0, 0.0, 0.0, 0.0, 0.0, 0.0, 0.0, 0.0, 0.0, 0.0, 0.0, 0.0, 0.0, 0.0, 0.0, 0.0, 0.0, 0.0],[0, 0, 0, 0, 0, 0, 0, 0, 0, 0, 0, 0, 0, 0, 0, 0, 0, 0, 0, 0, 0, 0, 0, 0, 0, 0, 0, 0, 0, 0, 0, 0, 0, 0, 0, 0, 0, 0, 0, 0, 0, 0, 0, 0, 0, 0, 0, 0, 0, 0, 0, 0, 0, 0, 0, 0, 0, 0, 0, 0, 0, 0, 0, 0]
[0.0, 0.0, 0.0, 1.0, 1.0, 1.0, 1.0, 1.0, 1.0, 1.0, 1.0, 1.0, 1.0, 1.0, 1.0, 1.0, 1.0, 1.0, 1.0, 1.0, 1.0, 1.0, 0.0, 0.0, 1.0, 1.0, 1.0, 1.0, 0.0, 0.0, 0.0, 1.0, 0.0, 0.0, 0.0, 0.0, 0.0, 0.0, 0.0, 0.0, 0.0, 0.0, 0.0, 0.0, 0.0, 0.0, 0.0, 0.0, 0.0, 0.0, 0.0, 0.0, 0.0, 0.0, 0.0, 0.0, 0.0, 0.0, 0.0, 0.0, 0.0, 0.0, 0.0, 0.0, 0.0, 0.0, 1.0, 1.0, 1.0, 1.0, 0.0, 0.0, 0.0, 0.0, 0.0, 0.0, 0.0, 0.0, 0.0, 0.0, 0.0, 1.0, 0.0, 0.0, 0.0, 0.0, 0.0, 1.0, 1.0, 1.0, 0.0, 0.0, 0.0, 0.0, 0.0, 0.0, 0.0, 0.0, 0.0, 0.0, 0.0, 0.0, 0.0, 0.0, 0.0, 0.0, 1.0, 1.0, 1.0, 1.0, 1.0, 0.0, 0.0, 0.0, 0.0, 1.0, 1.0, 1.0, 1.0, 1.0, 1.0, 1.0, 1.0, 1.0, 1.0, 1.0, 1.0, 1.0, 1.0, 1.0, 0.0, 0.0, 0.0, 0.0, 0.0, 0.0, 0.0, 0.0, 0.0, 0.0, 0.0, 0.0, 0.0, 0.0, 0.0, 1.0, 0.0, 1.0, 0.0, 0.0, 0.31333333333333335, 0.80571428571348, 0.008997342461869073, 0.24666666666666667, 0.3914285714272286, 0.016108485292325253, 0.26, 0.7199999999997257, 0.009364639283831076, 0.28, 0.3857142857112, 0.09933982473903996, 0.18666666666666668, 0.7871428571428, 0.02065639873539357, 0.32, 0.8542857142848, 0.04932790975647819, 0.24666666666666667, 0.5899999999998857, 0.0162896289467644, 0.26666666666666666, 0.5228571428571429, 0.022909483243557033, 0.2866666666666667, 0.95999999999962, 0.011717469252673777, 0.06, 0.8671428571424914, 0.02495373340395568, 0.26666666666666666, 0.8799999999994286, 0.006248231983901149, 0.31333333333333335, 0.47714285714262855, 0.0048264204020447, 0.32666666666666666, 0.1799999999994, 0.0022493356154620193, 0.31333333333333335, 0.7971428571420571, 0.003115569118445077, 0.32666666666666666, 0.19428571428525, 0.0032371390868055376, 0.3, 0.9857142857140714, 0.005365081986526127, 0.31333333333333335, 0.6442857142856429, 0.010133253149417069, 0.25333333333333335, 0.7528571428558628, 0.0022746159773719687, 0.28, 0.80571428571384, 0.011746530436334314, 0.29333333333333333, 0.4742857142835429, 0.0014667384877461351, 0.14666666666666667, 0.9099999999997972, 0.03377032831439846, 0.2866666666666667, 0.39999999999934, 0.004882278855274617, 0.20666666666666667, 0.6014285714285571, 0.04751822264364523, 0.29333333333333333, 0.75142857142848, 0.005228569277877371, 0.2866666666666667, 0.9399999999995485, 0.004461860398297855, 0.2733333333333333, 0.47428571428561145, 0.042499642035366055, 0.28, 0.26714285714232, 0.0025964553092095925, 0.3333333333333333, 0.28, 0.001285870193510074, 0.22666666666666666, 0.22999999999999715, 0.0165686355466282, 0.26666666666666666, 0.6185714285691428, 0.0016710137868781653, 0.31333333333333335, 0.14285714285633141, 0.0024380051589110016, 0.3333333333333333, 0.24857142857142858, 0.01826460519761248, 0.0, 0.0, 0.0, 0.0, 0.0, 0.0, 0.0, 0.0, 0.0, 0.0, 0.0, 0.0, 0.0, 0.0, 0.0, 0.0, 0.0, 0.0, 0.0, 0.0, 0.0, 0.0, 0.0, 0.0, 0.0, 0.0, 0.0, 0.0, 0.0, 0.0, 0.0, 0.0, 0.0, 0.0, 0.0, 0.0, 0.0, 0.0, 0.0, 0.0, 0.0, 0.0, 0.0, 0.0, 0.0, 0.0, 0.0, 0.0, 0.0, 0.0, 0.0, 0.0, 0.0, 0.0, 0.0, 0.0, 0.0, 0.0, 0.0, 0.0, 0.0, 0.0, 0.0, 0.0, 0.0, 0.0, 0.0, 0.0, 0.0, 0.0, 0.0, 0.0, 0.0, 0.0, 0.0, 0.0, 0.0, 0.0, 0.0, 0.0, 0.0, 0.0, 0.0, 0.0, 0.0, 0.0, 0.0, 0.0, 0.0, 0.0, 0.0, 0.0, 0.0, 0.0, 0.0, 0.0],[1, 0, 0, 0, 0, 0, 0, 0, 0, 0, 0, 0, 0, 0, 0, 0, 0, 0, 0, 0, 0, 0, 0, 0, 0, 0, 0, 0, 0, 0, 0, 0, 0, 0, 0, 0, 0, 0, 0, 0, 0, 0, 0, 0, 0, 0, 0, 0, 0, 0, 0, 0, 0, 0, 0, 0, 0, 0, 0, 0, 0, 0, 0, 0]
[0.0, 0.0, 0.0, 0.0, 0.0, 0.0, 0.0, 0.0, 0.0, 0.0, 0.0, 0.0, 0.0, 0.0, 0.0, 0.0, 0.0, 0.0, 0.0, 0.0, 0.0, 0.0, 0.0, 0.0, 0.0, 0.0, 0.0, 0.0, 0.0, 0.0, 0.0, 0.0, 0.0, 0.0, 0.0, 0.0, 0.0, 0.0, 0.0, 0.0, 0.0, 0.0, 0.0, 0.0, 0.0, 0.0, 0.0, 0.0, 0.0, 0.0, 0.0, 0.0, 0.0, 0.0, 0.0, 0.0, 0.0, 0.0, 0.0, 0.0, 0.0, 0.0, 0.0, 0.0, 0.0, 0.0, 0.0, 0.0, 0.0, 0.0, 0.0, 0.0, 0.0, 0.0, 0.0, 0.0, 0.0, 0.0, 0.0, 0.0, 0.0, 0.0, 0.0, 0.0, 0.0, 0.0, 0.0, 0.0, 0.0, 0.0, 0.0, 0.0, 0.0, 0.0, 0.0, 0.0, 0.0, 0.0, 0.0, 0.0, 0.0, 0.0, 0.0, 0.0, 0.0, 0.0, 0.0, 0.0, 0.0, 0.0, 0.0, 0.0, 0.0, 0.0, 0.0, 0.0, 0.0, 0.0, 0.0, 0.0, 0.0, 0.0, 0.0, 0.0, 0.0, 1.0, 1.0, 1.0, 1.0, 1.0, 0.0, 0.0, 0.0, 0.0, 0.0, 0.0, 0.0, 0.0, 0.0, 0.0, 0.0, 0.0, 0.0, 0.0, 0.0, 1.0, 0.0, 1.0, 0.0, 0.0, 0.24666666666666667, 0.3914285714272286, 0.016108485292325253, 0.26, 0.7199999999997257, 0.009364639283831076, 0.28, 0.3857142857112, 0.09933982473903996, 0.18666666666666668, 0.7871428571428, 0.02065639873539357, 0.32, 0.8542857142848, 0.04932790975647819, 0.24666666666666667, 0.5899999999998857, 0.0162896289467644, 0.26666666666666666, 0.5228571428571429, 0.022909483243557033, 0.2866666666666667, 0.95999999999962, 0.011717469252673777, 0.06, 0.8671428571424914, 0.02495373340395568, 0.26666666666666666, 0.8799999999994286, 0.006248231983901149, 0.31333333333333335, 0.47714285714262855, 0.0048264204020447, 0.32666666666666666, 0.1799999999994, 0.0022493356154620193, 0.31333333333333335, 0.7971428571420571, 0.003115569118445077, 0.32666666666666666, 0.19428571428525, 0.0032371390868055376, 0.3, 0.9857142857140714, 0.005365081986526127, 0.31333333333333335, 0.6442857142856429, 0.010133253149417069, 0.25333333333333335, 0.7528571428558628, 0.0022746159773719687, 0.28, 0.80571428571384, 0.011746530436334314, 0.29333333333333333, 0.4742857142835429, 0.0014667384877461351, 0.14666666666666667, 0.9099999999997972, 0.03377032831439846, 0.2866666666666667, 0.39999999999934, 0.004882278855274617, 0.20666666666666667, 0.6014285714285571, 0.04751822264364523, 0.29333333333333333, 0.75142857142848, 0.005228569277877371, 0.2866666666666667, 0.9399999999995485, 0.004461860398297855, 0.2733333333333333, 0.47428571428561145, 0.042499642035366055, 0.28, 0.26714285714232, 0.0025964553092095925, 0.3333333333333333, 0.28, 0.001285870193510074, 0.22666666666666666, 0.22999999999999715, 0.0165686355466282, 0.26666666666666666, 0.6185714285691428, 0.0016710137868781653, 0.31333333333333335, 0.14285714285633141, 0.0024380051589110016, 0.3333333333333333, 0.24857142857142858, 0.01826460519761248, 0.0, 0.0, 0.0, 0.0, 0.0, 0.0, 0.0, 0.0, 0.0, 0.0, 0.0, 0.0, 0.0, 0.0, 0.0, 0.0, 0.0, 0.0, 0.0, 0.0, 0.0, 0.0, 0.0, 0.0, 0.0, 0.0, 0.0, 0.0, 0.0, 0.0, 0.0, 0.0, 0.0, 0.0, 0.0, 0.0, 0.0, 0.0, 0.0, 0.0, 0.0, 0.0, 0.0, 0.0, 0.0, 0.0, 0.0, 0.0, 0.0, 0.0, 0.0, 0.0, 0.0, 0.0, 0.0, 0.0, 0.0, 0.0, 0.0, 0.0, 0.0, 0.0, 0.0, 0.0, 0.0, 0.0, 0.0, 0.0, 0.0, 0.0, 0.0, 0.0, 0.0, 0.0, 0.0, 0.0, 0.0, 0.0, 0.0, 0.0, 0.0, 0.0, 0.0, 0.0, 0.0, 0.0, 0.0, 0.0, 0.0, 0.0, 0.0, 0.0, 0.0, 0.0, 0.0, 0.0, 0.0, 0.0, 0.0],[0, 0, 0, 0, 0, 0, 0, 0, 0, 0, 0, 0, 0, 0, 0, 0, 0, 0, 0, 0, 0, 0, 0, 0, 0, 0, 0, 0, 0, 0, 0, 0, 0, 0, 0, 0, 0, 0, 0, 0, 0, 0, 0, 0, 0, 0, 0, 0, 0, 0, 0, 0, 0, 0, 0, 0, 0, 0, 0, 0, 0, 0, 0, 0]
[0.0, 0.0, 0.0, 0.0, 0.0, 0.0, 0.0, 0.0, 0.0, 0.0, 0.0, 0.0, 0.0, 0.0, 0.0, 0.0, 0.0, 0.0, 0.0, 0.0, 0.0, 0.0, 0.0, 0.0, 0.0, 0.0, 0.0, 0.0, 0.0, 0.0, 0.0, 0.0, 0.0, 0.0, 0.0, 0.0, 0.0, 0.0, 0.0, 0.0, 0.0, 0.0, 0.0, 0.0, 0.0, 0.0, 0.0, 0.0, 0.0, 0.0, 0.0, 0.0, 0.0, 0.0, 0.0, 0.0, 0.0, 0.0, 0.0, 0.0, 0.0, 0.0, 0.0, 0.0, 0.0, 0.0, 0.0, 0.0, 0.0, 0.0, 0.0, 0.0, 0.0, 0.0, 0.0, 0.0, 0.0, 0.0, 0.0, 0.0, 0.0, 0.0, 0.0, 0.0, 0.0, 0.0, 0.0, 0.0, 0.0, 0.0, 0.0, 0.0, 0.0, 0.0, 0.0, 0.0, 0.0, 0.0, 0.0, 0.0, 0.0, 0.0, 0.0, 0.0, 0.0, 0.0, 0.0, 0.0, 0.0, 0.0, 0.0, 0.0, 0.0, 0.0, 0.0, 0.0, 0.0, 0.0, 0.0, 0.0, 0.0, 0.0, 0.0, 0.0, 0.0, 1.0, 1.0, 1.0, 1.0, 1.0, 1.0, 1.0, 1.0, 1.0, 0.0, 0.0, 0.0, 0.0, 0.0, 0.0, 0.0, 0.0, 0.0, 0.0, 0.0, 1.0, 0.0, 1.0, 0.0, 0.0, 0.24666666666666667, 0.3914285714272286, 0.016108485292325253, 0.26, 0.7199999999997257, 0.009364639283831076, 0.28, 0.3857142857112, 0.09933982473903996, 0.18666666666666668, 0.7871428571428, 0.02065639873539357, 0.32, 0.8542857142848, 0.04932790975647819, 0.24666666666666667, 0.5899999999998857, 0.0162896289467644, 0.26666666666666666, 0.5228571428571429, 0.022909483243557033, 0.2866666666666667, 0.95999999999962, 0.011717469252673777, 0.06, 0.8671428571424914, 0.02495373340395568, 0.26666666666666666, 0.8799999999994286, 0.006248231983901149, 0.31333333333333335, 0.47714285714262855, 0.0048264204020447, 0.32666666666666666, 0.1799999999994, 0.0022493356154620193, 0.31333333333333335, 0.7971428571420571, 0.003115569118445077, 0.32666666666666666, 0.19428571428525, 0.0032371390868055376, 0.3, 0.9857142857140714, 0.005365081986526127, 0.31333333333333335, 0.6442857142856429, 0.010133253149417069, 0.25333333333333335, 0.7528571428558628, 0.0022746159773719687, 0.28, 0.80571428571384, 0.011746530436334314, 0.29333333333333333, 0.4742857142835429, 0.0014667384877461351, 0.14666666666666667, 0.9099999999997972, 0.03377032831439846, 0.2866666666666667, 0.39999999999934, 0.004882278855274617, 0.20666666666666667, 0.6014285714285571, 0.04751822264364523, 0.29333333333333333, 0.75142857142848, 0.005228569277877371, 0.2866666666666667, 0.9399999999995485, 0.004461860398297855, 0.28, 0.99428571428472, 0.0032212707579531243, 0.2733333333333333, 0.47428571428561145, 0.042499642035366055, 0.28, 0.26714285714232, 0.0025964553092095925, 0.3333333333333333, 0.28, 0.001285870193510074, 0.22666666666666666, 0.22999999999999715, 0.0165686355466282, 0.26666666666666666, 0.6185714285691428, 0.0016710137868781653, 0.31333333333333335, 0.14285714285633141, 0.0024380051589110016, 0.3333333333333333, 0.24857142857142858, 0.01826460519761248, 0.0, 0.0, 0.0, 0.0, 0.0, 0.0, 0.0, 0.0, 0.0, 0.0, 0.0, 0.0, 0.0, 0.0, 0.0, 0.0, 0.0, 0.0, 0.0, 0.0, 0.0, 0.0, 0.0, 0.0, 0.0, 0.0, 0.0, 0.0, 0.0, 0.0, 0.0, 0.0, 0.0, 0.0, 0.0, 0.0, 0.0, 0.0, 0.0, 0.0, 0.0, 0.0, 0.0, 0.0, 0.0, 0.0, 0.0, 0.0, 0.0, 0.0, 0.0, 0.0, 0.0, 0.0, 0.0, 0.0, 0.0, 0.0, 0.0, 0.0, 0.0, 0.0, 0.0, 0.0, 0.0, 0.0, 0.0, 0.0, 0.0, 0.0, 0.0, 0.0, 0.0, 0.0, 0.0, 0.0, 0.0, 0.0, 0.0, 0.0, 0.0, 0.0, 0.0, 0.0, 0.0, 0.0, 0.0, 0.0, 0.0, 0.0, 0.0, 0.0, 0.0, 0.0, 0.0, 0.0],[0, 0, 0, 0, 0, 0, 0, 0, 1, 0, 0, 0, 0, 0, 0, 0, 0, 0, 0, 0, 0, 0, 0, 0, 0, 0, 0, 0, 0, 0, 0, 0, 0, 0, 0, 0, 0, 0, 0, 0, 0, 0, 0, 0, 0, 0, 0, 0, 0, 0, 0, 0, 0, 0, 0, 0, 0, 0, 0, 0, 0, 0, 0, 0]
[0.0, 0.0, 0.0, 0.0, 0.0, 0.0, 0.0, 0.0, 0.0, 0.0, 0.0, 0.0, 0.0, 0.0, 0.0, 0.0, 0.0, 0.0, 0.0, 0.0, 0.0, 0.0, 0.0, 0.0, 0.0, 0.0, 0.0, 0.0, 0.0, 0.0, 0.0, 0.0, 0.0, 0.0, 0.0, 0.0, 0.0, 0.0, 0.0, 0.0, 0.0, 0.0, 0.0, 0.0, 0.0, 0.0, 0.0, 0.0, 0.0, 0.0, 0.0, 0.0, 0.0, 0.0, 0.0, 0.0, 0.0, 0.0, 0.0, 0.0, 0.0, 0.0, 0.0, 0.0, 0.0, 0.0, 0.0, 0.0, 0.0, 0.0, 0.0, 0.0, 0.0, 0.0, 0.0, 0.0, 0.0, 0.0, 0.0, 0.0, 0.0, 0.0, 0.0, 0.0, 0.0, 0.0, 0.0, 0.0, 0.0, 0.0, 0.0, 0.0, 0.0, 0.0, 0.0, 0.0, 0.0, 0.0, 0.0, 0.0, 0.0, 0.0, 0.0, 0.0, 0.0, 0.0, 0.0, 0.0, 0.0, 0.0, 0.0, 0.0, 0.0, 0.0, 0.0, 0.0, 0.0, 0.0, 0.0, 0.0, 0.0, 0.0, 0.0, 0.0, 0.0, 0.0, 0.0, 0.0, 0.0, 0.0, 0.0, 0.0, 0.0, 0.0, 0.0, 0.0, 0.0, 0.0, 0.0, 0.0, 0.0, 0.0, 0.0, 0.0, 0.0, 1.0, 0.0, 1.0, 0.0, 0.0, 0.24666666666666667, 0.3914285714272286, 0.016108485292325253, 0.26, 0.7199999999997257, 0.009364639283831076, 0.28, 0.3857142857112, 0.09933982473903996, 0.18666666666666668, 0.7871428571428, 0.02065639873539357, 0.32, 0.8542857142848, 0.04932790975647819, 0.24666666666666667, 0.5899999999998857, 0.0162896289467644, 0.26666666666666666, 0.5228571428571429, 0.022909483243557033, 0.2866666666666667, 0.95999999999962, 0.011717469252673777, 0.26666666666666666, 0.8799999999994286, 0.006248231983901149, 0.31333333333333335, 0.47714285714262855, 0.0048264204020447, 0.32666666666666666, 0.1799999999994, 0.0022493356154620193, 0.31333333333333335, 0.7971428571420571, 0.003115569118445077, 0.32666666666666666, 0.19428571428525, 0.0032371390868055376, 0.3, 0.9857142857140714, 0.005365081986526127, 0.31333333333333335, 0.6442857142856429, 0.010133253149417069, 0.25333333333333335, 0.7528571428558628, 0.0022746159773719687, 0.28, 0.80571428571384, 0.011746530436334314, 0.29333333333333333, 0.4742857142835429, 0.0014667384877461351, 0.14666666666666667, 0.9099999999997972, 0.03377032831439846, 0.2866666666666667, 0.39999999999934, 0.004882278855274617, 0.20666666666666667, 0.6014285714285571, 0.04751822264364523, 0.29333333333333333, 0.75142857142848, 0.005228569277877371, 0.2866666666666667, 0.9399999999995485, 0.004461860398297855, 0.28, 0.99428571428472, 0.0032212707579531243, 0.2733333333333333, 0.47428571428561145, 0.042499642035366055, 0.28, 0.26714285714232, 0.0025964553092095925, 0.3333333333333333, 0.28, 0.001285870193510074, 0.22666666666666666, 0.22999999999999715, 0.0165686355466282, 0.26666666666666666, 0.6185714285691428, 0.0016710137868781653, 0.31333333333333335, 0.14285714285633141, 0.0024380051589110016, 0.3333333333333333, 0.24857142857142858, 0.01826460519761248, 0.0, 0.0, 0.0, 0.0, 0.0, 0.0, 0.0, 0.0, 0.0, 0.0, 0.0, 0.0, 0.0, 0.0, 0.0, 0.0, 0.0, 0.0, 0.0, 0.0, 0.0, 0.0, 0.0, 0.0, 0.0, 0.0, 0.0, 0.0, 0.0, 0.0, 0.0, 0.0, 0.0, 0.0, 0.0, 0.0, 0.0, 0.0, 0.0, 0.0, 0.0, 0.0, 0.0, 0.0, 0.0, 0.0, 0.0, 0.0, 0.0, 0.0, 0.0, 0.0, 0.0, 0.0, 0.0, 0.0, 0.0, 0.0, 0.0, 0.0, 0.0, 0.0, 0.0, 0.0, 0.0, 0.0, 0.0, 0.0, 0.0, 0.0, 0.0, 0.0, 0.0, 0.0, 0.0, 0.0, 0.0, 0.0, 0.0, 0.0, 0.0, 0.0, 0.0, 0.0, 0.0, 0.0, 0.0, 0.0, 0.0, 0.0, 0.0, 0.0, 0.0, 0.0, 0.0, 0.0, 0.0, 0.0, 0.0],[0, 0, 0, 0, 0, 0, 0, 0, 0, 0, 0, 0, 0, 0, 0, 0, 0, 0, 0, 0, 0, 0, 0, 0, 0, 0, 0, 0, 0, 0, 0, 0, 0, 0, 0, 0, 0, 0, 0, 0, 0, 0, 0, 0, 0, 0, 0, 0, 0, 0, 0, 0, 0, 0, 0, 0, 0, 0, 0, 0, 0, 0, 0, 0]
[0.0, 0.0, 0.0, 0.0, 0.0, 0.0, 0.0, 0.0, 0.0, 0.0, 0.0, 0.0, 0.0, 0.0, 0.0, 0.0, 0.0, 0.0, 0.0, 0.0, 0.0, 0.0, 0.0, 0.0, 0.0, 0.0, 0.0, 0.0, 0.0, 0.0, 1.0, 0.0, 0.0, 0.0, 0.0, 0.0, 0.0, 0.0, 0.0, 0.0, 0.0, 0.0, 0.0, 0.0, 0.0, 0.0, 0.0, 0.0, 0.0, 0.0, 0.0, 1.0, 1.0, 1.0, 1.0, 1.0, 1.0, 1.0, 1.0, 1.0, 0.0, 0.0, 0.0, 0.0, 1.0, 1.0, 0.0, 0.0, 0.0, 0.0, 1.0, 1.0, 1.0, 1.0, 1.0, 1.0, 1.0, 1.0, 1.0, 1.0, 1.0, 0.0, 1.0, 1.0, 1.0, 1.0, 1.0, 0.0, 0.0, 0.0, 1.0, 1.0, 1.0, 1.0, 1.0, 1.0, 1.0, 1.0, 1.0, 1.0, 1.0, 1.0, 1.0, 1.0, 1.0, 1.0, 0.0, 0.0, 0.0, 0.0, 0.0, 0.0, 0.0, 0.0, 0.0, 0.0, 0.0, 0.0, 0.0, 0.0, 0.0, 0.0, 0.0, 0.0, 0.0, 0.0, 0.0, 0.0, 0.0, 0.0, 0.0, 0.0, 0.0, 0.0, 0.0, 0.0, 0.0, 0.0, 0.0, 0.0, 0.0, 0.0, 0.0, 0.0, 0.0, 1.0, 0.0, 1.0, 0.0, 0.0, 0.24666666666666667, 0.3914285714272286, 0.016108485292325253, 0.26, 0.7199999999997257, 0.009364639283831076, 0.28, 0.3857142857112, 0.09933982473903996, 0.18666666666666668, 0.7871428571428, 0.02065639873539357, 0.32, 0.8542857142848, 0.04932790975647819, 0.24666666666666667, 0.5899999999998857, 0.0162896289467644, 0.26666666666666666, 0.5228571428571429, 0.022909483243557033, 0.2866666666666667, 0.95999999999962, 0.011717469252673777, 0.26666666666666666, 0.8799999999994286, 0.006248231983901149, 0.31333333333333335, 0.47714285714262855, 0.0048264204020447, 0.32666666666666666, 0.1799999999994, 0.0022493356154620193, 0.31333333333333335, 0.7971428571420571, 0.003115569118445077, 0.32666666666666666, 0.19428571428525, 0.0032371390868055376, 0.3, 0.9857142857140714, 0.005365081986526127, 0.31333333333333335, 0.6442857142856429, 0.010133253149417069, 0.25333333333333335, 0.7528571428558628, 0.0022746159773719687, 0.28, 0.80571428571384, 0.011746530436334314, 0.29333333333333333, 0.4742857142835429, 0.0014667384877461351, 0.14666666666666667, 0.9099999999997972, 0.03377032831439846, 0.2866666666666667, 0.39999999999934, 0.004882278855274617, 0.20666666666666667, 0.6014285714285571, 0.04751822264364523, 0.29333333333333333, 0.75142857142848, 0.005228569277877371, 0.2866666666666667, 0.9399999999995485, 0.004461860398297855, 0.28, 0.99428571428472, 0.0032212707579531243, 0.2733333333333333, 0.47428571428561145, 0.042499642035366055, 0.28, 0.26714285714232, 0.0025964553092095925, 0.3333333333333333, 0.28, 0.001285870193510074, 0.22666666666666666, 0.22999999999999715, 0.0165686355466282, 0.26666666666666666, 0.6185714285691428, 0.0016710137868781653, 0.31333333333333335, 0.14285714285633141, 0.0024380051589110016, 0.3333333333333333, 0.24857142857142858, 0.01826460519761248, 0.0, 0.0, 0.0, 0.0, 0.0, 0.0, 0.0, 0.0, 0.0, 0.0, 0.0, 0.0, 0.0, 0.0, 0.0, 0.0, 0.0, 0.0, 0.0, 0.0, 0.0, 0.0, 0.0, 0.0, 0.0, 0.0, 0.0, 0.0, 0.0, 0.0, 0.0, 0.0, 0.0, 0.0, 0.0, 0.0, 0.0, 0.0, 0.0, 0.0, 0.0, 0.0, 0.0, 0.0, 0.0, 0.0, 0.0, 0.0, 0.0, 0.0, 0.0, 0.0, 0.0, 0.0, 0.0, 0.0, 0.0, 0.0, 0.0, 0.0, 0.0, 0.0, 0.0, 0.0, 0.0, 0.0, 0.0, 0.0, 0.0, 0.0, 0.0, 0.0, 0.0, 0.0, 0.0, 0.0, 0.0, 0.0, 0.0, 0.0, 0.0, 0.0, 0.0, 0.0, 0.0, 0.0, 0.0, 0.0, 0.0, 0.0, 0.0, 0.0, 0.0, 0.0, 0.0, 0.0, 0.0, 0.0, 0.0],[1, 0, 0, 0, 0, 0, 0, 0, 0, 0, 0, 0, 0, 0, 0, 0, 0, 0, 0, 0, 0, 0, 0, 0, 0, 0, 0, 0, 0, 0, 0, 0, 0, 0, 0, 0, 0, 0, 0, 0, 0, 0, 0, 0, 0, 0, 0, 0, 0, 0, 0, 0, 0, 0, 0, 0, 0, 0, 0, 0, 0, 0, 0, 0]
[0.0, 0.0, 0.0, 0.0, 0.0, 0.0, 0.0, 0.0, 0.0, 0.0, 0.0, 0.0, 0.0, 0.0, 0.0, 0.0, 0.0, 0.0, 0.0, 0.0, 0.0, 0.0, 0.0, 0.0, 0.0, 0.0, 0.0, 0.0, 0.0, 0.0, 0.0, 0.0, 0.0, 0.0, 0.0, 0.0, 0.0, 0.0, 0.0, 0.0, 0.0, 0.0, 0.0, 0.0, 0.0, 0.0, 0.0, 0.0, 0.0, 0.0, 0.0, 0.0, 0.0, 0.0, 0.0, 0.0, 0.0, 0.0, 0.0, 0.0, 0.0, 0.0, 0.0, 0.0, 0.0, 0.0, 0.0, 0.0, 0.0, 0.0, 0.0, 0.0, 0.0, 0.0, 0.0, 0.0, 0.0, 0.0, 0.0, 0.0, 0.0, 0.0, 0.0, 0.0, 0.0, 0.0, 0.0, 0.0, 0.0, 0.0, 0.0, 0.0, 0.0, 0.0, 0.0, 0.0, 0.0, 0.0, 0.0, 1.0, 1.0, 1.0, 1.0, 1.0, 1.0, 1.0, 0.0, 0.0, 0.0, 0.0, 0.0, 0.0, 0.0, 0.0, 0.0, 0.0, 0.0, 0.0, 0.0, 0.0, 0.0, 0.0, 0.0, 0.0, 0.0, 0.0, 0.0, 0.0, 0.0, 0.0, 0.0, 0.0, 0.0, 0.0, 0.0, 0.0, 0.0, 0.0, 0.0, 0.0, 0.0, 0.0, 0.0, 0.0, 0.0, 1.0, 0.0, 1.0, 0.0, 0.0, 0.26, 0.7199999999997257, 0.009364639283831076, 0.28, 0.3857142857112, 0.09933982473903996, 0.18666666666666668, 0.7871428571428, 0.02065639873539357, 0.32, 0.8542857142848, 0.04932790975647819, 0.24666666666666667, 0.5899999999998857, 0.0162896289467644, 0.26666666666666666, 0.5228571428571429, 0.022909483243557033, 0.2866666666666667, 0.95999999999962, 0.011717469252673777, 0.26666666666666666, 0.8799999999994286, 0.006248231983901149, 0.31333333333333335, 0.47714285714262855, 0.0048264204020447, 0.32666666666666666, 0.1799999999994, 0.0022493356154620193, 0.31333333333333335, 0.7971428571420571, 0.003115569118445077, 0.32666666666666666, 0.19428571428525, 0.0032371390868055376, 0.3, 0.9857142857140714, 0.005365081986526127, 0.31333333333333335, 0.6442857142856429, 0.010133253149417069, 0.25333333333333335, 0.7528571428558628, 0.0022746159773719687, 0.28, 0.80571428571384, 0.011746530436334314, 0.29333333333333333, 0.4742857142835429, 0.0014667384877461351, 0.14666666666666667, 0.9099999999997972, 0.03377032831439846, 0.2866666666666667, 0.39999999999934, 0.004882278855274617, 0.20666666666666667, 0.6014285714285571, 0.04751822264364523, 0.29333333333333333, 0.75142857142848, 0.005228569277877371, 0.2866666666666667, 0.9399999999995485, 0.004461860398297855, 0.28, 0.99428571428472, 0.0032212707579531243, 0.2733333333333333, 0.47428571428561145, 0.042499642035366055, 0.28, 0.26714285714232, 0.0025964553092095925, 0.3333333333333333, 0.28, 0.001285870193510074, 0.22666666666666666, 0.22999999999999715, 0.0165686355466282, 0.26666666666666666, 0.6185714285691428, 0.0016710137868781653, 0.31333333333333335, 0.14285714285633141, 0.0024380051589110016, 0.3333333333333333, 0.24857142857142858, 0.01826460519761248, 0.0, 0.0, 0.0, 0.0, 0.0, 0.0, 0.0, 0.0, 0.0, 0.0, 0.0, 0.0, 0.0, 0.0, 0.0, 0.0, 0.0, 0.0, 0.0, 0.0, 0.0, 0.0, 0.0, 0.0, 0.0, 0.0, 0.0, 0.0, 0.0, 0.0, 0.0, 0.0, 0.0, 0.0, 0.0, 0.0, 0.0, 0.0, 0.0, 0.0, 0.0, 0.0, 0.0, 0.0, 0.0, 0.0, 0.0, 0.0, 0.0, 0.0, 0.0, 0.0, 0.0, 0.0, 0.0, 0.0, 0.0, 0.0, 0.0, 0.0, 0.0, 0.0, 0.0, 0.0, 0.0, 0.0, 0.0, 0.0, 0.0, 0.0, 0.0, 0.0, 0.0, 0.0, 0.0, 0.0, 0.0, 0.0, 0.0, 0.0, 0.0, 0.0, 0.0, 0.0, 0.0, 0.0, 0.0, 0.0, 0.0, 0.0, 0.0, 0.0, 0.0, 0.0, 0.0, 0.0, 0.0, 0.0, 0.0, 0.0, 0.0, 0.0],[0, 0, 0, 0, 0, 0, 0, 0, 0, 0, 0, 0, 0, 0, 0, 0, 0, 0, 0, 0, 0, 0, 0, 0, 0, 0, 0, 0, 0, 0, 0, 0, 0, 0, 0, 0, 0, 0, 0, 0, 0, 0, 0, 0, 0, 0, 0, 0, 0, 0, 0, 0, 0, 0, 0, 0, 0, 0, 0, 0, 0, 0, 0, 0]
[0.0, 0.0, 0.0, 1.0, 1.0, 1.0, 1.0, 1.0, 1.0, 1.0, 1.0, 1.0, 1.0, 1.0, 1.0, 1.0, 1.0, 1.0, 1.0, 1.0, 1.0, 1.0, 0.0, 0.0, 1.0, 1.0, 1.0, 1.0, 0.0, 0.0, 0.0, 1.0, 0.0, 0.0, 0.0, 0.0, 0.0, 0.0, 0.0, 0.0, 0.0, 0.0, 0.0, 0.0, 0.0, 0.0, 0.0, 0.0, 0.0, 0.0, 0.0, 0.0, 0.0, 0.0, 0.0, 0.0, 0.0, 0.0, 0.0, 0.0, 0.0, 0.0, 0.0, 0.0, 0.0, 0.0, 1.0, 1.0, 1.0, 1.0, 0.0, 0.0, 0.0, 0.0, 0.0, 0.0, 0.0, 0.0, 0.0, 0.0, 0.0, 1.0, 0.0, 0.0, 0.0, 0.0, 0.0, 1.0, 1.0, 1.0, 0.0, 0.0, 0.0, 0.0, 0.0, 0.0, 0.0, 0.0, 0.0, 1.0, 1.0, 1.0, 1.0, 1.0, 1.0, 1.0, 1.0, 1.0, 1.0, 1.0, 1.0, 0.0, 0.0, 0.0, 0.0, 1.0, 1.0, 1.0, 1.0, 1.0, 1.0, 1.0, 1.0, 1.0, 1.0, 0.0, 0.0, 0.0, 0.0, 0.0, 0.0, 0.0, 0.0, 0.0, 0.0, 0.0, 0.0, 0.0, 0.0, 0.0, 0.0, 0.0, 0.0, 0.0, 0.0, 1.0, 0.0, 1.0, 0.0, 0.0, 0.26, 0.7199999999997257, 0.009364639283831076, 0.28, 0.3857142857112, 0.09933982473903996, 0.18666666666666668, 0.7871428571428, 0.02065639873539357, 0.32, 0.8542857142848, 0.04932790975647819, 0.24666666666666667, 0.5899999999998857, 0.0162896289467644, 0.26666666666666666, 0.5228571428571429, 0.022909483243557033, 0.2866666666666667, 0.95999999999962, 0.011717469252673777, 0.26666666666666666, 0.8799999999994286, 0.006248231983901149, 0.31333333333333335, 0.47714285714262855, 0.0048264204020447, 0.32666666666666666, 0.1799999999994, 0.0022493356154620193, 0.31333333333333335, 0.7971428571420571, 0.003115569118445077, 0.32666666666666666, 0.19428571428525, 0.0032371390868055376, 0.3, 0.9857142857140714, 0.005365081986526127, 0.31333333333333335, 0.6442857142856429, 0.010133253149417069, 0.25333333333333335, 0.7528571428558628, 0.0022746159773719687, 0.28, 0.80571428571384, 0.011746530436334314, 0.29333333333333333, 0.4742857142835429, 0.0014667384877461351, 0.14666666666666667, 0.9099999999997972, 0.03377032831439846, 0.2866666666666667, 0.39999999999934, 0.004882278855274617, 0.20666666666666667, 0.6014285714285571, 0.04751822264364523, 0.29333333333333333, 0.75142857142848, 0.005228569277877371, 0.2866666666666667, 0.9399999999995485, 0.004461860398297855, 0.28, 0.99428571428472, 0.0032212707579531243, 0.2733333333333333, 0.47428571428561145, 0.042499642035366055, 0.28, 0.26714285714232, 0.0025964553092095925, 0.3333333333333333, 0.28, 0.001285870193510074, 0.22666666666666666, 0.22999999999999715, 0.0165686355466282, 0.26666666666666666, 0.6185714285691428, 0.0016710137868781653, 0.31333333333333335, 0.14285714285633141, 0.0024380051589110016, 0.3333333333333333, 0.24857142857142858, 0.01826460519761248, 0.0, 0.0, 0.0, 0.0, 0.0, 0.0, 0.0, 0.0, 0.0, 0.0, 0.0, 0.0, 0.0, 0.0, 0.0, 0.0, 0.0, 0.0, 0.0, 0.0, 0.0, 0.0, 0.0, 0.0, 0.0, 0.0, 0.0, 0.0, 0.0, 0.0, 0.0, 0.0, 0.0, 0.0, 0.0, 0.0, 0.0, 0.0, 0.0, 0.0, 0.0, 0.0, 0.0, 0.0, 0.0, 0.0, 0.0, 0.0, 0.0, 0.0, 0.0, 0.0, 0.0, 0.0, 0.0, 0.0, 0.0, 0.0, 0.0, 0.0, 0.0, 0.0, 0.0, 0.0, 0.0, 0.0, 0.0, 0.0, 0.0, 0.0, 0.0, 0.0, 0.0, 0.0, 0.0, 0.0, 0.0, 0.0, 0.0, 0.0, 0.0, 0.0, 0.0, 0.0, 0.0, 0.0, 0.0, 0.0, 0.0, 0.0, 0.0, 0.0, 0.0, 0.0, 0.0, 0.0, 0.0, 0.0, 0.0, 0.0, 0.0, 0.0],[1, 0, 0, 0, 0, 0, 0, 0, 0, 0, 0, 0, 0, 0, 0, 0, 0, 0, 0, 0, 0, 0, 0, 0, 0, 0, 0, 0, 0, 0, 0, 0, 0, 0, 0, 0, 0, 0, 0, 0, 0, 0, 0, 0, 0, 0, 0, 0, 0, 0, 0, 0, 0, 0, 0, 0, 0, 0, 0, 0, 0, 0, 0, 0]
[0.0, 0.0, 0.0, 0.0, 0.0, 0.0, 0.0, 0.0, 0.0, 0.0, 0.0, 0.0, 0.0, 0.0, 0.0, 0.0, 0.0, 0.0, 0.0, 0.0, 0.0, 0.0, 0.0, 0.0, 0.0, 0.0, 0.0, 0.0, 0.0, 0.0, 0.0, 0.0, 0.0, 0.0, 0.0, 0.0, 0.0, 0.0, 0.0, 0.0, 0.0, 0.0, 0.0, 0.0, 0.0, 0.0, 0.0, 0.0, 0.0, 0.0, 0.0, 0.0, 0.0, 0.0, 0.0, 0.0, 0.0, 0.0, 0.0, 0.0, 0.0, 0.0, 0.0, 0.0, 0.0, 0.0, 0.0, 0.0, 0.0, 0.0, 0.0, 0.0, 0.0, 0.0, 0.0, 0.0, 0.0, 0.0, 0.0, 0.0, 0.0, 0.0, 0.0, 0.0, 0.0, 0.0, 0.0, 0.0, 0.0, 0.0, 0.0, 0.0, 0.0, 0.0, 0.0, 0.0, 0.0, 0.0, 0.0, 0.0, 0.0, 0.0, 0.0, 0.0, 0.0, 0.0, 1.0, 1.0, 1.0, 1.0, 1.0, 0.0, 0.0, 0.0, 0.0, 1.0, 1.0, 1.0, 1.0, 1.0, 1.0, 1.0, 1.0, 1.0, 1.0, 0.0, 0.0, 0.0, 0.0, 0.0, 0.0, 0.0, 0.0, 0.0, 0.0, 0.0, 0.0, 0.0, 0.0, 0.0, 0.0, 0.0, 0.0, 0.0, 0.0, 1.0, 0.0, 1.0, 0.0, 0.0, 0.28, 0.3857142857112, 0.09933982473903996, 0.18666666666666668, 0.7871428571428, 0.02065639873539357, 0.32, 0.8542857142848, 0.04932790975647819, 0.24666666666666667, 0.5899999999998857, 0.0162896289467644, 0.26666666666666666, 0.5228571428571429, 0.022909483243557033, 0.2866666666666667, 0.95999999999962, 0.011717469252673777, 0.26666666666666666, 0.8799999999994286, 0.006248231983901149, 0.31333333333333335, 0.47714285714262855, 0.0048264204020447, 0.32666666666666666, 0.1799999999994, 0.0022493356154620193, 0.31333333333333335, 0.7971428571420571, 0.003115569118445077, 0.32666666666666666, 0.19428571428525, 0.0032371390868055376, 0.3, 0.9857142857140714, 0.005365081986526127, 0.31333333333333335, 0.6442857142856429, 0.010133253149417069, 0.25333333333333335, 0.7528571428558628, 0.0022746159773719687, 0.28, 0.80571428571384, 0.011746530436334314, 0.29333333333333333, 0.4742857142835429, 0.0014667384877461351, 0.14666666666666667, 0.9099999999997972, 0.03377032831439846, 0.2866666666666667, 0.39999999999934, 0.004882278855274617, 0.20666666666666667, 0.6014285714285571, 0.04751822264364523, 0.29333333333333333, 0.75142857142848, 0.005228569277877371, 0.2866666666666667, 0.9399999999995485, 0.004461860398297855, 0.28, 0.99428571428472, 0.0032212707579531243, 0.2733333333333333, 0.47428571428561145, 0.042499642035366055, 0.28, 0.26714285714232, 0.0025964553092095925, 0.3333333333333333, 0.28, 0.001285870193510074, 0.22666666666666666, 0.22999999999999715, 0.0165686355466282, 0.26666666666666666, 0.6185714285691428, 0.0016710137868781653, 0.31333333333333335, 0.14285714285633141, 0.0024380051589110016, 0.3333333333333333, 0.24857142857142858, 0.01826460519761248, 0.0, 0.0, 0.0, 0.0, 0.0, 0.0, 0.0, 0.0, 0.0, 0.0, 0.0, 0.0, 0.0, 0.0, 0.0, 0.0, 0.0, 0.0, 0.0, 0.0, 0.0, 0.0, 0.0, 0.0, 0.0, 0.0, 0.0, 0.0, 0.0, 0.0, 0.0, 0.0, 0.0, 0.0, 0.0, 0.0, 0.0, 0.0, 0.0, 0.0, 0.0, 0.0, 0.0, 0.0, 0.0, 0.0, 0.0, 0.0, 0.0, 0.0, 0.0, 0.0, 0.0, 0.0, 0.0, 0.0, 0.0, 0.0, 0.0, 0.0, 0.0, 0.0, 0.0, 0.0, 0.0, 0.0, 0.0, 0.0, 0.0, 0.0, 0.0, 0.0, 0.0, 0.0, 0.0, 0.0, 0.0, 0.0, 0.0, 0.0, 0.0, 0.0, 0.0, 0.0, 0.0, 0.0, 0.0, 0.0, 0.0, 0.0, 0.0, 0.0, 0.0, 0.0, 0.0, 0.0, 0.0, 0.0, 0.0, 0.0, 0.0, 0.0, 0.0, 0.0, 0.0],[0, 0, 0, 0, 0, 0, 0, 0, 0, 0, 0, 0, 0, 0, 0, 0, 0, 0, 0, 0, 0, 0, 0, 0, 0, 0, 0, 0, 0, 0, 0, 0, 0, 0, 0, 0, 0, 0, 0, 0, 0, 0, 0, 0, 0, 0, 0, 0, 0, 0, 0, 0, 0, 0, 0, 0, 0, 0, 0, 0, 0, 0, 0, 0]
[0.0, 0.0, 0.0, 0.0, 0.0, 0.0, 0.0, 0.0, 0.0, 0.0, 0.0, 0.0, 0.0, 0.0, 0.0, 0.0, 0.0, 0.0, 0.0, 0.0, 0.0, 0.0, 0.0, 0.0, 0.0, 0.0, 0.0, 0.0, 0.0, 0.0, 1.0, 0.0, 0.0, 0.0, 0.0, 0.0, 0.0, 0.0, 0.0, 0.0, 0.0, 0.0, 0.0, 0.0, 0.0, 0.0, 0.0, 0.0, 0.0, 0.0, 0.0, 1.0, 1.0, 1.0, 1.0, 1.0, 1.0, 1.0, 1.0, 1.0, 0.0, 0.0, 0.0, 0.0, 1.0, 1.0, 0.0, 0.0, 0.0, 0.0, 1.0, 1.0, 1.0, 1.0, 1.0, 1.0, 1.0, 1.0, 1.0, 1.0, 1.0, 0.0, 1.0, 1.0, 1.0, 1.0, 1.0, 0.0, 0.0, 0.0, 1.0, 1.0, 1.0, 1.0, 1.0, 1.0, 1.0, 1.0, 1.0, 0.0, 0.0, 0.0, 0.0, 0.0, 0.0, 0.0, 1.0, 1.0, 1.0, 1.0, 1.0, 0.0, 0.0, 0.0, 0.0, 1.0, 1.0, 1.0, 1.0, 1.0, 1.0, 1.0, 1.0, 1.0, 1.0, 0.0, 0.0, 0.0, 0.0, 0.0, 0.0, 0.0, 0.0, 0.0, 0.0, 0.0, 0.0, 0.0, 0.0, 0.0, 0.0, 0.0, 0.0, 0.0, 0.0, 1.0, 0.0, 1.0, 0.0, 0.0, 0.28, 0.3857142857112, 0.09933982473903996, 0.18666666666666668, 0.7871428571428, 0.02065639873539357, 0.32, 0.8542857142848, 0.04932790975647819, 0.24666666666666667, 0.5899999999998857, 0.0162896289467644, 0.26666666666666666, 0.5228571428571429, 0.022909483243557033, 0.2866666666666667, 0.95999999999962, 0.011717469252673777, 0.26666666666666666, 0.8799999999994286, 0.006248231983901149, 0.31333333333333335, 0.47714285714262855, 0.0048264204020447, 0.32666666666666666, 0.1799999999994, 0.0022493356154620193, 0.31333333333333335, 0.7971428571420571, 0.003115569118445077, 0.32666666666666666, 0.19428571428525, 0.0032371390868055376, 0.3, 0.9857142857140714, 0.005365081986526127, 0.31333333333333335, 0.6442857142856429, 0.010133253149417069, 0.25333333333333335, 0.7528571428558628, 0.0022746159773719687, 0.28, 0.80571428571384, 0.011746530436334314, 0.29333333333333333, 0.4742857142835429, 0.0014667384877461351, 0.14666666666666667, 0.9099999999997972, 0.03377032831439846, 0.2866666666666667, 0.39999999999934, 0.004882278855274617, 0.20666666666666667, 0.6014285714285571, 0.04751822264364523, 0.29333333333333333, 0.75142857142848, 0.005228569277877371, 0.2866666666666667, 0.9399999999995485, 0.004461860398297855, 0.28, 0.99428571428472, 0.0032212707579531243, 0.2733333333333333, 0.47428571428561145, 0.042499642035366055, 0.28, 0.26714285714232, 0.0025964553092095925, 0.3333333333333333, 0.28, 0.001285870193510074, 0.22666666666666666, 0.22999999999999715, 0.0165686355466282, 0.26666666666666666, 0.6185714285691428, 0.0016710137868781653, 0.31333333333333335, 0.14285714285633141, 0.0024380051589110016, 0.3333333333333333, 0.24857142857142858, 0.01826460519761248, 0.0, 0.0, 0.0, 0.0, 0.0, 0.0, 0.0, 0.0, 0.0, 0.0, 0.0, 0.0, 0.0, 0.0, 0.0, 0.0, 0.0, 0.0, 0.0, 0.0, 0.0, 0.0, 0.0, 0.0, 0.0, 0.0, 0.0, 0.0, 0.0, 0.0, 0.0, 0.0, 0.0, 0.0, 0.0, 0.0, 0.0, 0.0, 0.0, 0.0, 0.0, 0.0, 0.0, 0.0, 0.0, 0.0, 0.0, 0.0, 0.0, 0.0, 0.0, 0.0, 0.0, 0.0, 0.0, 0.0, 0.0, 0.0, 0.0, 0.0, 0.0, 0.0, 0.0, 0.0, 0.0, 0.0, 0.0, 0.0, 0.0, 0.0, 0.0, 0.0, 0.0, 0.0, 0.0, 0.0, 0.0, 0.0, 0.0, 0.0, 0.0, 0.0, 0.0, 0.0, 0.0, 0.0, 0.0, 0.0, 0.0, 0.0, 0.0, 0.0, 0.0, 0.0, 0.0, 0.0, 0.0, 0.0, 0.0, 0.0, 0.0, 0.0, 0.0, 0.0, 0.0],[1, 0, 0, 0, 0, 0, 0, 0, 0, 0, 0, 0, 0, 0, 0, 0, 0, 0, 0, 0, 0, 0, 0, 0, 0, 0, 0, 0, 0, 0, 0, 0, 0, 0, 0, 0, 0, 0, 0, 0, 0, 0, 0, 0, 0, 0, 0, 0, 0, 0, 0, 0, 0, 0, 0, 0, 0, 0, 0, 0, 0, 0, 0, 0]
[0.0, 0.0, 0.0, 0.0, 0.0, 0.0, 0.0, 0.0, 0.0, 0.0, 0.0, 0.0, 0.0, 0.0, 0.0, 0.0, 0.0, 0.0, 0.0, 0.0, 0.0, 0.0, 0.0, 0.0, 0.0, 0.0, 0.0, 0.0, 0.0, 0.0, 0.0, 0.0, 0.0, 0.0, 0.0, 0.0, 0.0, 0.0, 0.0, 0.0, 0.0, 0.0, 0.0, 0.0, 0.0, 0.0, 0.0, 0.0, 0.0, 0.0, 0.0, 0.0, 0.0, 0.0, 0.0, 0.0, 0.0, 0.0, 0.0, 0.0, 0.0, 0.0, 0.0, 0.0, 0.0, 0.0, 0.0, 0.0, 0.0, 0.0, 0.0, 0.0, 0.0, 0.0, 0.0, 0.0, 0.0, 0.0, 0.0, 0.0, 0.0, 0.0, 0.0, 0.0, 0.0, 0.0, 0.0, 0.0, 0.0, 0.0, 0.0, 0.0, 0.0, 0.0, 0.0, 0.0, 0.0, 0.0, 0.0, 0.0, 0.0, 0.0, 0.0, 0.0, 0.0, 0.0, 0.0, 0.0, 0.0, 0.0, 0.0, 0.0, 0.0, 0.0, 0.0, 1.0, 1.0, 1.0, 1.0, 1.0, 1.0, 1.0, 1.0, 1.0, 1.0, 0.0, 0.0, 0.0, 0.0, 0.0, 0.0, 0.0, 0.0, 0.0, 0.0, 0.0, 0.0, 0.0, 0.0, 0.0, 0.0, 0.0, 0.0, 0.0, 0.0, 1.0, 0.0, 1.0, 0.0, 0.0, 0.18666666666666668, 0.7871428571428, 0.02065639873539357, 0.32, 0.8542857142848, 0.04932790975647819, 0.24666666666666667, 0.5899999999998857, 0.0162896289467644, 0.26666666666666666, 0.5228571428571429, 0.022909483243557033, 0.2866666666666667, 0.95999999999962, 0.011717469252673777, 0.26666666666666666, 0.8799999999994286, 0.006248231983901149, 0.31333333333333335, 0.47714285714262855, 0.0048264204020447, 0.32666666666666666, 0.1799999999994, 0.0022493356154620193, 0.31333333333333335, 0.7971428571420571, 0.003115569118445077, 0.32666666666666666, 0.19428571428525, 0.0032371390868055376, 0.3, 0.9857142857140714, 0.005365081986526127, 0.31333333333333335, 0.6442857142856429, 0.010133253149417069, 0.25333333333333335, 0.7528571428558628, 0.0022746159773719687, 0.28, 0.80571428571384, 0.011746530436334314, 0.29333333333333333, 0.4742857142835429, 0.0014667384877461351, 0.14666666666666667, 0.9099999999997972, 0.03377032831439846, 0.2866666666666667, 0.39999999999934, 0.004882278855274617, 0.20666666666666667, 0.6014285714285571, 0.04751822264364523, 0.29333333333333333, 0.75142857142848, 0.005228569277877371, 0.2866666666666667, 0.9399999999995485, 0.004461860398297855, 0.28, 0.99428571428472, 0.0032212707579531243, 0.2733333333333333, 0.47428571428561145, 0.042499642035366055, 0.28, 0.26714285714232, 0.0025964553092095925, 0.3333333333333333, 0.28, 0.001285870193510074, 0.22666666666666666, 0.22999999999999715, 0.0165686355466282, 0.26666666666666666, 0.6185714285691428, 0.0016710137868781653, 0.31333333333333335, 0.14285714285633141, 0.0024380051589110016, 0.3333333333333333, 0.24857142857142858, 0.01826460519761248, 0.0, 0.0, 0.0, 0.0, 0.0, 0.0, 0.0, 0.0, 0.0, 0.0, 0.0, 0.0, 0.0, 0.0, 0.0, 0.0, 0.0, 0.0, 0.0, 0.0, 0.0, 0.0, 0.0, 0.0, 0.0, 0.0, 0.0, 0.0, 0.0, 0.0, 0.0, 0.0, 0.0, 0.0, 0.0, 0.0, 0.0, 0.0, 0.0, 0.0, 0.0, 0.0, 0.0, 0.0, 0.0, 0.0, 0.0, 0.0, 0.0, 0.0, 0.0, 0.0, 0.0, 0.0, 0.0, 0.0, 0.0, 0.0, 0.0, 0.0, 0.0, 0.0, 0.0, 0.0, 0.0, 0.0, 0.0, 0.0, 0.0, 0.0, 0.0, 0.0, 0.0, 0.0, 0.0, 0.0, 0.0, 0.0, 0.0, 0.0, 0.0, 0.0, 0.0, 0.0, 0.0, 0.0, 0.0, 0.0, 0.0, 0.0, 0.0, 0.0, 0.0, 0.0, 0.0, 0.0, 0.0, 0.0, 0.0, 0.0, 0.0, 0.0, 0.0, 0.0, 0.0, 0.0, 0.0, 0.0],[0, 0, 0, 0, 0, 0, 0, 0, 0, 0, 0, 0, 0, 0, 0, 0, 0, 0, 0, 0, 0, 0, 0, 0, 0, 0, 0, 0, 0, 0, 0, 0, 0, 0, 0, 0, 0, 0, 0, 0, 0, 0, 0, 0, 0, 0, 0, 0, 0, 0, 0, 0, 0, 0, 0, 0, 0, 0, 0, 0, 0, 0, 0, 0]
[0.0, 0.0, 0.0, 0.0, 0.0, 0.0, 0.0, 0.0, 0.0, 0.0, 0.0, 0.0, 0.0, 0.0, 0.0, 0.0, 0.0, 0.0, 0.0, 0.0, 0.0, 0.0, 0.0, 0.0, 0.0, 0.0, 0.0, 0.0, 0.0, 0.0, 1.0, 0.0, 0.0, 0.0, 0.0, 0.0, 0.0, 0.0, 0.0, 0.0, 0.0, 0.0, 0.0, 0.0, 0.0, 0.0, 0.0, 0.0, 0.0, 0.0, 0.0, 1.0, 1.0, 1.0, 1.0, 1.0, 1.0, 1.0, 1.0, 1.0, 0.0, 0.0, 0.0, 0.0, 1.0, 1.0, 0.0, 0.0, 0.0, 0.0, 1.0, 1.0, 1.0, 1.0, 1.0, 1.0, 1.0, 1.0, 1.0, 1.0, 1.0, 0.0, 1.0, 1.0, 1.0, 1.0, 1.0, 0.0, 0.0, 0.0, 1.0, 1.0, 1.0, 1.0, 1.0, 1.0, 1.0, 1.0, 1.0, 0.0, 0.0, 0.0, 0.0, 0.0, 0.0, 0.0, 1.0, 1.0, 1.0, 1.0, 1.0, 0.0, 0.0, 0.0, 0.0, 1.0, 1.0, 1.0, 1.0, 1.0, 1.0, 1.0, 1.0, 1.0, 1.0, 0.0, 0.0, 0.0, 0.0, 0.0, 0.0, 0.0, 0.0, 0.0, 0.0, 0.0, 0.0, 0.0, 0.0, 0.0, 0.0, 0.0, 0.0, 0.0, 0.0, 1.0, 0.0, 1.0, 0.0, 0.0, 0.18666666666666668, 0.7871428571428, 0.02065639873539357, 0.32, 0.8542857142848, 0.04932790975647819, 0.24666666666666667, 0.5899999999998857, 0.0162896289467644, 0.26666666666666666, 0.5228571428571429, 0.022909483243557033, 0.2866666666666667, 0.95999999999962, 0.011717469252673777, 0.26666666666666666, 0.8799999999994286, 0.006248231983901149, 0.31333333333333335, 0.47714285714262855, 0.0048264204020447, 0.32666666666666666, 0.1799999999994, 0.0022493356154620193, 0.31333333333333335, 0.7971428571420571, 0.003115569118445077, 0.32666666666666666, 0.19428571428525, 0.0032371390868055376, 0.3, 0.9857142857140714, 0.005365081986526127, 0.31333333333333335, 0.6442857142856429, 0.010133253149417069, 0.25333333333333335, 0.7528571428558628, 0.0022746159773719687, 0.28, 0.80571428571384, 0.011746530436334314, 0.29333333333333333, 0.4742857142835429, 0.0014667384877461351, 0.14666666666666667, 0.9099999999997972, 0.03377032831439846, 0.2866666666666667, 0.39999999999934, 0.004882278855274617, 0.20666666666666667, 0.6014285714285571, 0.04751822264364523, 0.29333333333333333, 0.75142857142848, 0.005228569277877371, 0.2866666666666667, 0.9399999999995485, 0.004461860398297855, 0.28, 0.99428571428472, 0.0032212707579531243, 0.2733333333333333, 0.47428571428561145, 0.042499642035366055, 0.28, 0.26714285714232, 0.0025964553092095925, 0.3333333333333333, 0.28, 0.001285870193510074, 0.22666666666666666, 0.22999999999999715, 0.0165686355466282, 0.26666666666666666, 0.6185714285691428, 0.0016710137868781653, 0.02, 0.7242857142857143, 0.44349400551673984, 0.31333333333333335, 0.14285714285633141, 0.0024380051589110016, 0.3333333333333333, 0.24857142857142858, 0.01826460519761248, 0.0, 0.0, 0.0, 0.0, 0.0, 0.0, 0.0, 0.0, 0.0, 0.0, 0.0, 0.0, 0.0, 0.0, 0.0, 0.0, 0.0, 0.0, 0.0, 0.0, 0.0, 0.0, 0.0, 0.0, 0.0, 0.0, 0.0, 0.0, 0.0, 0.0, 0.0, 0.0, 0.0, 0.0, 0.0, 0.0, 0.0, 0.0, 0.0, 0.0, 0.0, 0.0, 0.0, 0.0, 0.0, 0.0, 0.0, 0.0, 0.0, 0.0, 0.0, 0.0, 0.0, 0.0, 0.0, 0.0, 0.0, 0.0, 0.0, 0.0, 0.0, 0.0, 0.0, 0.0, 0.0, 0.0, 0.0, 0.0, 0.0, 0.0, 0.0, 0.0, 0.0, 0.0, 0.0, 0.0, 0.0, 0.0, 0.0, 0.0, 0.0, 0.0, 0.0, 0.0, 0.0, 0.0, 0.0, 0.0, 0.0, 0.0, 0.0, 0.0, 0.0, 0.0, 0.0, 0.0, 0.0, 0.0, 0.0, 0.0, 0.0, 0.0, 0.0, 0.0, 0.0],[1, 0, 0, 0, 0, 0, 0, 0, 0, 0, 0, 0, 0, 0, 0, 1, 0, 0, 0, 0, 0, 0, 0, 0, 0, 0, 1, 0, 0, 0, 0, 0, 0, 0, 0, 0, 0, 0, 0, 0, 0, 0, 0, 0, 0, 0, 0, 0, 0, 0, 0, 0, 0, 0, 0, 0, 0, 0, 0, 0, 0, 0, 0, 0]
[0.0, 0.0, 0.0, 0.0, 0.0, 0.0, 0.0, 0.0, 0.0, 0.0, 0.0, 0.0, 0.0, 0.0, 0.0, 0.0, 0.0, 0.0, 0.0, 0.0, 0.0, 0.0, 0.0, 0.0, 0.0, 0.0, 0.0, 0.0, 0.0, 0.0, 0.0, 0.0, 0.0, 0.0, 0.0, 0.0, 0.0, 0.0, 0.0, 0.0, 0.0, 0.0, 0.0, 0.0, 0.0, 0.0, 0.0, 0.0, 0.0, 0.0, 0.0, 0.0, 0.0, 0.0, 0.0, 0.0, 0.0, 0.0, 0.0, 0.0, 0.0, 0.0, 0.0, 0.0, 0.0, 0.0, 0.0, 0.0, 0.0, 0.0, 0.0, 0.0, 0.0, 0.0, 0.0, 0.0, 0.0, 0.0, 0.0, 0.0, 0.0, 0.0, 0.0, 0.0, 0.0, 0.0, 0.0, 0.0, 0.0, 0.0, 0.0, 0.0, 0.0, 0.0, 0.0, 0.0, 0.0, 0.0, 0.0, 0.0, 0.0, 0.0, 0.0, 0.0, 0.0, 0.0, 0.0, 0.0, 0.0, 0.0, 0.0, 0.0, 0.0, 0.0, 0.0, 0.0, 0.0, 0.0, 0.0, 0.0, 0.0, 0.0, 0.0, 0.0, 0.0, 0.0, 0.0, 0.0, 0.0, 0.0, 0.0, 0.0, 0.0, 0.0, 0.0, 0.0, 0.0, 0.0, 0.0, 0.0, 0.0, 0.0, 0.0, 0.0, 0.0, 0.0, 0.0, 1.0, 0.0, 0.0, 0.32, 0.8542857142848, 0.04932790975647819, 0.24666666666666667, 0.5899999999998857, 0.0162896289467644, 0.26666666666666666, 0.5228571428571429, 0.022909483243557033, 0.2866666666666667, 0.95999999999962, 0.011717469252673777, 0.26666666666666666, 0.8799999999994286, 0.006248231983901149, 0.31333333333333335, 0.47714285714262855, 0.0048264204020447, 0.32666666666666666, 0.1799999999994, 0.0022493356154620193, 0.31333333333333335, 0.7971428571420571, 0.003115569118445077, 0.32666666666666666, 0.19428571428525, 0.0032371390868055376, 0.3, 0.9857142857140714, 0.005365081986526127, 0.31333333333333335, 0.6442857142856429, 0.010133253149417069, 0.25333333333333335, 0.7528571428558628, 0.0022746159773719687, 0.28, 0.80571428571384, 0.011746530436334314, 0.29333333333333333, 0.4742857142835429, 0.0014667384877461351, 0.2866666666666667, 0.39999999999934, 0.004882278855274617, 0.20666666666666667, 0.6014285714285571, 0.04751822264364523, 0.29333333333333333, 0.75142857142848, 0.005228569277877371, 0.2866666666666667, 0.9399999999995485, 0.004461860398297855, 0.28, 0.99428571428472, 0.0032212707579531243, 0.2733333333333333, 0.47428571428561145, 0.042499642035366055, 0.28, 0.26714285714232, 0.0025964553092095925, 0.3333333333333333, 0.28, 0.001285870193510074, 0.22666666666666666, 0.22999999999999715, 0.0165686355466282, 0.26666666666666666, 0.6185714285691428, 0.0016710137868781653, 0.31333333333333335, 0.14285714285633141, 0.0024380051589110016, 0.3333333333333333, 0.24857142857142858, 0.01826460519761248, 0.0, 0.0, 0.0, 0.0, 0.0, 0.0, 0.0, 0.0, 0.0, 0.0, 0.0, 0.0, 0.0, 0.0, 0.0, 0.0, 0.0, 0.0, 0.0, 0.0, 0.0, 0.0, 0.0, 0.0, 0.0, 0.0, 0.0, 0.0, 0.0, 0.0, 0.0, 0.0, 0.0, 0.0, 0.0, 0.0, 0.0, 0.0, 0.0, 0.0, 0.0, 0.0, 0.0, 0.0, 0.0, 0.0, 0.0, 0.0, 0.0, 0.0, 0.0, 0.0, 0.0, 0.0, 0.0, 0.0, 0.0, 0.0, 0.0, 0.0, 0.0, 0.0, 0.0, 0.0, 0.0, 0.0, 0.0, 0.0, 0.0, 0.0, 0.0, 0.0, 0.0, 0.0, 0.0, 0.0, 0.0, 0.0, 0.0, 0.0, 0.0, 0.0, 0.0, 0.0, 0.0, 0.0, 0.0, 0.0, 0.0, 0.0, 0.0, 0.0, 0.0, 0.0, 0.0, 0.0, 0.0, 0.0, 0.0, 0.0, 0.0, 0.0, 0.0, 0.0, 0.0, 0.0, 0.0, 0.0, 0.0, 0.0, 0.0, 0.0, 0.0, 0.0],[0, 0, 0, 0, 0, 0, 0, 0, 0, 0, 0, 0, 0, 0, 0, 0, 0, 0, 0, 0, 0, 0, 0, 0, 0, 0, 0, 0, 0, 0, 0, 0, 0, 0, 0, 0, 0, 0, 0, 0, 0, 0, 0, 0, 0, 0, 0, 0, 0, 0, 0, 0, 0, 0, 0, 0, 0, 0, 0, 0, 0, 0, 0, 0]
[0.0, 0.0, 0.0, 1.0, 1.0, 1.0, 1.0, 1.0, 1.0, 1.0, 1.0, 1.0, 1.0, 1.0, 1.0, 1.0, 1.0, 1.0, 1.0, 1.0, 1.0, 1.0, 0.0, 0.0, 1.0, 1.0, 1.0, 1.0, 0.0, 0.0, 0.0, 1.0, 0.0, 0.0, 0.0, 0.0, 0.0, 0.0, 0.0, 0.0, 0.0, 0.0, 0.0, 0.0, 0.0, 0.0, 0.0, 0.0, 0.0, 0.0, 0.0, 0.0, 0.0, 0.0, 0.0, 0.0, 0.0, 0.0, 0.0, 0.0, 0.0, 0.0, 0.0, 0.0, 0.0, 0.0, 1.0, 1.0, 1.0, 1.0, 0.0, 0.0, 0.0, 0.0, 0.0, 0.0, 0.0, 0.0, 0.0, 0.0, 0.0, 1.0, 0.0, 0.0, 0.0, 0.0, 0.0, 1.0, 1.0, 1.0, 0.0, 0.0, 0.0, 0.0, 0.0, 0.0, 0.0, 0.0, 0.0, 1.0, 1.0, 1.0, 1.0, 1.0, 1.0, 1.0, 0.0, 0.0, 0.0, 0.0, 0.0, 0.0, 0.0, 0.0, 0.0, 0.0, 0.0, 0.0, 0.0, 0.0, 0.0, 0.0, 0.0, 0.0, 0.0, 0.0, 0.0, 0.0, 0.0, 0.0, 0.0, 0.0, 0.0, 0.0, 0.0, 0.0, 0.0, 0.0, 0.0, 0.0, 0.0, 0.0, 0.0, 0.0, 0.0, 0.0, 0.0, 1.0, 0.0, 0.0, 0.32, 0.8542857142848, 0.04932790975647819, 0.24666666666666667, 0.5899999999998857, 0.0162896289467644, 0.26666666666666666, 0.5228571428571429, 0.022909483243557033, 0.2866666666666667, 0.95999999999962, 0.011717469252673777, 0.26666666666666666, 0.8799999999994286, 0.006248231983901149, 0.31333333333333335, 0.47714285714262855, 0.0048264204020447, 0.32666666666666666, 0.1799999999994, 0.0022493356154620193, 0.31333333333333335, 0.7971428571420571, 0.003115569118445077, 0.32666666666666666, 0.19428571428525, 0.0032371390868055376, 0.3, 0.9857142857140714, 0.005365081986526127, 0.31333333333333335, 0.6442857142856429, 0.010133253149417069, 0.25333333333333335, 0.7528571428558628, 0.0022746159773719687, 0.28, 0.80571428571384, 0.011746530436334314, 0.29333333333333333, 0.4742857142835429, 0.0014667384877461351, 0.2866666666666667, 0.39999999999934, 0.004882278855274617, 0.20666666666666667, 0.6014285714285571, 0.04751822264364523, 0.29333333333333333, 0.75142857142848, 0.005228569277877371, 0.2866666666666667, 0.9399999999995485, 0.004461860398297855, 0.28, 0.99428571428472, 0.0032212707579531243, 0.2733333333333333, 0.47428571428561145, 0.042499642035366055, 0.28, 0.26714285714232, 0.0025964553092095925, 0.3333333333333333, 0.28, 0.001285870193510074, 0.22666666666666666, 0.22999999999999715, 0.0165686355466282, 0.26666666666666666, 0.6185714285691428, 0.0016710137868781653, 0.31333333333333335, 0.14285714285633141, 0.0024380051589110016, 0.3333333333333333, 0.24857142857142858, 0.01826460519761248, 0.2733333333333333, 0.181428571428, 0.0005419131062726566, 0.0, 0.0, 0.0, 0.0, 0.0, 0.0, 0.0, 0.0, 0.0, 0.0, 0.0, 0.0, 0.0, 0.0, 0.0, 0.0, 0.0, 0.0, 0.0, 0.0, 0.0, 0.0, 0.0, 0.0, 0.0, 0.0, 0.0, 0.0, 0.0, 0.0, 0.0, 0.0, 0.0, 0.0, 0.0, 0.0, 0.0, 0.0, 0.0, 0.0, 0.0, 0.0, 0.0, 0.0, 0.0, 0.0, 0.0, 0.0, 0.0, 0.0, 0.0, 0.0, 0.0, 0.0, 0.0, 0.0, 0.0, 0.0, 0.0, 0.0, 0.0, 0.0, 0.0, 0.0, 0.0, 0.0, 0.0, 0.0, 0.0, 0.0, 0.0, 0.0, 0.0, 0.0, 0.0, 0.0, 0.0, 0.0, 0.0, 0.0, 0.0, 0.0, 0.0, 0.0, 0.0, 0.0, 0.0, 0.0, 0.0, 0.0, 0.0, 0.0, 0.0, 0.0, 0.0, 0.0, 0.0, 0.0, 0.0, 0.0, 0.0, 0.0, 0.0, 0.0, 0.0, 0.0, 0.0, 0.0, 0.0, 0.0, 0.0],[0, 1, 0, 0, 0, 0, 0, 0, 0, 0, 0, 0, 0, 0, 0, 0, 0, 0, 0, 0, 0, 0, 0, 0, 0, 0, 0, 0, 0, 0, 0, 0, 0, 0, 0, 0, 0, 0, 0, 0, 0, 0, 0, 0, 0, 0, 0, 0, 0, 0, 0, 0, 0, 0, 0, 0, 0, 0, 0, 0, 0, 0, 0, 0]
[0.0, 0.0, 0.0, 0.0, 0.0, 0.0, 0.0, 0.0, 0.0, 0.0, 0.0, 0.0, 0.0, 0.0, 0.0, 0.0, 0.0, 0.0, 0.0, 0.0, 0.0, 0.0, 0.0, 0.0, 0.0, 0.0, 0.0, 0.0, 0.0, 0.0, 0.0, 0.0, 0.0, 0.0, 0.0, 0.0, 0.0, 0.0, 0.0, 0.0, 0.0, 0.0, 0.0, 0.0, 0.0, 0.0, 0.0, 0.0, 0.0, 0.0, 0.0, 0.0, 0.0, 0.0, 0.0, 0.0, 0.0, 0.0, 0.0, 0.0, 0.0, 0.0, 0.0, 0.0, 0.0, 0.0, 0.0, 0.0, 0.0, 0.0, 0.0, 0.0, 0.0, 0.0, 0.0, 0.0, 0.0, 0.0, 0.0, 0.0, 0.0, 0.0, 0.0, 0.0, 0.0, 0.0, 0.0, 0.0, 0.0, 0.0, 0.0, 0.0, 0.0, 0.0, 0.0, 0.0, 0.0, 0.0, 0.0, 0.0, 0.0, 0.0, 0.0, 0.0, 1.0, 1.0, 0.0, 0.0, 0.0, 0.0, 0.0, 0.0, 0.0, 0.0, 0.0, 0.0, 0.0, 0.0, 0.0, 0.0, 0.0, 0.0, 0.0, 0.0, 0.0, 0.0, 0.0, 0.0, 0.0, 0.0, 0.0, 0.0, 0.0, 0.0, 0.0, 0.0, 0.0, 0.0, 0.0, 0.0, 0.0, 0.0, 0.0, 0.0, 0.0, 0.0, 0.0, 1.0, 0.0, 0.0, 0.32, 0.8542857142848, 0.04932790975647819, 0.26666666666666666, 0.5228571428571429, 0.022909483243557033, 0.2866666666666667, 0.95999999999962, 0.011717469252673777, 0.26666666666666666, 0.8799999999994286, 0.006248231983901149, 0.31333333333333335, 0.47714285714262855, 0.0048264204020447, 0.32666666666666666, 0.1799999999994, 0.0022493356154620193, 0.31333333333333335, 0.7971428571420571, 0.003115569118445077, 0.32666666666666666, 0.19428571428525, 0.0032371390868055376, 0.3, 0.9857142857140714, 0.005365081986526127, 0.31333333333333335, 0.6442857142856429, 0.010133253149417069, 0.25333333333333335, 0.7528571428558628, 0.0022746159773719687, 0.28, 0.80571428571384, 0.011746530436334314, 0.29333333333333333, 0.4742857142835429, 0.0014667384877461351, 0.2866666666666667, 0.39999999999934, 0.004882278855274617, 0.20666666666666667, 0.6014285714285571, 0.04751822264364523, 0.29333333333333333, 0.75142857142848, 0.005228569277877371, 0.2866666666666667, 0.9399999999995485, 0.004461860398297855, 0.28, 0.99428571428472, 0.0032212707579531243, 0.2733333333333333, 0.47428571428561145, 0.042499642035366055, 0.28, 0.26714285714232, 0.0025964553092095925, 0.3333333333333333, 0.28, 0.001285870193510074, 0.22666666666666666, 0.22999999999999715, 0.0165686355466282, 0.26666666666666666, 0.6185714285691428, 0.0016710137868781653, 0.31333333333333335, 0.14285714285633141, 0.0024380051589110016, 0.3333333333333333, 0.24857142857142858, 0.01826460519761248, 0.2733333333333333, 0.181428571428, 0.0005419131062726566, 0.0, 0.0, 0.0, 0.0, 0.0, 0.0, 0.0, 0.0, 0.0, 0.0, 0.0, 0.0, 0.0, 0.0, 0.0, 0.0, 0.0, 0.0, 0.0, 0.0, 0.0, 0.0, 0.0, 0.0, 0.0, 0.0, 0.0, 0.0, 0.0, 0.0, 0.0, 0.0, 0.0, 0.0, 0.0, 0.0, 0.0, 0.0, 0.0, 0.0, 0.0, 0.0, 0.0, 0.0, 0.0, 0.0, 0.0, 0.0, 0.0, 0.0, 0.0, 0.0, 0.0, 0.0, 0.0, 0.0, 0.0, 0.0, 0.0, 0.0, 0.0, 0.0, 0.0, 0.0, 0.0, 0.0, 0.0, 0.0, 0.0, 0.0, 0.0, 0.0, 0.0, 0.0, 0.0, 0.0, 0.0, 0.0, 0.0, 0.0, 0.0, 0.0, 0.0, 0.0, 0.0, 0.0, 0.0, 0.0, 0.0, 0.0, 0.0, 0.0, 0.0, 0.0, 0.0, 0.0, 0.0, 0.0, 0.0, 0.0, 0.0, 0.0, 0.0, 0.0, 0.0, 0.0, 0.0, 0.0, 0.0, 0.0, 0.0, 0.0, 0.0, 0.0],[0, 0, 0, 0, 0, 0, 0, 0, 0, 0, 0, 0, 0, 0, 0, 0, 0, 0, 0, 0, 0, 0, 0, 0, 0, 0, 0, 0, 0, 0, 0, 0, 0, 0, 0, 0, 0, 0, 0, 0, 0, 0, 0, 0, 0, 0, 0, 0, 0, 0, 0, 0, 0, 0, 0, 0, 0, 0, 0, 0, 0, 0, 0, 0]
[0.0, 0.0, 0.0, 1.0, 1.0, 1.0, 1.0, 1.0, 1.0, 1.0, 1.0, 1.0, 1.0, 1.0, 1.0, 1.0, 1.0, 1.0, 1.0, 1.0, 1.0, 1.0, 0.0, 0.0, 1.0, 1.0, 1.0, 1.0, 0.0, 0.0, 0.0, 1.0, 0.0, 0.0, 0.0, 0.0, 0.0, 0.0, 0.0, 0.0, 0.0, 0.0, 0.0, 0.0, 0.0, 0.0, 0.0, 0.0, 0.0, 0.0, 0.0, 0.0, 0.0, 0.0, 0.0, 0.0, 0.0, 0.0, 0.0, 0.0, 0.0, 0.0, 0.0, 0.0, 0.0, 0.0, 1.0, 1.0, 1.0, 1.0, 0.0, 0.0, 0.0, 0.0, 0.0, 0.0, 0.0, 0.0, 0.0, 0.0, 0.0, 1.0, 0.0, 0.0, 0.0, 0.0, 0.0, 1.0, 1.0, 1.0, 0.0, 0.0, 0.0, 0.0, 0.0, 0.0, 0.0, 0.0, 0.0, 1.0, 1.0, 1.0, 1.0, 1.0, 1.0, 1.0, 0.0, 0.0, 0.0, 0.0, 0.0, 0.0, 0.0, 0.0, 0.0, 0.0, 0.0, 0.0, 0.0, 0.0, 0.0, 0.0, 0.0, 0.0, 0.0, 0.0, 0.0, 0.0, 0.0, 0.0, 0.0, 0.0, 0.0, 0.0, 0.0, 0.0, 0.0, 0.0, 0.0, 0.0, 0.0, 0.0, 0.0, 0.0, 0.0, 0.0, 0.0, 1.0, 0.0, 0.0, 0.32, 0.8542857142848, 0.04932790975647819, 0.26666666666666666, 0.5228571428571429, 0.022909483243557033, 0.08666666666666667, 0.21714285714264, 0.008218085450926565, 0.2866666666666667, 0.95999999999962, 0.011717469252673777, 0.26666666666666666, 0.8799999999994286, 0.006248231983901149, 0.31333333333333335, 0.47714285714262855, 0.0048264204020447, 0.32666666666666666, 0.1799999999994, 0.0022493356154620193, 0.31333333333333335, 0.7971428571420571, 0.003115569118445077, 0.32666666666666666, 0.19428571428525, 0.0032371390868055376, 0.3, 0.9857142857140714, 0.005365081986526127, 0.31333333333333335, 0.6442857142856429, 0.010133253149417069, 0.25333333333333335, 0.7528571428558628, 0.0022746159773719687, 0.28, 0.80571428571384, 0.011746530436334314, 0.29333333333333333, 0.4742857142835429, 0.0014667384877461351, 0.2866666666666667, 0.39999999999934, 0.004882278855274617, 0.20666666666666667, 0.6014285714285571, 0.04751822264364523, 0.29333333333333333, 0.75142857142848, 0.005228569277877371, 0.2866666666666667, 0.9399999999995485, 0.004461860398297855, 0.28, 0.99428571428472, 0.0032212707579531243, 0.2733333333333333, 0.47428571428561145, 0.042499642035366055, 0.28, 0.26714285714232, 0.0025964553092095925, 0.3333333333333333, 0.28, 0.001285870193510074, 0.22666666666666666, 0.22999999999999715, 0.0165686355466282, 0.26666666666666666, 0.6185714285691428, 0.0016710137868781653, 0.31333333333333335, 0.14285714285633141, 0.0024380051589110016, 0.3333333333333333, 0.24857142857142858, 0.01826460519761248, 0.2733333333333333, 0.181428571428, 0.0005419131062726566, 0.0, 0.0, 0.0, 0.0, 0.0, 0.0, 0.0, 0.0, 0.0, 0.0, 0.0, 0.0, 0.0, 0.0, 0.0, 0.0, 0.0, 0.0, 0.0, 0.0, 0.0, 0.0, 0.0, 0.0, 0.0, 0.0, 0.0, 0.0, 0.0, 0.0, 0.0, 0.0, 0.0, 0.0, 0.0, 0.0, 0.0, 0.0, 0.0, 0.0, 0.0, 0.0, 0.0, 0.0, 0.0, 0.0, 0.0, 0.0, 0.0, 0.0, 0.0, 0.0, 0.0, 0.0, 0.0, 0.0, 0.0, 0.0, 0.0, 0.0, 0.0, 0.0, 0.0, 0.0, 0.0, 0.0, 0.0, 0.0, 0.0, 0.0, 0.0, 0.0, 0.0, 0.0, 0.0, 0.0, 0.0, 0.0, 0.0, 0.0, 0.0, 0.0, 0.0, 0.0, 0.0, 0.0, 0.0, 0.0, 0.0, 0.0, 0.0, 0.0, 0.0, 0.0, 0.0, 0.0, 0.0, 0.0, 0.0, 0.0, 0.0, 0.0, 0.0, 0.0, 0.0, 0.0, 0.0, 0.0, 0.0, 0.0, 0.0],[0, 1, 0, 0, 0, 0, 0, 0, 0, 0, 0, 0, 0, 0, 0, 0, 0, 0, 0, 0, 0, 0, 0, 0, 0, 0, 0, 0, 0, 0, 0, 0, 0, 0, 0, 0, 0, 0, 0, 0, 0, 0, 0, 0, 0, 0, 0, 0, 0, 0, 0, 0, 0, 0, 0, 0, 0, 0, 0, 0, 0, 0, 0, 0]
[0.0, 0.0, 0.0, 0.0, 0.0, 0.0, 0.0, 0.0, 0.0, 0.0, 0.0, 0.0, 0.0, 0.0, 0.0, 0.0, 0.0, 0.0, 0.0, 0.0, 0.0, 0.0, 0.0, 0.0, 0.0, 0.0, 0.0, 0.0, 0.0, 0.0, 0.0, 0.0, 0.0, 0.0, 0.0, 0.0, 0.0, 0.0, 0.0, 0.0, 0.0, 0.0, 0.0, 0.0, 0.0, 0.0, 0.0, 0.0, 0.0, 0.0, 0.0, 0.0, 0.0, 0.0, 0.0, 0.0, 0.0, 0.0, 0.0, 0.0, 0.0, 0.0, 0.0, 0.0, 0.0, 0.0, 0.0, 0.0, 0.0, 0.0, 0.0, 0.0, 0.0, 0.0, 0.0, 0.0, 0.0, 0.0, 0.0, 0.0, 0.0, 0.0, 0.0, 0.0, 0.0, 0.0, 0.0, 0.0, 0.0, 0.0, 0.0, 0.0, 0.0, 0.0, 0.0, 0.0, 0.0, 0.0, 0.0, 0.0, 0.0, 0.0, 0.0, 0.0, 0.0, 0.0, 0.0, 0.0, 0.0, 0.0, 0.0, 0.0, 0.0, 0.0, 0.0, 0.0, 0.0, 0.0, 0.0, 0.0, 0.0, 0.0, 0.0, 0.0, 0.0, 0.0, 0.0, 0.0, 0.0, 0.0, 0.0, 0.0, 0.0, 0.0, 0.0, 0.0, 0.0, 0.0, 0.0, 0.0, 0.0, 0.0, 0.0, 0.0, 0.0, 0.0, 0.0, 0.0, 0.0, 0.0, 0.32, 0.8542857142848, 0.04932790975647819, 0.08666666666666667, 0.21714285714264, 0.008218085450926565, 0.2866666666666667, 0.95999999999962, 0.011717469252673777, 0.26666666666666666, 0.8799999999994286, 0.006248231983901149, 0.31333333333333335, 0.47714285714262855, 0.0048264204020447, 0.32666666666666666, 0.1799999999994, 0.0022493356154620193, 0.31333333333333335, 0.7971428571420571, 0.003115569118445077, 0.32666666666666666, 0.19428571428525, 0.0032371390868055376, 0.3, 0.9857142857140714, 0.005365081986526127, 0.31333333333333335, 0.6442857142856429, 0.010133253149417069, 0.25333333333333335, 0.7528571428558628, 0.0022746159773719687, 0.28, 0.80571428571384, 0.011746530436334314, 0.29333333333333333, 0.4742857142835429, 0.0014667384877461351, 0.2866666666666667, 0.39999999999934, 0.004882278855274617, 0.20666666666666667, 0.6014285714285571, 0.04751822264364523, 0.29333333333333333, 0.75142857142848, 0.005228569277877371, 0.2866666666666667, 0.9399999999995485, 0.004461860398297855, 0.28, 0.99428571428472, 0.0032212707579531243, 0.2733333333333333, 0.47428571428561145, 0.042499642035366055, 0.28, 0.26714285714232, 0.0025964553092095925, 0.3333333333333333, 0.28, 0.001285870193510074, 0.22666666666666666, 0.22999999999999715, 0.0165686355466282, 0.26666666666666666, 0.6185714285691428, 0.0016710137868781653, 0.31333333333333335, 0.14285714285633141, 0.0024380051589110016, 0.3333333333333333, 0.24857142857142858, 0.01826460519761248, 0.2733333333333333, 0.181428571428, 0.0005419131062726566, 0.0, 0.0, 0.0, 0.0, 0.0, 0.0, 0.0, 0.0, 0.0, 0.0, 0.0, 0.0, 0.0, 0.0, 0.0, 0.0, 0.0, 0.0, 0.0, 0.0, 0.0, 0.0, 0.0, 0.0, 0.0, 0.0, 0.0, 0.0, 0.0, 0.0, 0.0, 0.0, 0.0, 0.0, 0.0, 0.0, 0.0, 0.0, 0.0, 0.0, 0.0, 0.0, 0.0, 0.0, 0.0, 0.0, 0.0, 0.0, 0.0, 0.0, 0.0, 0.0, 0.0, 0.0, 0.0, 0.0, 0.0, 0.0, 0.0, 0.0, 0.0, 0.0, 0.0, 0.0, 0.0, 0.0, 0.0, 0.0, 0.0, 0.0, 0.0, 0.0, 0.0, 0.0, 0.0, 0.0, 0.0, 0.0, 0.0, 0.0, 0.0, 0.0, 0.0, 0.0, 0.0, 0.0, 0.0, 0.0, 0.0, 0.0, 0.0, 0.0, 0.0, 0.0, 0.0, 0.0, 0.0, 0.0, 0.0, 0.0, 0.0, 0.0, 0.0, 0.0, 0.0, 0.0, 0.0, 0.0, 0.0, 0.0, 0.0, 0.0, 0.0, 0.0],[0, 0, 0, 0, 0, 0, 0, 0, 0, 0, 0, 0, 0, 0, 0, 0, 0, 0, 0, 0, 0, 0, 0, 0, 0, 0, 0, 0, 0, 0, 0, 0, 0, 0, 0, 0, 0, 0, 0, 0, 0, 0, 0, 0, 0, 0, 0, 0, 0, 0, 0, 0, 0, 0, 0, 0, 0, 0, 0, 0, 0, 0, 0, 0]
[0.0, 0.0, 0.0, 0.0, 0.0, 0.0, 0.0, 0.0, 0.0, 0.0, 0.0, 0.0, 0.0, 0.0, 0.0, 0.0, 0.0, 0.0, 0.0, 0.0, 0.0, 0.0, 0.0, 0.0, 0.0, 0.0, 0.0, 0.0, 0.0, 0.0, 1.0, 0.0, 0.0, 0.0, 0.0, 0.0, 0.0, 0.0, 0.0, 0.0, 0.0, 0.0, 0.0, 0.0, 0.0, 0.0, 0.0, 0.0, 0.0, 0.0, 0.0, 1.0, 1.0, 1.0, 1.0, 1.0, 1.0, 1.0, 1.0, 1.0, 0.0, 0.0, 0.0, 0.0, 1.0, 1.0, 0.0, 0.0, 0.0, 0.0, 1.0, 1.0, 1.0, 1.0, 1.0, 1.0, 1.0, 1.0, 1.0, 1.0, 1.0, 0.0, 1.0, 1.0, 1.0, 1.0, 1.0, 0.0, 0.0, 0.0, 0.0, 0.0, 0.0, 0.0, 0.0, 0.0, 0.0, 0.0, 0.0, 0.0, 0.0, 0.0, 0.0, 0.0, 0.0, 0.0, 0.0, 0.0, 0.0, 0.0, 0.0, 0.0, 0.0, 0.0, 0.0, 0.0, 0.0, 0.0, 0.0, 0.0, 0.0, 0.0, 0.0, 0.0, 0.0, 0.0, 0.0, 0.0, 0.0, 0.0, 0.0, 0.0, 0.0, 0.0, 0.0, 0.0, 0.0, 0.0, 0.0, 0.0, 0.0, 0.0, 0.0, 0.0, 0.0, 0.0, 0.0, 0.0, 0.0, 0.0, 0.32, 0.8542857142848, 0.04932790975647819, 0.08666666666666667, 0.21714285714264, 0.008218085450926565, 0.2866666666666667, 0.95999999999962, 0.011717469252673777, 0.26666666666666666, 0.8799999999994286, 0.006248231983901149, 0.31333333333333335, 0.47714285714262855, 0.0048264204020447, 0.32666666666666666, 0.1799999999994, 0.0022493356154620193, 0.31333333333333335, 0.7971428571420571, 0.003115569118445077, 0.32666666666666666, 0.19428571428525, 0.0032371390868055376, 0.3, 0.9857142857140714, 0.005365081986526127, 0.31333333333333335, 0.6442857142856429, 0.010133253149417069, 0.25333333333333335, 0.7528571428558628, 0.0022746159773719687, 0.28, 0.80571428571384, 0.011746530436334314, 0.29333333333333333, 0.4742857142835429, 0.0014667384877461351, 0.2866666666666667, 0.39999999999934, 0.004882278855274617, 0.20666666666666667, 0.6014285714285571, 0.04751822264364523, 0.29333333333333333, 0.75142857142848, 0.005228569277877371, 0.2866666666666667, 0.9399999999995485, 0.004461860398297855, 0.28, 0.99428571428472, 0.0032212707579531243, 0.2733333333333333, 0.47428571428561145, 0.042499642035366055, 0.28, 0.26714285714232, 0.0025964553092095925, 0.3333333333333333, 0.28, 0.001285870193510074, 0.22666666666666666, 0.22999999999999715, 0.0165686355466282, 0.26666666666666666, 0.6185714285691428, 0.0016710137868781653, 0.31333333333333335, 0.14285714285633141, 0.0024380051589110016, 0.3333333333333333, 0.24857142857142858, 0.01826460519761248, 0.2733333333333333, 0.181428571428, 0.0005419131062726566, 0.0, 0.0, 0.0, 0.0, 0.0, 0.0, 0.0, 0.0, 0.0, 0.0, 0.0, 0.0, 0.0, 0.0, 0.0, 0.0, 0.0, 0.0, 0.0, 0.0, 0.0, 0.0, 0.0, 0.0, 0.0, 0.0, 0.0, 0.0, 0.0, 0.0, 0.0, 0.0, 0.0, 0.0, 0.0, 0.0, 0.0, 0.0, 0.0, 0.0, 0.0, 0.0, 0.0, 0.0, 0.0, 0.0, 0.0, 0.0, 0.0, 0.0, 0.0, 0.0, 0.0, 0.0, 0.0, 0.0, 0.0, 0.0, 0.0, 0.0, 0.0, 0.0, 0.0, 0.0, 0.0, 0.0, 0.0, 0.0, 0.0, 0.0, 0.0, 0.0, 0.0, 0.0, 0.0, 0.0, 0.0, 0.0, 0.0, 0.0, 0.0, 0.0, 0.0, 0.0, 0.0, 0.0, 0.0, 0.0, 0.0, 0.0, 0.0, 0.0, 0.0, 0.0, 0.0, 0.0, 0.0, 0.0, 0.0, 0.0, 0.0, 0.0, 0.0, 0.0, 0.0, 0.0, 0.0, 0.0, 0.0, 0.0, 0.0, 0.0, 0.0, 0.0],[0, 1, 0, 0, 0, 0, 0, 0, 0, 0, 0, 0, 0, 0, 0, 0, 0, 0, 0, 0, 0, 0, 0, 0, 0, 0, 0, 0, 0, 0, 0, 0, 0, 0, 0, 0, 0, 0, 0, 0, 0, 0, 0, 0, 0, 0, 0, 0, 0, 0, 0, 0, 0, 0, 0, 0, 0, 0, 0, 0, 0, 0, 0, 0]
[0.0, 0.0, 0.0, 0.0, 0.0, 0.0, 0.0, 0.0, 0.0, 0.0, 0.0, 0.0, 0.0, 0.0, 0.0, 0.0, 0.0, 0.0, 0.0, 0.0, 0.0, 0.0, 0.0, 0.0, 0.0, 0.0, 0.0, 0.0, 0.0, 0.0, 0.0, 0.0, 0.0, 0.0, 0.0, 0.0, 0.0, 0.0, 0.0, 0.0, 0.0, 0.0, 0.0, 0.0, 0.0, 0.0, 0.0, 0.0, 0.0, 0.0, 0.0, 0.0, 0.0, 0.0, 0.0, 0.0, 0.0, 0.0, 0.0, 0.0, 0.0, 0.0, 0.0, 0.0, 0.0, 0.0, 0.0, 0.0, 0.0, 0.0, 0.0, 1.0, 1.0, 1.0, 1.0, 1.0, 1.0, 1.0, 1.0, 1.0, 1.0, 0.0, 1.0, 1.0, 1.0, 1.0, 1.0, 0.0, 0.0, 0.0, 0.0, 0.0, 0.0, 0.0, 0.0, 0.0, 0.0, 0.0, 0.0, 0.0, 0.0, 0.0, 0.0, 0.0, 0.0, 0.0, 0.0, 0.0, 0.0, 0.0, 0.0, 0.0, 0.0, 0.0, 0.0, 0.0, 0.0, 0.0, 0.0, 0.0, 0.0, 0.0, 0.0, 0.0, 0.0, 0.0, 0.0, 0.0, 0.0, 0.0, 0.0, 0.0, 0.0, 0.0, 0.0, 0.0, 0.0, 0.0, 0.0, 0.0, 0.0, 0.0, 0.0, 0.0, 0.0, 0.0, 0.0, 0.0, 0.0, 0.0, 0.32, 0.8542857142848, 0.04932790975647819, 0.2866666666666667, 0.95999999999962, 0.011717469252673777, 0.26666666666666666, 0.8799999999994286, 0.006248231983901149, 0.31333333333333335, 0.47714285714262855, 0.0048264204020447, 0.32666666666666666, 0.1799999999994, 0.0022493356154620193, 0.31333333333333335, 0.7971428571420571, 0.003115569118445077, 0.32666666666666666, 0.19428571428525, 0.0032371390868055376, 0.3, 0.9857142857140714, 0.005365081986526127, 0.31333333333333335, 0.6442857142856429, 0.010133253149417069, 0.25333333333333335, 0.7528571428558628, 0.0022746159773719687, 0.28, 0.80571428571384, 0.011746530436334314, 0.29333333333333333, 0.4742857142835429, 0.0014667384877461351, 0.2866666666666667, 0.39999999999934, 0.004882278855274617, 0.20666666666666667, 0.6014285714285571, 0.04751822264364523, 0.29333333333333333, 0.75142857142848, 0.005228569277877371, 0.2866666666666667, 0.9399999999995485, 0.004461860398297855, 0.28, 0.99428571428472, 0.0032212707579531243, 0.2733333333333333, 0.47428571428561145, 0.042499642035366055, 0.28, 0.26714285714232, 0.0025964553092095925, 0.3333333333333333, 0.28, 0.001285870193510074, 0.22666666666666666, 0.22999999999999715, 0.0165686355466282, 0.26666666666666666, 0.6185714285691428, 0.0016710137868781653, 0.31333333333333335, 0.14285714285633141, 0.0024380051589110016, 0.3333333333333333, 0.24857142857142858, 0.01826460519761248, 0.2733333333333333, 0.181428571428, 0.0005419131062726566, 0.0, 0.0, 0.0, 0.0, 0.0, 0.0, 0.0, 0.0, 0.0, 0.0, 0.0, 0.0, 0.0, 0.0, 0.0, 0.0, 0.0, 0.0, 0.0, 0.0, 0.0, 0.0, 0.0, 0.0, 0.0, 0.0, 0.0, 0.0, 0.0, 0.0, 0.0, 0.0, 0.0, 0.0, 0.0, 0.0, 0.0, 0.0, 0.0, 0.0, 0.0, 0.0, 0.0, 0.0, 0.0, 0.0, 0.0, 0.0, 0.0, 0.0, 0.0, 0.0, 0.0, 0.0, 0.0, 0.0, 0.0, 0.0, 0.0, 0.0, 0.0, 0.0, 0.0, 0.0, 0.0, 0.0, 0.0, 0.0, 0.0, 0.0, 0.0, 0.0, 0.0, 0.0, 0.0, 0.0, 0.0, 0.0, 0.0, 0.0, 0.0, 0.0, 0.0, 0.0, 0.0, 0.0, 0.0, 0.0, 0.0, 0.0, 0.0, 0.0, 0.0, 0.0, 0.0, 0.0, 0.0, 0.0, 0.0, 0.0, 0.0, 0.0, 0.0, 0.0, 0.0, 0.0, 0.0, 0.0, 0.0, 0.0, 0.0, 0.0, 0.0, 0.0, 0.0, 0.0, 0.0],[0, 0, 0, 0, 0, 0, 0, 0, 0, 0, 0, 0, 0, 0, 0, 0, 0, 0, 0, 0, 0, 0, 0, 0, 0, 0, 0, 0, 0, 0, 0, 0, 0, 0, 0, 0, 0, 0, 0, 0, 0, 0, 0, 0, 0, 0, 0, 0, 0, 0, 0, 0, 0, 0, 0, 0, 0, 0, 0, 0, 0, 0, 0, 0]
[0.0, 0.0, 0.0, 1.0, 1.0, 1.0, 1.0, 1.0, 1.0, 1.0, 1.0, 1.0, 1.0, 1.0, 1.0, 1.0, 1.0, 1.0, 1.0, 1.0, 1.0, 1.0, 0.0, 0.0, 1.0, 1.0, 1.0, 1.0, 0.0, 0.0, 0.0, 1.0, 0.0, 0.0, 0.0, 0.0, 0.0, 0.0, 0.0, 0.0, 0.0, 0.0, 0.0, 0.0, 0.0, 0.0, 0.0, 0.0, 0.0, 0.0, 0.0, 0.0, 0.0, 0.0, 0.0, 0.0, 0.0, 0.0, 0.0, 0.0, 0.0, 0.0, 0.0, 0.0, 0.0, 0.0, 1.0, 1.0, 1.0, 1.0, 0.0, 1.0, 1.0, 1.0, 1.0, 1.0, 1.0, 1.0, 1.0, 1.0, 1.0, 1.0, 1.0, 1.0, 1.0, 1.0, 1.0, 1.0, 1.0, 1.0, 0.0, 0.0, 0.0, 0.0, 0.0, 0.0, 0.0, 0.0, 0.0, 1.0, 1.0, 1.0, 1.0, 1.0, 1.0, 1.0, 0.0, 0.0, 0.0, 0.0, 0.0, 0.0, 0.0, 0.0, 0.0, 0.0, 0.0, 0.0, 0.0, 0.0, 0.0, 0.0, 0.0, 0.0, 0.0, 0.0, 0.0, 0.0, 0.0, 0.0, 0.0, 0.0, 0.0, 0.0, 0.0, 0.0, 0.0, 0.0, 0.0, 0.0, 0.0, 0.0, 0.0, 0.0, 0.0, 0.0, 0.0, 1.0, 0.0, 0.0, 0.32, 0.8542857142848, 0.04932790975647819, 0.2866666666666667, 0.95999999999962, 0.011717469252673777, 0.26666666666666666, 0.8799999999994286, 0.006248231983901149, 0.31333333333333335, 0.47714285714262855, 0.0048264204020447, 0.32666666666666666, 0.1799999999994, 0.0022493356154620193, 0.31333333333333335, 0.7971428571420571, 0.003115569118445077, 0.32666666666666666, 0.19428571428525, 0.0032371390868055376, 0.3, 0.9857142857140714, 0.005365081986526127, 0.31333333333333335, 0.6442857142856429, 0.010133253149417069, 0.25333333333333335, 0.7528571428558628, 0.0022746159773719687, 0.28, 0.80571428571384, 0.011746530436334314, 0.29333333333333333, 0.4742857142835429, 0.0014667384877461351, 0.2866666666666667, 0.39999999999934, 0.004882278855274617, 0.20666666666666667, 0.6014285714285571, 0.04751822264364523, 0.29333333333333333, 0.75142857142848, 0.005228569277877371, 0.2866666666666667, 0.9399999999995485, 0.004461860398297855, 0.28, 0.99428571428472, 0.0032212707579531243, 0.2733333333333333, 0.47428571428561145, 0.042499642035366055, 0.28, 0.26714285714232, 0.0025964553092095925, 0.3333333333333333, 0.28, 0.001285870193510074, 0.22666666666666666, 0.22999999999999715, 0.0165686355466282, 0.26666666666666666, 0.6185714285691428, 0.0016710137868781653, 0.31333333333333335, 0.14285714285633141, 0.0024380051589110016, 0.3333333333333333, 0.24857142857142858, 0.01826460519761248, 0.2733333333333333, 0.181428571428, 0.0005419131062726566, 0.0, 0.0, 0.0, 0.0, 0.0, 0.0, 0.0, 0.0, 0.0, 0.0, 0.0, 0.0, 0.0, 0.0, 0.0, 0.0, 0.0, 0.0, 0.0, 0.0, 0.0, 0.0, 0.0, 0.0, 0.0, 0.0, 0.0, 0.0, 0.0, 0.0, 0.0, 0.0, 0.0, 0.0, 0.0, 0.0, 0.0, 0.0, 0.0, 0.0, 0.0, 0.0, 0.0, 0.0, 0.0, 0.0, 0.0, 0.0, 0.0, 0.0, 0.0, 0.0, 0.0, 0.0, 0.0, 0.0, 0.0, 0.0, 0.0, 0.0, 0.0, 0.0, 0.0, 0.0, 0.0, 0.0, 0.0, 0.0, 0.0, 0.0, 0.0, 0.0, 0.0, 0.0, 0.0, 0.0, 0.0, 0.0, 0.0, 0.0, 0.0, 0.0, 0.0, 0.0, 0.0, 0.0, 0.0, 0.0, 0.0, 0.0, 0.0, 0.0, 0.0, 0.0, 0.0, 0.0, 0.0, 0.0, 0.0, 0.0, 0.0, 0.0, 0.0, 0.0, 0.0, 0.0, 0.0, 0.0, 0.0, 0.0, 0.0, 0.0, 0.0, 0.0, 0.0, 0.0, 0.0],[1, 0, 0, 0, 0, 0, 0, 0, 0, 0, 0, 0, 0, 0, 0, 0, 0, 0, 0, 0, 0, 0, 0, 0, 0, 0, 0, 0, 0, 0, 0, 0, 0, 0, 0, 0, 0, 0, 0, 0, 0, 0, 0, 0, 0, 0, 0, 0, 0, 0, 0, 0, 0, 0, 0, 0, 0, 0, 0, 0, 0, 0, 0, 0]
[0.0, 0.0, 0.0, 0.0, 0.0, 0.0, 0.0, 0.0, 0.0, 0.0, 0.0, 0.0, 0.0, 0.0, 0.0, 0.0, 0.0, 0.0, 0.0, 0.0, 0.0, 0.0, 0.0, 0.0, 0.0, 0.0, 0.0, 0.0, 0.0, 0.0, 0.0, 0.0, 0.0, 0.0, 0.0, 0.0, 0.0, 0.0, 0.0, 0.0, 0.0, 0.0, 0.0, 0.0, 0.0, 0.0, 0.0, 0.0, 0.0, 0.0, 0.0, 0.0, 0.0, 0.0, 0.0, 0.0, 0.0, 0.0, 0.0, 0.0, 0.0, 0.0, 0.0, 0.0, 0.0, 0.0, 0.0, 0.0, 0.0, 0.0, 0.0, 0.0, 0.0, 0.0, 0.0, 0.0, 0.0, 0.0, 0.0, 0.0, 0.0, 0.0, 0.0, 0.0, 0.0, 0.0, 0.0, 0.0, 0.0, 0.0, 0.0, 0.0, 0.0, 0.0, 0.0, 0.0, 0.0, 0.0, 0.0, 0.0, 1.0, 1.0, 1.0, 1.0, 1.0, 1.0, 0.0, 0.0, 0.0, 0.0, 0.0, 0.0, 0.0, 0.0, 0.0, 0.0, 0.0, 0.0, 0.0, 0.0, 0.0, 0.0, 0.0, 0.0, 0.0, 0.0, 0.0, 0.0, 0.0, 0.0, 0.0, 0.0, 0.0, 0.0, 0.0, 0.0, 0.0, 0.0, 0.0, 0.0, 0.0, 0.0, 0.0, 0.0, 0.0, 0.0, 0.0, 1.0, 0.0, 0.0, 0.2866666666666667, 0.95999999999962, 0.011717469252673777, 0.26666666666666666, 0.8799999999994286, 0.006248231983901149, 0.31333333333333335, 0.47714285714262855, 0.0048264204020447, 0.32666666666666666, 0.1799999999994, 0.0022493356154620193, 0.31333333333333335, 0.7971428571420571, 0.003115569118445077, 0.32666666666666666, 0.19428571428525, 0.0032371390868055376, 0.3, 0.9857142857140714, 0.005365081986526127, 0.31333333333333335, 0.6442857142856429, 0.010133253149417069, 0.25333333333333335, 0.7528571428558628, 0.0022746159773719687, 0.28, 0.80571428571384, 0.011746530436334314, 0.29333333333333333, 0.4742857142835429, 0.0014667384877461351, 0.2866666666666667, 0.39999999999934, 0.004882278855274617, 0.20666666666666667, 0.6014285714285571, 0.04751822264364523, 0.29333333333333333, 0.75142857142848, 0.005228569277877371, 0.2866666666666667, 0.9399999999995485, 0.004461860398297855, 0.28, 0.99428571428472, 0.0032212707579531243, 0.2733333333333333, 0.47428571428561145, 0.042499642035366055, 0.28, 0.26714285714232, 0.0025964553092095925, 0.3333333333333333, 0.28, 0.001285870193510074, 0.22666666666666666, 0.22999999999999715, 0.0165686355466282, 0.26666666666666666, 0.6185714285691428, 0.0016710137868781653, 0.31333333333333335, 0.14285714285633141, 0.0024380051589110016, 0.3333333333333333, 0.24857142857142858, 0.01826460519761248, 0.2733333333333333, 0.181428571428, 0.0005419131062726566, 0.0, 0.0, 0.0, 0.0, 0.0, 0.0, 0.0, 0.0, 0.0, 0.0, 0.0, 0.0, 0.0, 0.0, 0.0, 0.0, 0.0, 0.0, 0.0, 0.0, 0.0, 0.0, 0.0, 0.0, 0.0, 0.0, 0.0, 0.0, 0.0, 0.0, 0.0, 0.0, 0.0, 0.0, 0.0, 0.0, 0.0, 0.0, 0.0, 0.0, 0.0, 0.0, 0.0, 0.0, 0.0, 0.0, 0.0, 0.0, 0.0, 0.0, 0.0, 0.0, 0.0, 0.0, 0.0, 0.0, 0.0, 0.0, 0.0, 0.0, 0.0, 0.0, 0.0, 0.0, 0.0, 0.0, 0.0, 0.0, 0.0, 0.0, 0.0, 0.0, 0.0, 0.0, 0.0, 0.0, 0.0, 0.0, 0.0, 0.0, 0.0, 0.0, 0.0, 0.0, 0.0, 0.0, 0.0, 0.0, 0.0, 0.0, 0.0, 0.0, 0.0, 0.0, 0.0, 0.0, 0.0, 0.0, 0.0, 0.0, 0.0, 0.0, 0.0, 0.0, 0.0, 0.0, 0.0, 0.0, 0.0, 0.0, 0.0, 0.0, 0.0, 0.0, 0.0, 0.0, 0.0, 0.0, 0.0, 0.0],[0, 0, 0, 0, 0, 0, 0, 0, 0, 0, 0, 0, 0, 0, 0, 0, 0, 0, 0, 0, 0, 0, 0, 0, 0, 0, 0, 0, 0, 0, 0, 0, 0, 0, 0, 0, 0, 0, 0, 0, 0, 0, 0, 0, 0, 0, 0, 0, 0, 0, 0, 0, 0, 0, 0, 0, 0, 0, 0, 0, 0, 0, 0, 0]
[0.0, 0.0, 0.0, 0.0, 0.0, 0.0, 0.0, 0.0, 0.0, 0.0, 0.0, 0.0, 0.0, 0.0, 0.0, 0.0, 0.0, 0.0, 0.0, 0.0, 0.0, 0.0, 0.0, 0.0, 0.0, 0.0, 0.0, 0.0, 0.0, 0.0, 1.0, 0.0, 0.0, 0.0, 0.0, 0.0, 0.0, 0.0, 0.0, 0.0, 0.0, 0.0, 0.0, 0.0, 0.0, 0.0, 0.0, 0.0, 0.0, 0.0, 0.0, 1.0, 1.0, 1.0, 1.0, 1.0, 1.0, 1.0, 1.0, 1.0, 0.0, 0.0, 0.0, 0.0, 1.0, 1.0, 0.0, 0.0, 0.0, 0.0, 1.0, 0.0, 0.0, 0.0, 0.0, 0.0, 0.0, 0.0, 0.0, 0.0, 0.0, 0.0, 0.0, 0.0, 0.0, 0.0, 0.0, 0.0, 0.0, 0.0, 0.0, 0.0, 0.0, 0.0, 0.0, 0.0, 0.0, 0.0, 0.0, 0.0, 1.0, 1.0, 1.0, 1.0, 1.0, 1.0, 0.0, 0.0, 0.0, 0.0, 0.0, 0.0, 0.0, 0.0, 0.0, 0.0, 0.0, 0.0, 0.0, 0.0, 0.0, 0.0, 0.0, 0.0, 0.0, 0.0, 0.0, 0.0, 0.0, 0.0, 0.0, 0.0, 0.0, 0.0, 0.0, 0.0, 0.0, 0.0, 0.0, 0.0, 0.0, 0.0, 0.0, 0.0, 0.0, 0.0, 0.0, 1.0, 0.0, 0.0, 0.2866666666666667, 0.95999999999962, 0.011717469252673777, 0.26666666666666666, 0.8799999999994286, 0.006248231983901149, 0.31333333333333335, 0.47714285714262855, 0.0048264204020447, 0.32666666666666666, 0.1799999999994, 0.0022493356154620193, 0.31333333333333335, 0.7971428571420571, 0.003115569118445077, 0.32666666666666666, 0.19428571428525, 0.0032371390868055376, 0.3, 0.9857142857140714, 0.005365081986526127, 0.31333333333333335, 0.6442857142856429, 0.010133253149417069, 0.25333333333333335, 0.7528571428558628, 0.0022746159773719687, 0.28, 0.80571428571384, 0.011746530436334314, 0.29333333333333333, 0.4742857142835429, 0.0014667384877461351, 0.2866666666666667, 0.39999999999934, 0.004882278855274617, 0.20666666666666667, 0.6014285714285571, 0.04751822264364523, 0.29333333333333333, 0.75142857142848, 0.005228569277877371, 0.2866666666666667, 0.9399999999995485, 0.004461860398297855, 0.28, 0.99428571428472, 0.0032212707579531243, 0.2733333333333333, 0.47428571428561145, 0.042499642035366055, 0.28, 0.26714285714232, 0.0025964553092095925, 0.3333333333333333, 0.28, 0.001285870193510074, 0.22666666666666666, 0.22999999999999715, 0.0165686355466282, 0.26666666666666666, 0.6185714285691428, 0.0016710137868781653, 0.31333333333333335, 0.14285714285633141, 0.0024380051589110016, 0.3333333333333333, 0.24857142857142858, 0.01826460519761248, 0.2733333333333333, 0.181428571428, 0.0005419131062726566, 0.0, 0.0, 0.0, 0.0, 0.0, 0.0, 0.0, 0.0, 0.0, 0.0, 0.0, 0.0, 0.0, 0.0, 0.0, 0.0, 0.0, 0.0, 0.0, 0.0, 0.0, 0.0, 0.0, 0.0, 0.0, 0.0, 0.0, 0.0, 0.0, 0.0, 0.0, 0.0, 0.0, 0.0, 0.0, 0.0, 0.0, 0.0, 0.0, 0.0, 0.0, 0.0, 0.0, 0.0, 0.0, 0.0, 0.0, 0.0, 0.0, 0.0, 0.0, 0.0, 0.0, 0.0, 0.0, 0.0, 0.0, 0.0, 0.0, 0.0, 0.0, 0.0, 0.0, 0.0, 0.0, 0.0, 0.0, 0.0, 0.0, 0.0, 0.0, 0.0, 0.0, 0.0, 0.0, 0.0, 0.0, 0.0, 0.0, 0.0, 0.0, 0.0, 0.0, 0.0, 0.0, 0.0, 0.0, 0.0, 0.0, 0.0, 0.0, 0.0, 0.0, 0.0, 0.0, 0.0, 0.0, 0.0, 0.0, 0.0, 0.0, 0.0, 0.0, 0.0, 0.0, 0.0, 0.0, 0.0, 0.0, 0.0, 0.0, 0.0, 0.0, 0.0, 0.0, 0.0, 0.0, 0.0, 0.0, 0.0],[0, 0, 0, 0, 0, 0, 0, 0, 0, 0, 0, 0, 0, 0, 0, 0, 0, 0, 0, 0, 0, 0, 0, 0, 0, 0, 0, 0, 0, 0, 0, 0, 0, 0, 0, 0, 0, 0, 0, 0, 0, 0, 0, 0, 0, 0, 0, 0, 0, 0, 0, 0, 0, 0, 0, 0, 0, 0, 0, 0, 0, 0, 0, 0]
[0.0, 0.0, 0.0, 0.0, 0.0, 0.0, 0.0, 0.0, 0.0, 0.0, 0.0, 0.0, 0.0, 0.0, 0.0, 0.0, 0.0, 0.0, 0.0, 0.0, 0.0, 0.0, 0.0, 0.0, 0.0, 0.0, 0.0, 0.0, 0.0, 0.0, 1.0, 0.0, 0.0, 0.0, 0.0, 0.0, 0.0, 0.0, 0.0, 0.0, 0.0, 0.0, 0.0, 0.0, 0.0, 0.0, 0.0, 0.0, 0.0, 0.0, 0.0, 1.0, 1.0, 1.0, 1.0, 1.0, 1.0, 1.0, 1.0, 1.0, 0.0, 0.0, 0.0, 0.0, 1.0, 1.0, 0.0, 0.0, 0.0, 0.0, 1.0, 0.0, 0.0, 0.0, 0.0, 0.0, 0.0, 0.0, 0.0, 0.0, 0.0, 0.0, 0.0, 0.0, 0.0, 0.0, 0.0, 0.0, 0.0, 0.0, 1.0, 1.0, 1.0, 1.0, 1.0, 1.0, 1.0, 1.0, 1.0, 0.0, 1.0, 1.0, 1.0, 1.0, 1.0, 1.0, 1.0, 1.0, 1.0, 1.0, 1.0, 0.0, 0.0, 0.0, 0.0, 1.0, 1.0, 1.0, 1.0, 1.0, 1.0, 1.0, 1.0, 0.0, 0.0, 0.0, 0.0, 0.0, 0.0, 0.0, 0.0, 0.0, 0.0, 0.0, 0.0, 0.0, 0.0, 0.0, 0.0, 0.0, 0.0, 0.0, 0.0, 0.0, 0.0, 0.0, 0.0, 1.0, 0.0, 0.0, 0.2866666666666667, 0.95999999999962, 0.011717469252673777, 0.26666666666666666, 0.8799999999994286, 0.006248231983901149, 0.31333333333333335, 0.47714285714262855, 0.0048264204020447, 0.32666666666666666, 0.1799999999994, 0.0022493356154620193, 0.31333333333333335, 0.7971428571420571, 0.003115569118445077, 0.32666666666666666, 0.19428571428525, 0.0032371390868055376, 0.3, 0.9857142857140714, 0.005365081986526127, 0.31333333333333335, 0.6442857142856429, 0.010133253149417069, 0.25333333333333335, 0.7528571428558628, 0.0022746159773719687, 0.28, 0.80571428571384, 0.011746530436334314, 0.29333333333333333, 0.4742857142835429, 0.0014667384877461351, 0.2866666666666667, 0.39999999999934, 0.004882278855274617, 0.20666666666666667, 0.6014285714285571, 0.04751822264364523, 0.29333333333333333, 0.75142857142848, 0.005228569277877371, 0.2866666666666667, 0.9399999999995485, 0.004461860398297855, 0.28, 0.99428571428472, 0.0032212707579531243, 0.2733333333333333, 0.47428571428561145, 0.042499642035366055, 0.28, 0.26714285714232, 0.0025964553092095925, 0.3333333333333333, 0.28, 0.001285870193510074, 0.22666666666666666, 0.22999999999999715, 0.0165686355466282, 0.26666666666666666, 0.6185714285691428, 0.0016710137868781653, 0.31333333333333335, 0.14285714285633141, 0.0024380051589110016, 0.3333333333333333, 0.24857142857142858, 0.01826460519761248, 0.2733333333333333, 0.181428571428, 0.0005419131062726566, 0.0, 0.0, 0.0, 0.0, 0.0, 0.0, 0.0, 0.0, 0.0, 0.0, 0.0, 0.0, 0.0, 0.0, 0.0, 0.0, 0.0, 0.0, 0.0, 0.0, 0.0, 0.0, 0.0, 0.0, 0.0, 0.0, 0.0, 0.0, 0.0, 0.0, 0.0, 0.0, 0.0, 0.0, 0.0, 0.0, 0.0, 0.0, 0.0, 0.0, 0.0, 0.0, 0.0, 0.0, 0.0, 0.0, 0.0, 0.0, 0.0, 0.0, 0.0, 0.0, 0.0, 0.0, 0.0, 0.0, 0.0, 0.0, 0.0, 0.0, 0.0, 0.0, 0.0, 0.0, 0.0, 0.0, 0.0, 0.0, 0.0, 0.0, 0.0, 0.0, 0.0, 0.0, 0.0, 0.0, 0.0, 0.0, 0.0, 0.0, 0.0, 0.0, 0.0, 0.0, 0.0, 0.0, 0.0, 0.0, 0.0, 0.0, 0.0, 0.0, 0.0, 0.0, 0.0, 0.0, 0.0, 0.0, 0.0, 0.0, 0.0, 0.0, 0.0, 0.0, 0.0, 0.0, 0.0, 0.0, 0.0, 0.0, 0.0, 0.0, 0.0, 0.0, 0.0, 0.0, 0.0, 0.0, 0.0, 0.0],[0, 1, 0, 0, 0, 0, 0, 0, 0, 0, 0, 0, 0, 0, 0, 0, 0, 0, 0, 0, 0, 0, 0, 0, 0, 0, 0, 0, 0, 0, 0, 0, 0, 0, 0, 0, 0, 0, 0, 0, 0, 0, 0, 0, 0, 0, 0, 0, 0, 0, 0, 0, 0, 0, 0, 0, 0, 0, 0, 0, 0, 0, 0, 0]
[0.0, 0.0, 0.0, 0.0, 0.0, 0.0, 0.0, 0.0, 0.0, 0.0, 0.0, 0.0, 0.0, 0.0, 0.0, 0.0, 0.0, 0.0, 0.0, 0.0, 0.0, 0.0, 0.0, 0.0, 0.0, 0.0, 0.0, 0.0, 0.0, 0.0, 0.0, 0.0, 0.0, 0.0, 0.0, 0.0, 0.0, 0.0, 0.0, 0.0, 0.0, 0.0, 0.0, 0.0, 0.0, 0.0, 0.0, 0.0, 0.0, 0.0, 0.0, 0.0, 0.0, 0.0, 0.0, 0.0, 0.0, 0.0, 0.0, 0.0, 0.0, 0.0, 0.0, 0.0, 0.0, 0.0, 0.0, 0.0, 0.0, 0.0, 0.0, 0.0, 0.0, 0.0, 0.0, 0.0, 0.0, 0.0, 0.0, 0.0, 0.0, 0.0, 0.0, 0.0, 0.0, 0.0, 0.0, 0.0, 0.0, 0.0, 0.0, 0.0, 0.0, 0.0, 0.0, 0.0, 0.0, 0.0, 0.0, 0.0, 0.0, 0.0, 0.0, 0.0, 0.0, 0.0, 0.0, 0.0, 0.0, 0.0, 0.0, 0.0, 0.0, 0.0, 0.0, 0.0, 0.0, 0.0, 0.0, 0.0, 0.0, 0.0, 1.0, 0.0, 0.0, 0.0, 0.0, 0.0, 0.0, 0.0, 0.0, 0.0, 0.0, 0.0, 0.0, 0.0, 0.0, 0.0, 0.0, 0.0, 0.0, 0.0, 0.0, 0.0, 0.0, 0.0, 0.0, 1.0, 0.0, 0.0, 0.2866666666666667, 0.95999999999962, 0.011717469252673777, 0.31333333333333335, 0.47714285714262855, 0.0048264204020447, 0.32666666666666666, 0.1799999999994, 0.0022493356154620193, 0.31333333333333335, 0.7971428571420571, 0.003115569118445077, 0.32666666666666666, 0.19428571428525, 0.0032371390868055376, 0.3, 0.9857142857140714, 0.005365081986526127, 0.31333333333333335, 0.6442857142856429, 0.010133253149417069, 0.25333333333333335, 0.7528571428558628, 0.0022746159773719687, 0.28, 0.80571428571384, 0.011746530436334314, 0.29333333333333333, 0.4742857142835429, 0.0014667384877461351, 0.2866666666666667, 0.39999999999934, 0.004882278855274617, 0.20666666666666667, 0.6014285714285571, 0.04751822264364523, 0.29333333333333333, 0.75142857142848, 0.005228569277877371, 0.2866666666666667, 0.9399999999995485, 0.004461860398297855, 0.28, 0.99428571428472, 0.0032212707579531243, 0.2733333333333333, 0.47428571428561145, 0.042499642035366055, 0.28, 0.26714285714232, 0.0025964553092095925, 0.3333333333333333, 0.28, 0.001285870193510074, 0.22666666666666666, 0.22999999999999715, 0.0165686355466282, 0.26666666666666666, 0.6185714285691428, 0.0016710137868781653, 0.31333333333333335, 0.14285714285633141, 0.0024380051589110016, 0.3333333333333333, 0.24857142857142858, 0.01826460519761248, 0.2733333333333333, 0.181428571428, 0.0005419131062726566, 0.0, 0.0, 0.0, 0.0, 0.0, 0.0, 0.0, 0.0, 0.0, 0.0, 0.0, 0.0, 0.0, 0.0, 0.0, 0.0, 0.0, 0.0, 0.0, 0.0, 0.0, 0.0, 0.0, 0.0, 0.0, 0.0, 0.0, 0.0, 0.0, 0.0, 0.0, 0.0, 0.0, 0.0, 0.0, 0.0, 0.0, 0.0, 0.0, 0.0, 0.0, 0.0, 0.0, 0.0, 0.0, 0.0, 0.0, 0.0, 0.0, 0.0, 0.0, 0.0, 0.0, 0.0, 0.0, 0.0, 0.0, 0.0, 0.0, 0.0, 0.0, 0.0, 0.0, 0.0, 0.0, 0.0, 0.0, 0.0, 0.0, 0.0, 0.0, 0.0, 0.0, 0.0, 0.0, 0.0, 0.0, 0.0, 0.0, 0.0, 0.0, 0.0, 0.0, 0.0, 0.0, 0.0, 0.0, 0.0, 0.0, 0.0, 0.0, 0.0, 0.0, 0.0, 0.0, 0.0, 0.0, 0.0, 0.0, 0.0, 0.0, 0.0, 0.0, 0.0, 0.0, 0.0, 0.0, 0.0, 0.0, 0.0, 0.0, 0.0, 0.0, 0.0, 0.0, 0.0, 0.0, 0.0, 0.0, 0.0, 0.0, 0.0, 0.0],[0, 0, 0, 0, 0, 0, 0, 0, 0, 0, 0, 0, 0, 0, 0, 0, 0, 0, 0, 0, 0, 0, 0, 0, 0, 0, 0, 0, 0, 0, 0, 0, 0, 0, 0, 0, 0, 0, 0, 0, 0, 0, 0, 0, 0, 0, 0, 0, 0, 0, 0, 0, 0, 0, 0, 0, 0, 0, 0, 0, 0, 0, 0, 0]
[0.0, 0.0, 0.0, 1.0, 1.0, 1.0, 1.0, 1.0, 1.0, 1.0, 1.0, 1.0, 1.0, 1.0, 1.0, 1.0, 1.0, 1.0, 1.0, 1.0, 1.0, 1.0, 0.0, 0.0, 1.0, 1.0, 1.0, 1.0, 0.0, 0.0, 0.0, 1.0, 0.0, 0.0, 0.0, 0.0, 0.0, 0.0, 0.0, 0.0, 0.0, 0.0, 0.0, 0.0, 0.0, 0.0, 0.0, 0.0, 0.0, 0.0, 0.0, 0.0, 0.0, 0.0, 0.0, 0.0, 0.0, 0.0, 0.0, 0.0, 0.0, 0.0, 0.0, 0.0, 0.0, 0.0, 1.0, 1.0, 1.0, 1.0, 0.0, 1.0, 1.0, 1.0, 1.0, 1.0, 1.0, 1.0, 1.0, 1.0, 1.0, 1.0, 1.0, 1.0, 1.0, 1.0, 1.0, 1.0, 1.0, 1.0, 0.0, 0.0, 0.0, 0.0, 0.0, 0.0, 0.0, 0.0, 0.0, 1.0, 0.0, 0.0, 0.0, 0.0, 0.0, 0.0, 0.0, 0.0, 0.0, 0.0, 0.0, 0.0, 0.0, 0.0, 0.0, 0.0, 0.0, 0.0, 0.0, 0.0, 0.0, 0.0, 1.0, 0.0, 0.0, 0.0, 0.0, 0.0, 0.0, 0.0, 0.0, 0.0, 0.0, 0.0, 0.0, 0.0, 0.0, 0.0, 0.0, 0.0, 0.0, 0.0, 0.0, 0.0, 0.0, 0.0, 0.0, 1.0, 0.0, 0.0, 0.2866666666666667, 0.95999999999962, 0.011717469252673777, 0.31333333333333335, 0.47714285714262855, 0.0048264204020447, 0.32666666666666666, 0.1799999999994, 0.0022493356154620193, 0.31333333333333335, 0.7971428571420571, 0.003115569118445077, 0.32666666666666666, 0.19428571428525, 0.0032371390868055376, 0.3, 0.9857142857140714, 0.005365081986526127, 0.31333333333333335, 0.6442857142856429, 0.010133253149417069, 0.25333333333333335, 0.7528571428558628, 0.0022746159773719687, 0.31333333333333335, 0.40999999999842857, 0.0021366029557734942, 0.28, 0.80571428571384, 0.011746530436334314, 0.29333333333333333, 0.4742857142835429, 0.0014667384877461351, 0.2866666666666667, 0.39999999999934, 0.004882278855274617, 0.20666666666666667, 0.6014285714285571, 0.04751822264364523, 0.29333333333333333, 0.75142857142848, 0.005228569277877371, 0.2866666666666667, 0.9399999999995485, 0.004461860398297855, 0.28, 0.99428571428472, 0.0032212707579531243, 0.2733333333333333, 0.47428571428561145, 0.042499642035366055, 0.28, 0.26714285714232, 0.0025964553092095925, 0.3333333333333333, 0.28, 0.001285870193510074, 0.22666666666666666, 0.22999999999999715, 0.0165686355466282, 0.26666666666666666, 0.6185714285691428, 0.0016710137868781653, 0.31333333333333335, 0.14285714285633141, 0.0024380051589110016, 0.3333333333333333, 0.24857142857142858, 0.01826460519761248, 0.2733333333333333, 0.181428571428, 0.0005419131062726566, 0.0, 0.0, 0.0, 0.0, 0.0, 0.0, 0.0, 0.0, 0.0, 0.0, 0.0, 0.0, 0.0, 0.0, 0.0, 0.0, 0.0, 0.0, 0.0, 0.0, 0.0, 0.0, 0.0, 0.0, 0.0, 0.0, 0.0, 0.0, 0.0, 0.0, 0.0, 0.0, 0.0, 0.0, 0.0, 0.0, 0.0, 0.0, 0.0, 0.0, 0.0, 0.0, 0.0, 0.0, 0.0, 0.0, 0.0, 0.0, 0.0, 0.0, 0.0, 0.0, 0.0, 0.0, 0.0, 0.0, 0.0, 0.0, 0.0, 0.0, 0.0, 0.0, 0.0, 0.0, 0.0, 0.0, 0.0, 0.0, 0.0, 0.0, 0.0, 0.0, 0.0, 0.0, 0.0, 0.0, 0.0, 0.0, 0.0, 0.0, 0.0, 0.0, 0.0, 0.0, 0.0, 0.0, 0.0, 0.0, 0.0, 0.0, 0.0, 0.0, 0.0, 0.0, 0.0, 0.0, 0.0, 0.0, 0.0, 0.0, 0.0, 0.0, 0.0, 0.0, 0.0, 0.0, 0.0, 0.0, 0.0, 0.0, 0.0, 0.0, 0.0, 0.0, 0.0, 0.0, 0.0, 0.0, 0.0, 0.0],[1, 0, 0, 0, 0, 0, 0, 0, 0, 0, 0, 0, 0, 0, 0, 0, 0, 0, 0, 0, 0, 0, 0, 0, 0, 0, 0, 0, 0, 0, 0, 0, 0, 0, 0, 0, 0, 0, 0, 0, 0, 0, 0, 0, 0, 0, 0, 0, 0, 0, 0, 0, 0, 0, 0, 0, 0, 0, 0, 0, 0, 0, 0, 0]
[0.0, 0.0, 0.0, 0.0, 0.0, 0.0, 0.0, 0.0, 0.0, 0.0, 0.0, 0.0, 0.0, 0.0, 0.0, 0.0, 0.0, 0.0, 0.0, 0.0, 0.0, 0.0, 0.0, 0.0, 0.0, 0.0, 0.0, 0.0, 0.0, 0.0, 0.0, 0.0, 0.0, 0.0, 0.0, 0.0, 0.0, 0.0, 0.0, 0.0, 0.0, 0.0, 0.0, 0.0, 0.0, 0.0, 0.0, 0.0, 0.0, 0.0, 0.0, 0.0, 0.0, 0.0, 0.0, 0.0, 0.0, 0.0, 0.0, 0.0, 0.0, 0.0, 0.0, 0.0, 0.0, 0.0, 0.0, 0.0, 0.0, 0.0, 0.0, 0.0, 0.0, 0.0, 0.0, 0.0, 0.0, 0.0, 0.0, 0.0, 0.0, 0.0, 0.0, 0.0, 0.0, 0.0, 1.0, 1.0, 1.0, 1.0, 0.0, 0.0, 0.0, 0.0, 0.0, 0.0, 0.0, 0.0, 0.0, 1.0, 0.0, 0.0, 0.0, 0.0, 0.0, 0.0, 0.0, 0.0, 0.0, 0.0, 0.0, 0.0, 0.0, 0.0, 0.0, 0.0, 0.0, 0.0, 0.0, 0.0, 0.0, 0.0, 1.0, 0.0, 0.0, 0.0, 0.0, 0.0, 0.0, 0.0, 0.0, 0.0, 0.0, 0.0, 0.0, 0.0, 0.0, 0.0, 0.0, 0.0, 0.0, 0.0, 0.0, 0.0, 0.0, 0.0, 0.0, 1.0, 0.0, 0.0, 0.31333333333333335, 0.47714285714262855, 0.0048264204020447, 0.32666666666666666, 0.1799999999994, 0.0022493356154620193, 0.31333333333333335, 0.7971428571420571, 0.003115569118445077, 0.32666666666666666, 0.19428571428525, 0.0032371390868055376, 0.3, 0.9857142857140714, 0.005365081986526127, 0.31333333333333335, 0.6442857142856429, 0.010133253149417069, 0.25333333333333335, 0.7528571428558628, 0.0022746159773719687, 0.31333333333333335, 0.40999999999842857, 0.0021366029557734942, 0.28, 0.80571428571384, 0.011746530436334314, 0.29333333333333333, 0.4742857142835429, 0.0014667384877461351, 0.2866666666666667, 0.39999999999934, 0.004882278855274617, 0.20666666666666667, 0.6014285714285571, 0.04751822264364523, 0.29333333333333333, 0.75142857142848, 0.005228569277877371, 0.2866666666666667, 0.9399999999995485, 0.004461860398297855, 0.28, 0.99428571428472, 0.0032212707579531243, 0.2733333333333333, 0.47428571428561145, 0.042499642035366055, 0.28, 0.26714285714232, 0.0025964553092095925, 0.3333333333333333, 0.28, 0.001285870193510074, 0.22666666666666666, 0.22999999999999715, 0.0165686355466282, 0.26666666666666666, 0.6185714285691428, 0.0016710137868781653, 0.31333333333333335, 0.14285714285633141, 0.0024380051589110016, 0.3333333333333333, 0.24857142857142858, 0.01826460519761248, 0.2733333333333333, 0.181428571428, 0.0005419131062726566, 0.0, 0.0, 0.0, 0.0, 0.0, 0.0, 0.0, 0.0, 0.0, 0.0, 0.0, 0.0, 0.0, 0.0, 0.0, 0.0, 0.0, 0.0, 0.0, 0.0, 0.0, 0.0, 0.0, 0.0, 0.0, 0.0, 0.0, 0.0, 0.0, 0.0, 0.0, 0.0, 0.0, 0.0, 0.0, 0.0, 0.0, 0.0, 0.0, 0.0, 0.0, 0.0, 0.0, 0.0, 0.0, 0.0, 0.0, 0.0, 0.0, 0.0, 0.0, 0.0, 0.0, 0.0, 0.0, 0.0, 0.0, 0.0, 0.0, 0.0, 0.0, 0.0, 0.0, 0.0, 0.0, 0.0, 0.0, 0.0, 0.0, 0.0, 0.0, 0.0, 0.0, 0.0, 0.0, 0.0, 0.0, 0.0, 0.0, 0.0, 0.0, 0.0, 0.0, 0.0, 0.0, 0.0, 0.0, 0.0, 0.0, 0.0, 0.0, 0.0, 0.0, 0.0, 0.0, 0.0, 0.0, 0.0, 0.0, 0.0, 0.0, 0.0, 0.0, 0.0, 0.0, 0.0, 0.0, 0.0, 0.0, 0.0, 0.0, 0.0, 0.0, 0.0, 0.0, 0.0, 0.0, 0.0, 0.0, 0.0, 0.0, 0.0, 0.0],[0, 0, 0, 0, 0, 0, 0, 0, 0, 0, 0, 0, 0, 0, 0, 0, 0, 0, 0, 0, 0, 0, 0, 0, 0, 0, 0, 0, 0, 0, 0, 0, 0, 0, 0, 0, 0, 0, 0, 0, 0, 0, 0, 0, 0, 0, 0, 0, 0, 0, 0, 0, 0, 0, 0, 0, 0, 0, 0, 0, 0, 0, 0, 0]
[0.0, 0.0, 0.0, 0.0, 0.0, 0.0, 0.0, 0.0, 0.0, 0.0, 0.0, 0.0, 0.0, 0.0, 0.0, 0.0, 0.0, 0.0, 0.0, 0.0, 0.0, 0.0, 0.0, 0.0, 0.0, 0.0, 0.0, 0.0, 0.0, 0.0, 0.0, 0.0, 0.0, 0.0, 0.0, 0.0, 0.0, 0.0, 0.0, 0.0, 0.0, 0.0, 0.0, 0.0, 0.0, 0.0, 0.0, 0.0, 0.0, 0.0, 0.0, 0.0, 0.0, 0.0, 0.0, 0.0, 0.0, 0.0, 0.0, 0.0, 0.0, 0.0, 0.0, 0.0, 0.0, 0.0, 0.0, 0.0, 0.0, 0.0, 0.0, 0.0, 0.0, 0.0, 0.0, 0.0, 0.0, 0.0, 0.0, 0.0, 0.0, 0.0, 0.0, 0.0, 0.0, 0.0, 1.0, 1.0, 1.0, 1.0, 0.0, 0.0, 0.0, 0.0, 0.0, 0.0, 0.0, 0.0, 0.0, 1.0, 0.0, 0.0, 0.0, 0.0, 0.0, 0.0, 0.0, 0.0, 0.0, 0.0, 0.0, 0.0, 0.0, 0.0, 0.0, 0.0, 0.0, 0.0, 0.0, 0.0, 0.0, 0.0, 1.0, 0.0, 0.0, 1.0, 1.0, 1.0, 1.0, 1.0, 1.0, 1.0, 1.0, 1.0, 0.0, 0.0, 0.0, 0.0, 0.0, 0.0, 0.0, 0.0, 0.0, 0.0, 0.0, 0.0, 0.0, 1.0, 0.0, 0.0, 0.31333333333333335, 0.47714285714262855, 0.0048264204020447, 0.32666666666666666, 0.1799999999994, 0.0022493356154620193, 0.12, 0.48571428571405717, 0.014150298615542874, 0.31333333333333335, 0.7971428571420571, 0.003115569118445077, 0.32666666666666666, 0.19428571428525, 0.0032371390868055376, 0.3, 0.9857142857140714, 0.005365081986526127, 0.31333333333333335, 0.6442857142856429, 0.010133253149417069, 0.25333333333333335, 0.7528571428558628, 0.0022746159773719687, 0.31333333333333335, 0.40999999999842857, 0.0021366029557734942, 0.28, 0.80571428571384, 0.011746530436334314, 0.29333333333333333, 0.4742857142835429, 0.0014667384877461351, 0.2866666666666667, 0.39999999999934, 0.004882278855274617, 0.20666666666666667, 0.6014285714285571, 0.04751822264364523, 0.29333333333333333, 0.75142857142848, 0.005228569277877371, 0.2866666666666667, 0.9399999999995485, 0.004461860398297855, 0.28, 0.99428571428472, 0.0032212707579531243, 0.2733333333333333, 0.47428571428561145, 0.042499642035366055, 0.28, 0.26714285714232, 0.0025964553092095925, 0.3333333333333333, 0.28, 0.001285870193510074, 0.22666666666666666, 0.22999999999999715, 0.0165686355466282, 0.26666666666666666, 0.6185714285691428, 0.0016710137868781653, 0.31333333333333335, 0.14285714285633141, 0.0024380051589110016, 0.3333333333333333, 0.24857142857142858, 0.01826460519761248, 0.2733333333333333, 0.181428571428, 0.0005419131062726566, 0.0, 0.0, 0.0, 0.0, 0.0, 0.0, 0.0, 0.0, 0.0, 0.0, 0.0, 0.0, 0.0, 0.0, 0.0, 0.0, 0.0, 0.0, 0.0, 0.0, 0.0, 0.0, 0.0, 0.0, 0.0, 0.0, 0.0, 0.0, 0.0, 0.0, 0.0, 0.0, 0.0, 0.0, 0.0, 0.0, 0.0, 0.0, 0.0, 0.0, 0.0, 0.0, 0.0, 0.0, 0.0, 0.0, 0.0, 0.0, 0.0, 0.0, 0.0, 0.0, 0.0, 0.0, 0.0, 0.0, 0.0, 0.0, 0.0, 0.0, 0.0, 0.0, 0.0, 0.0, 0.0, 0.0, 0.0, 0.0, 0.0, 0.0, 0.0, 0.0, 0.0, 0.0, 0.0, 0.0, 0.0, 0.0, 0.0, 0.0, 0.0, 0.0, 0.0, 0.0, 0.0, 0.0, 0.0, 0.0, 0.0, 0.0, 0.0, 0.0, 0.0, 0.0, 0.0, 0.0, 0.0, 0.0, 0.0, 0.0, 0.0, 0.0, 0.0, 0.0, 0.0, 0.0, 0.0, 0.0, 0.0, 0.0, 0.0, 0.0, 0.0, 0.0, 0.0, 0.0, 0.0, 0.0, 0.0, 0.0],[0, 0, 0, 0, 0, 0, 0, 0, 0, 0, 0, 0, 0, 0, 0, 0, 0, 0, 0, 0, 0, 0, 0, 0, 0, 0, 0, 0, 0, 0, 0, 0, 0, 0, 0, 0, 0, 0, 0, 0, 0, 0, 0, 0, 0, 0, 0, 0, 0, 0, 0, 0, 0, 0, 0, 0, 0, 0, 0, 0, 0, 0, 0, 0]
[0.0, 0.0, 0.0, 0.0, 0.0, 0.0, 0.0, 0.0, 0.0, 0.0, 0.0, 0.0, 0.0, 0.0, 0.0, 0.0, 0.0, 0.0, 0.0, 0.0, 0.0, 0.0, 1.0, 1.0, 0.0, 0.0, 0.0, 0.0, 1.0, 1.0, 0.0, 0.0, 1.0, 1.0, 1.0, 1.0, 0.0, 0.0, 0.0, 0.0, 0.0, 1.0, 1.0, 1.0, 1.0, 1.0, 1.0, 1.0, 1.0, 1.0, 1.0, 0.0, 0.0, 0.0, 0.0, 0.0, 0.0, 0.0, 0.0, 0.0, 1.0, 1.0, 1.0, 1.0, 0.0, 0.0, 0.0, 0.0, 0.0, 0.0, 0.0, 0.0, 0.0, 0.0, 0.0, 0.0, 0.0, 0.0, 0.0, 0.0, 0.0, 0.0, 0.0, 0.0, 0.0, 0.0, 1.0, 1.0, 1.0, 1.0, 0.0, 0.0, 0.0, 0.0, 0.0, 0.0, 0.0, 0.0, 0.0, 1.0, 0.0, 0.0, 0.0, 0.0, 0.0, 0.0, 0.0, 0.0, 0.0, 0.0, 0.0, 0.0, 0.0, 0.0, 0.0, 0.0, 0.0, 0.0, 0.0, 0.0, 0.0, 0.0, 1.0, 0.0, 0.0, 1.0, 1.0, 1.0, 1.0, 1.0, 1.0, 1.0, 1.0, 1.0, 1.0, 1.0, 1.0, 1.0, 1.0, 1.0, 0.0, 1.0, 1.0, 1.0, 1.0, 0.0, 1.0, 1.0, 0.0, 0.0, 0.31333333333333335, 0.47714285714262855, 0.0048264204020447, 0.32666666666666666, 0.1799999999994, 0.0022493356154620193, 0.12, 0.48571428571405717, 0.014150298615542874, 0.31333333333333335, 0.7971428571420571, 0.003115569118445077, 0.32666666666666666, 0.19428571428525, 0.0032371390868055376, 0.3, 0.9857142857140714, 0.005365081986526127, 0.31333333333333335, 0.6442857142856429, 0.010133253149417069, 0.25333333333333335, 0.7528571428558628, 0.0022746159773719687, 0.31333333333333335, 0.40999999999842857, 0.0021366029557734942, 0.28, 0.80571428571384, 0.011746530436334314, 0.29333333333333333, 0.4742857142835429, 0.0014667384877461351, 0.2866666666666667, 0.39999999999934, 0.004882278855274617, 0.20666666666666667, 0.6014285714285571, 0.04751822264364523, 0.29333333333333333, 0.75142857142848, 0.005228569277877371, 0.2866666666666667, 0.9399999999995485, 0.004461860398297855, 0.28, 0.99428571428472, 0.0032212707579531243, 0.2733333333333333, 0.47428571428561145, 0.042499642035366055, 0.28, 0.26714285714232, 0.0025964553092095925, 0.3333333333333333, 0.28, 0.001285870193510074, 0.22666666666666666, 0.22999999999999715, 0.0165686355466282, 0.26666666666666666, 0.6185714285691428, 0.0016710137868781653, 0.31333333333333335, 0.14285714285633141, 0.0024380051589110016, 0.3333333333333333, 0.24857142857142858, 0.01826460519761248, 0.2733333333333333, 0.181428571428, 0.0005419131062726566, 0.0, 0.0, 0.0, 0.0, 0.0, 0.0, 0.0, 0.0, 0.0, 0.0, 0.0, 0.0, 0.0, 0.0, 0.0, 0.0, 0.0, 0.0, 0.0, 0.0, 0.0, 0.0, 0.0, 0.0, 0.0, 0.0, 0.0, 0.0, 0.0, 0.0, 0.0, 0.0, 0.0, 0.0, 0.0, 0.0, 0.0, 0.0, 0.0, 0.0, 0.0, 0.0, 0.0, 0.0, 0.0, 0.0, 0.0, 0.0, 0.0, 0.0, 0.0, 0.0, 0.0, 0.0, 0.0, 0.0, 0.0, 0.0, 0.0, 0.0, 0.0, 0.0, 0.0, 0.0, 0.0, 0.0, 0.0, 0.0, 0.0, 0.0, 0.0, 0.0, 0.0, 0.0, 0.0, 0.0, 0.0, 0.0, 0.0, 0.0, 0.0, 0.0, 0.0, 0.0, 0.0, 0.0, 0.0, 0.0, 0.0, 0.0, 0.0, 0.0, 0.0, 0.0, 0.0, 0.0, 0.0, 0.0, 0.0, 0.0, 0.0, 0.0, 0.0, 0.0, 0.0, 0.0, 0.0, 0.0, 0.0, 0.0, 0.0, 0.0, 0.0, 0.0, 0.0, 0.0, 0.0, 0.0, 0.0, 0.0],[1, 0, 0, 0, 0, 0, 0, 0, 0, 0, 0, 0, 0, 0, 0, 0, 0, 0, 0, 0, 0, 0, 0, 0, 0, 0, 0, 0, 0, 0, 0, 0, 0, 0, 0, 0, 0, 0, 0, 0, 0, 0, 0, 0, 0, 0, 0, 0, 0, 0, 0, 0, 0, 0, 0, 0, 0, 0, 0, 0, 0, 0, 0, 0]
[0.0, 0.0, 0.0, 0.0, 0.0, 0.0, 0.0, 0.0, 0.0, 0.0, 0.0, 0.0, 0.0, 0.0, 0.0, 0.0, 0.0, 0.0, 0.0, 0.0, 0.0, 0.0, 0.0, 0.0, 0.0, 0.0, 0.0, 0.0, 0.0, 0.0, 0.0, 0.0, 0.0, 0.0, 0.0, 0.0, 0.0, 0.0, 0.0, 0.0, 0.0, 0.0, 0.0, 0.0, 0.0, 0.0, 0.0, 0.0, 0.0, 0.0, 0.0, 0.0, 0.0, 0.0, 0.0, 0.0, 0.0, 0.0, 0.0, 0.0, 0.0, 0.0, 0.0, 0.0, 0.0, 0.0, 0.0, 0.0, 0.0, 0.0, 0.0, 0.0, 0.0, 0.0, 0.0, 0.0, 0.0, 0.0, 0.0, 0.0, 0.0, 0.0, 0.0, 0.0, 0.0, 0.0, 0.0, 0.0, 0.0, 0.0, 0.0, 0.0, 0.0, 0.0, 0.0, 0.0, 0.0, 0.0, 0.0, 0.0, 0.0, 0.0, 0.0, 0.0, 0.0, 0.0, 0.0, 0.0, 0.0, 0.0, 0.0, 0.0, 0.0, 0.0, 0.0, 0.0, 0.0, 0.0, 0.0, 0.0, 0.0, 0.0, 0.0, 0.0, 0.0, 0.0, 0.0, 0.0, 0.0, 0.0, 0.0, 0.0, 0.0, 0.0, 0.0, 0.0, 0.0, 0.0, 0.0, 0.0, 0.0, 0.0, 0.0, 0.0, 0.0, 0.0, 1.0, 1.0, 0.0, 0.0, 0.32666666666666666, 0.1799999999994, 0.0022493356154620193, 0.12, 0.48571428571405717, 0.014150298615542874, 0.31333333333333335, 0.7971428571420571, 0.003115569118445077, 0.32666666666666666, 0.19428571428525, 0.0032371390868055376, 0.3, 0.9857142857140714, 0.005365081986526127, 0.31333333333333335, 0.6442857142856429, 0.010133253149417069, 0.25333333333333335, 0.7528571428558628, 0.0022746159773719687, 0.31333333333333335, 0.40999999999842857, 0.0021366029557734942, 0.28, 0.80571428571384, 0.011746530436334314, 0.29333333333333333, 0.4742857142835429, 0.0014667384877461351, 0.2866666666666667, 0.39999999999934, 0.004882278855274617, 0.20666666666666667, 0.6014285714285571, 0.04751822264364523, 0.29333333333333333, 0.75142857142848, 0.005228569277877371, 0.2866666666666667, 0.9399999999995485, 0.004461860398297855, 0.28, 0.99428571428472, 0.0032212707579531243, 0.2733333333333333, 0.47428571428561145, 0.042499642035366055, 0.28, 0.26714285714232, 0.0025964553092095925, 0.3333333333333333, 0.28, 0.001285870193510074, 0.22666666666666666, 0.22999999999999715, 0.0165686355466282, 0.26666666666666666, 0.6185714285691428, 0.0016710137868781653, 0.31333333333333335, 0.14285714285633141, 0.0024380051589110016, 0.3333333333333333, 0.24857142857142858, 0.01826460519761248, 0.2733333333333333, 0.181428571428, 0.0005419131062726566, 0.0, 0.0, 0.0, 0.0, 0.0, 0.0, 0.0, 0.0, 0.0, 0.0, 0.0, 0.0, 0.0, 0.0, 0.0, 0.0, 0.0, 0.0, 0.0, 0.0, 0.0, 0.0, 0.0, 0.0, 0.0, 0.0, 0.0, 0.0, 0.0, 0.0, 0.0, 0.0, 0.0, 0.0, 0.0, 0.0, 0.0, 0.0, 0.0, 0.0, 0.0, 0.0, 0.0, 0.0, 0.0, 0.0, 0.0, 0.0, 0.0, 0.0, 0.0, 0.0, 0.0, 0.0, 0.0, 0.0, 0.0, 0.0, 0.0, 0.0, 0.0, 0.0, 0.0, 0.0, 0.0, 0.0, 0.0, 0.0, 0.0, 0.0, 0.0, 0.0, 0.0, 0.0, 0.0, 0.0, 0.0, 0.0, 0.0, 0.0, 0.0, 0.0, 0.0, 0.0, 0.0, 0.0, 0.0, 0.0, 0.0, 0.0, 0.0, 0.0, 0.0, 0.0, 0.0, 0.0, 0.0, 0.0, 0.0, 0.0, 0.0, 0.0, 0.0, 0.0, 0.0, 0.0, 0.0, 0.0, 0.0, 0.0, 0.0, 0.0, 0.0, 0.0, 0.0, 0.0, 0.0, 0.0, 0.0, 0.0, 0.0, 0.0, 0.0],[0, 0, 0, 0, 0, 0, 0, 0, 0, 0, 0, 0, 0, 0, 0, 0, 0, 0, 0, 0, 0, 0, 0, 0, 0, 0, 0, 0, 0, 0, 0, 0, 0, 0, 0, 0, 0, 0, 0, 0, 0, 0, 0, 0, 0, 0, 0, 0, 0, 0, 0, 0, 0, 0, 0, 0, 0, 0, 0, 0, 0, 0, 0, 0]
[0.0, 0.0, 0.0, 0.0, 0.0, 0.0, 0.0, 0.0, 0.0, 0.0, 0.0, 0.0, 0.0, 0.0, 0.0, 0.0, 0.0, 0.0, 0.0, 0.0, 0.0, 0.0, 0.0, 0.0, 0.0, 0.0, 0.0, 0.0, 0.0, 0.0, 1.0, 0.0, 0.0, 0.0, 0.0, 0.0, 0.0, 0.0, 0.0, 0.0, 0.0, 0.0, 0.0, 0.0, 0.0, 0.0, 0.0, 0.0, 0.0, 0.0, 0.0, 1.0, 1.0, 1.0, 1.0, 1.0, 1.0, 1.0, 1.0, 1.0, 0.0, 0.0, 0.0, 0.0, 1.0, 1.0, 0.0, 0.0, 0.0, 0.0, 1.0, 0.0, 0.0, 0.0, 0.0, 0.0, 0.0, 0.0, 0.0, 0.0, 0.0, 0.0, 0.0, 0.0, 0.0, 0.0, 0.0, 0.0, 0.0, 0.0, 1.0, 1.0, 1.0, 1.0, 1.0, 1.0, 1.0, 1.0, 1.0, 0.0, 1.0, 1.0, 1.0, 1.0, 1.0, 1.0, 1.0, 1.0, 1.0, 1.0, 1.0, 0.0, 0.0, 0.0, 0.0, 1.0, 1.0, 1.0, 1.0, 1.0, 1.0, 1.0, 0.0, 0.0, 0.0, 0.0, 0.0, 0.0, 0.0, 0.0, 0.0, 0.0, 0.0, 0.0, 0.0, 0.0, 0.0, 0.0, 0.0, 0.0, 0.0, 0.0, 0.0, 0.0, 0.0, 0.0, 1.0, 1.0, 0.0, 0.0, 0.32666666666666666, 0.1799999999994, 0.0022493356154620193, 0.12, 0.48571428571405717, 0.014150298615542874, 0.31333333333333335, 0.7971428571420571, 0.003115569118445077, 0.32666666666666666, 0.19428571428525, 0.0032371390868055376, 0.3, 0.9857142857140714, 0.005365081986526127, 0.31333333333333335, 0.6442857142856429, 0.010133253149417069, 0.25333333333333335, 0.7528571428558628, 0.0022746159773719687, 0.31333333333333335, 0.40999999999842857, 0.0021366029557734942, 0.28, 0.80571428571384, 0.011746530436334314, 0.29333333333333333, 0.4742857142835429, 0.0014667384877461351, 0.2866666666666667, 0.39999999999934, 0.004882278855274617, 0.20666666666666667, 0.6014285714285571, 0.04751822264364523, 0.29333333333333333, 0.75142857142848, 0.005228569277877371, 0.2866666666666667, 0.9057142857138172, 0.004299117769788352, 0.2866666666666667, 0.9399999999995485, 0.004461860398297855, 0.28, 0.99428571428472, 0.0032212707579531243, 0.2733333333333333, 0.47428571428561145, 0.042499642035366055, 0.28, 0.26714285714232, 0.0025964553092095925, 0.3333333333333333, 0.28, 0.001285870193510074, 0.22666666666666666, 0.22999999999999715, 0.0165686355466282, 0.26666666666666666, 0.6185714285691428, 0.0016710137868781653, 0.31333333333333335, 0.14285714285633141, 0.0024380051589110016, 0.3333333333333333, 0.24857142857142858, 0.01826460519761248, 0.2733333333333333, 0.181428571428, 0.0005419131062726566, 0.0, 0.0, 0.0, 0.0, 0.0, 0.0, 0.0, 0.0, 0.0, 0.0, 0.0, 0.0, 0.0, 0.0, 0.0, 0.0, 0.0, 0.0, 0.0, 0.0, 0.0, 0.0, 0.0, 0.0, 0.0, 0.0, 0.0, 0.0, 0.0, 0.0, 0.0, 0.0, 0.0, 0.0, 0.0, 0.0, 0.0, 0.0, 0.0, 0.0, 0.0, 0.0, 0.0, 0.0, 0.0, 0.0, 0.0, 0.0, 0.0, 0.0, 0.0, 0.0, 0.0, 0.0, 0.0, 0.0, 0.0, 0.0, 0.0, 0.0, 0.0, 0.0, 0.0, 0.0, 0.0, 0.0, 0.0, 0.0, 0.0, 0.0, 0.0, 0.0, 0.0, 0.0, 0.0, 0.0, 0.0, 0.0, 0.0, 0.0, 0.0, 0.0, 0.0, 0.0, 0.0, 0.0, 0.0, 0.0, 0.0, 0.0, 0.0, 0.0, 0.0, 0.0, 0.0, 0.0, 0.0, 0.0, 0.0, 0.0, 0.0, 0.0, 0.0, 0.0, 0.0, 0.0, 0.0, 0.0, 0.0, 0.0, 0.0, 0.0, 0.0, 0.0, 0.0, 0.0, 0.0, 0.0, 0.0, 0.0],[0, 1, 0, 0, 0, 0, 0, 0, 0, 0, 0, 0, 0, 0, 0, 0, 0, 0, 0, 0, 0, 0, 0, 0, 0, 0, 0, 0, 0, 0, 0, 0, 0, 0, 0, 0, 0, 0, 0, 0, 0, 0, 0, 0, 0, 0, 0, 0, 0, 0, 0, 0, 0, 0, 0, 0, 0, 0, 0, 0, 0, 0, 0, 0]
[0.0, 0.0, 0.0, 0.0, 0.0, 0.0, 0.0, 0.0, 0.0, 0.0, 0.0, 0.0, 0.0, 0.0, 0.0, 0.0, 0.0, 0.0, 0.0, 0.0, 0.0, 0.0, 0.0, 0.0, 0.0, 0.0, 0.0, 0.0, 0.0, 0.0, 0.0, 0.0, 0.0, 0.0, 0.0, 0.0, 0.0, 0.0, 0.0, 0.0, 0.0, 0.0, 0.0, 0.0, 0.0, 0.0, 0.0, 0.0, 0.0, 0.0, 0.0, 0.0, 0.0, 0.0, 0.0, 0.0, 0.0, 0.0, 0.0, 0.0, 0.0, 0.0, 0.0, 0.0, 0.0, 0.0, 0.0, 0.0, 0.0, 0.0, 0.0, 0.0, 0.0, 0.0, 0.0, 0.0, 0.0, 0.0, 0.0, 0.0, 0.0, 0.0, 0.0, 0.0, 0.0, 0.0, 0.0, 0.0, 0.0, 0.0, 0.0, 0.0, 0.0, 0.0, 0.0, 1.0, 1.0, 1.0, 1.0, 0.0, 1.0, 1.0, 1.0, 1.0, 1.0, 1.0, 1.0, 1.0, 1.0, 1.0, 1.0, 0.0, 0.0, 0.0, 0.0, 1.0, 1.0, 1.0, 1.0, 1.0, 1.0, 1.0, 0.0, 0.0, 0.0, 0.0, 0.0, 0.0, 0.0, 0.0, 0.0, 0.0, 0.0, 0.0, 0.0, 0.0, 0.0, 0.0, 0.0, 0.0, 0.0, 0.0, 0.0, 0.0, 0.0, 0.0, 1.0, 1.0, 0.0, 0.0, 0.32666666666666666, 0.1799999999994, 0.0022493356154620193, 0.31333333333333335, 0.7971428571420571, 0.003115569118445077, 0.32666666666666666, 0.19428571428525, 0.0032371390868055376, 0.3, 0.9857142857140714, 0.005365081986526127, 0.31333333333333335, 0.6442857142856429, 0.010133253149417069, 0.25333333333333335, 0.7528571428558628, 0.0022746159773719687, 0.31333333333333335, 0.40999999999842857, 0.0021366029557734942, 0.28, 0.80571428571384, 0.011746530436334314, 0.29333333333333333, 0.4742857142835429, 0.0014667384877461351, 0.2866666666666667, 0.39999999999934, 0.004882278855274617, 0.20666666666666667, 0.6014285714285571, 0.04751822264364523, 0.29333333333333333, 0.75142857142848, 0.005228569277877371, 0.2866666666666667, 0.9057142857138172, 0.004299117769788352, 0.2866666666666667, 0.9399999999995485, 0.004461860398297855, 0.28, 0.99428571428472, 0.0032212707579531243, 0.2733333333333333, 0.47428571428561145, 0.042499642035366055, 0.28, 0.26714285714232, 0.0025964553092095925, 0.3333333333333333, 0.28, 0.001285870193510074, 0.22666666666666666, 0.22999999999999715, 0.0165686355466282, 0.26666666666666666, 0.6185714285691428, 0.0016710137868781653, 0.31333333333333335, 0.14285714285633141, 0.0024380051589110016, 0.3333333333333333, 0.24857142857142858, 0.01826460519761248, 0.2733333333333333, 0.181428571428, 0.0005419131062726566, 0.0, 0.0, 0.0, 0.0, 0.0, 0.0, 0.0, 0.0, 0.0, 0.0, 0.0, 0.0, 0.0, 0.0, 0.0, 0.0, 0.0, 0.0, 0.0, 0.0, 0.0, 0.0, 0.0, 0.0, 0.0, 0.0, 0.0, 0.0, 0.0, 0.0, 0.0, 0.0, 0.0, 0.0, 0.0, 0.0, 0.0, 0.0, 0.0, 0.0, 0.0, 0.0, 0.0, 0.0, 0.0, 0.0, 0.0, 0.0, 0.0, 0.0, 0.0, 0.0, 0.0, 0.0, 0.0, 0.0, 0.0, 0.0, 0.0, 0.0, 0.0, 0.0, 0.0, 0.0, 0.0, 0.0, 0.0, 0.0, 0.0, 0.0, 0.0, 0.0, 0.0, 0.0, 0.0, 0.0, 0.0, 0.0, 0.0, 0.0, 0.0, 0.0, 0.0, 0.0, 0.0, 0.0, 0.0, 0.0, 0.0, 0.0, 0.0, 0.0, 0.0, 0.0, 0.0, 0.0, 0.0, 0.0, 0.0, 0.0, 0.0, 0.0, 0.0, 0.0, 0.0, 0.0, 0.0, 0.0, 0.0, 0.0, 0.0, 0.0, 0.0, 0.0, 0.0, 0.0, 0.0, 0.0, 0.0, 0.0, 0.0, 0.0, 0.0],[0, 0, 0, 0, 0, 0, 0, 0, 0, 0, 0, 0, 0, 0, 0, 0, 0, 0, 0, 0, 0, 0, 0, 0, 0, 0, 0, 0, 0, 0, 0, 0, 0, 0, 0, 0, 0, 0, 0, 0, 0, 0, 0, 0, 0, 0, 0, 0, 0, 0, 0, 0, 0, 0, 0, 0, 0, 0, 0, 0, 0, 0, 0, 0]
[0.0, 0.0, 0.0, 1.0, 1.0, 1.0, 1.0, 1.0, 1.0, 1.0, 1.0, 1.0, 1.0, 1.0, 1.0, 1.0, 1.0, 1.0, 1.0, 1.0, 1.0, 1.0, 0.0, 0.0, 1.0, 1.0, 1.0, 1.0, 0.0, 0.0, 0.0, 1.0, 0.0, 0.0, 0.0, 0.0, 0.0, 0.0, 0.0, 0.0, 0.0, 0.0, 0.0, 0.0, 0.0, 0.0, 0.0, 0.0, 0.0, 0.0, 0.0, 0.0, 0.0, 0.0, 0.0, 0.0, 0.0, 0.0, 0.0, 0.0, 0.0, 0.0, 0.0, 0.0, 0.0, 0.0, 1.0, 1.0, 1.0, 1.0, 0.0, 1.0, 1.0, 1.0, 1.0, 1.0, 1.0, 1.0, 1.0, 1.0, 1.0, 1.0, 1.0, 1.0, 1.0, 1.0, 0.0, 0.0, 0.0, 0.0, 0.0, 0.0, 0.0, 0.0, 0.0, 1.0, 1.0, 1.0, 1.0, 0.0, 1.0, 1.0, 1.0, 1.0, 1.0, 1.0, 1.0, 1.0, 1.0, 1.0, 1.0, 0.0, 0.0, 0.0, 0.0, 1.0, 1.0, 1.0, 1.0, 1.0, 1.0, 1.0, 0.0, 0.0, 0.0, 0.0, 0.0, 0.0, 0.0, 0.0, 0.0, 0.0, 0.0, 0.0, 0.0, 0.0, 0.0, 0.0, 0.0, 0.0, 0.0, 0.0, 0.0, 0.0, 0.0, 0.0, 1.0, 1.0, 0.0, 0.0, 0.32666666666666666, 0.1799999999994, 0.0022493356154620193, 0.31333333333333335, 0.7971428571420571, 0.003115569118445077, 0.32666666666666666, 0.19428571428525, 0.0032371390868055376, 0.3, 0.9857142857140714, 0.005365081986526127, 0.31333333333333335, 0.6442857142856429, 0.010133253149417069, 0.25333333333333335, 0.7528571428558628, 0.0022746159773719687, 0.31333333333333335, 0.40999999999842857, 0.0021366029557734942, 0.28, 0.80571428571384, 0.011746530436334314, 0.29333333333333333, 0.4742857142835429, 0.0014667384877461351, 0.2866666666666667, 0.39999999999934, 0.004882278855274617, 0.20666666666666667, 0.6014285714285571, 0.04751822264364523, 0.29333333333333333, 0.75142857142848, 0.005228569277877371, 0.2866666666666667, 0.9057142857138172, 0.004299117769788352, 0.2866666666666667, 0.9399999999995485, 0.004461860398297855, 0.28, 0.99428571428472, 0.0032212707579531243, 0.2733333333333333, 0.47428571428561145, 0.042499642035366055, 0.28, 0.26714285714232, 0.0025964553092095925, 0.3333333333333333, 0.28, 0.001285870193510074, 0.22666666666666666, 0.22999999999999715, 0.0165686355466282, 0.26666666666666666, 0.6185714285691428, 0.0016710137868781653, 0.31333333333333335, 0.14285714285633141, 0.0024380051589110016, 0.3333333333333333, 0.24857142857142858, 0.01826460519761248, 0.2733333333333333, 0.181428571428, 0.0005419131062726566, 0.0, 0.0, 0.0, 0.0, 0.0, 0.0, 0.0, 0.0, 0.0, 0.0, 0.0, 0.0, 0.0, 0.0, 0.0, 0.0, 0.0, 0.0, 0.0, 0.0, 0.0, 0.0, 0.0, 0.0, 0.0, 0.0, 0.0, 0.0, 0.0, 0.0, 0.0, 0.0, 0.0, 0.0, 0.0, 0.0, 0.0, 0.0, 0.0, 0.0, 0.0, 0.0, 0.0, 0.0, 0.0, 0.0, 0.0, 0.0, 0.0, 0.0, 0.0, 0.0, 0.0, 0.0, 0.0, 0.0, 0.0, 0.0, 0.0, 0.0, 0.0, 0.0, 0.0, 0.0, 0.0, 0.0, 0.0, 0.0, 0.0, 0.0, 0.0, 0.0, 0.0, 0.0, 0.0, 0.0, 0.0, 0.0, 0.0, 0.0, 0.0, 0.0, 0.0, 0.0, 0.0, 0.0, 0.0, 0.0, 0.0, 0.0, 0.0, 0.0, 0.0, 0.0, 0.0, 0.0, 0.0, 0.0, 0.0, 0.0, 0.0, 0.0, 0.0, 0.0, 0.0, 0.0, 0.0, 0.0, 0.0, 0.0, 0.0, 0.0, 0.0, 0.0, 0.0, 0.0, 0.0, 0.0, 0.0, 0.0, 0.0, 0.0, 0.0],[1, 0, 0, 0, 0, 0, 0, 0, 0, 0, 0, 0, 0, 0, 0, 0, 0, 0, 0, 0, 0, 0, 0, 0, 0, 0, 0, 0, 0, 0, 0, 0, 0, 0, 0, 0, 0, 0, 0, 0, 0, 0, 0, 0, 0, 0, 0, 0, 0, 0, 0, 0, 0, 0, 0, 0, 0, 0, 0, 0, 0, 0, 0, 0]
[0.0, 0.0, 0.0, 0.0, 0.0, 0.0, 0.0, 0.0, 0.0, 0.0, 0.0, 0.0, 0.0, 0.0, 0.0, 0.0, 0.0, 0.0, 0.0, 0.0, 0.0, 0.0, 0.0, 0.0, 0.0, 0.0, 0.0, 0.0, 0.0, 0.0, 0.0, 0.0, 0.0, 0.0, 0.0, 0.0, 0.0, 0.0, 0.0, 0.0, 0.0, 0.0, 0.0, 0.0, 0.0, 0.0, 0.0, 0.0, 0.0, 0.0, 0.0, 0.0, 0.0, 0.0, 0.0, 0.0, 0.0, 0.0, 0.0, 0.0, 0.0, 0.0, 0.0, 0.0, 0.0, 0.0, 0.0, 0.0, 0.0, 0.0, 0.0, 0.0, 0.0, 0.0, 0.0, 0.0, 0.0, 0.0, 0.0, 0.0, 0.0, 0.0, 0.0, 0.0, 0.0, 0.0, 0.0, 0.0, 0.0, 0.0, 0.0, 0.0, 0.0, 0.0, 0.0, 0.0, 0.0, 0.0, 0.0, 0.0, 0.0, 0.0, 1.0, 1.0, 1.0, 1.0, 1.0, 1.0, 1.0, 1.0, 1.0, 0.0, 0.0, 0.0, 0.0, 1.0, 1.0, 1.0, 1.0, 1.0, 1.0, 1.0, 0.0, 0.0, 0.0, 0.0, 0.0, 0.0, 0.0, 0.0, 0.0, 0.0, 0.0, 0.0, 0.0, 0.0, 0.0, 0.0, 0.0, 0.0, 0.0, 0.0, 0.0, 0.0, 0.0, 0.0, 1.0, 1.0, 0.0, 0.0, 0.31333333333333335, 0.7971428571420571, 0.003115569118445077, 0.32666666666666666, 0.19428571428525, 0.0032371390868055376, 0.3, 0.9857142857140714, 0.005365081986526127, 0.31333333333333335, 0.6442857142856429, 0.010133253149417069, 0.25333333333333335, 0.7528571428558628, 0.0022746159773719687, 0.31333333333333335, 0.40999999999842857, 0.0021366029557734942, 0.28, 0.80571428571384, 0.011746530436334314, 0.29333333333333333, 0.4742857142835429, 0.0014667384877461351, 0.2866666666666667, 0.39999999999934, 0.004882278855274617, 0.20666666666666667, 0.6014285714285571, 0.04751822264364523, 0.29333333333333333, 0.75142857142848, 0.005228569277877371, 0.2866666666666667, 0.9057142857138172, 0.004299117769788352, 0.2866666666666667, 0.9399999999995485, 0.004461860398297855, 0.28, 0.99428571428472, 0.0032212707579531243, 0.2733333333333333, 0.47428571428561145, 0.042499642035366055, 0.28, 0.26714285714232, 0.0025964553092095925, 0.3333333333333333, 0.28, 0.001285870193510074, 0.22666666666666666, 0.22999999999999715, 0.0165686355466282, 0.26666666666666666, 0.6185714285691428, 0.0016710137868781653, 0.31333333333333335, 0.14285714285633141, 0.0024380051589110016, 0.3333333333333333, 0.24857142857142858, 0.01826460519761248, 0.2733333333333333, 0.181428571428, 0.0005419131062726566, 0.0, 0.0, 0.0, 0.0, 0.0, 0.0, 0.0, 0.0, 0.0, 0.0, 0.0, 0.0, 0.0, 0.0, 0.0, 0.0, 0.0, 0.0, 0.0, 0.0, 0.0, 0.0, 0.0, 0.0, 0.0, 0.0, 0.0, 0.0, 0.0, 0.0, 0.0, 0.0, 0.0, 0.0, 0.0, 0.0, 0.0, 0.0, 0.0, 0.0, 0.0, 0.0, 0.0, 0.0, 0.0, 0.0, 0.0, 0.0, 0.0, 0.0, 0.0, 0.0, 0.0, 0.0, 0.0, 0.0, 0.0, 0.0, 0.0, 0.0, 0.0, 0.0, 0.0, 0.0, 0.0, 0.0, 0.0, 0.0, 0.0, 0.0, 0.0, 0.0, 0.0, 0.0, 0.0, 0.0, 0.0, 0.0, 0.0, 0.0, 0.0, 0.0, 0.0, 0.0, 0.0, 0.0, 0.0, 0.0, 0.0, 0.0, 0.0, 0.0, 0.0, 0.0, 0.0, 0.0, 0.0, 0.0, 0.0, 0.0, 0.0, 0.0, 0.0, 0.0, 0.0, 0.0, 0.0, 0.0, 0.0, 0.0, 0.0, 0.0, 0.0, 0.0, 0.0, 0.0, 0.0, 0.0, 0.0, 0.0, 0.0, 0.0, 0.0, 0.0, 0.0, 0.0],[0, 0, 0, 0, 0, 0, 0, 0, 0, 0, 0, 0, 0, 0, 0, 0, 0, 0, 0, 0, 0, 0, 0, 0, 0, 0, 0, 0, 0, 0, 0, 0, 0, 0, 0, 0, 0, 0, 0, 0, 0, 0, 0, 0, 0, 0, 0, 0, 0, 0, 0, 0, 0, 0, 0, 0, 0, 0, 0, 0, 0, 0, 0, 0]
[0.0, 0.0, 0.0, 0.0, 0.0, 0.0, 0.0, 0.0, 0.0, 0.0, 0.0, 0.0, 0.0, 0.0, 0.0, 0.0, 0.0, 0.0, 0.0, 0.0, 0.0, 0.0, 1.0, 1.0, 0.0, 0.0, 0.0, 0.0, 1.0, 1.0, 0.0, 0.0, 1.0, 1.0, 1.0, 1.0, 0.0, 0.0, 0.0, 0.0, 0.0, 1.0, 1.0, 1.0, 1.0, 1.0, 1.0, 1.0, 1.0, 1.0, 1.0, 0.0, 0.0, 0.0, 0.0, 0.0, 0.0, 0.0, 0.0, 0.0, 1.0, 1.0, 1.0, 1.0, 0.0, 0.0, 0.0, 0.0, 0.0, 0.0, 0.0, 0.0, 0.0, 0.0, 0.0, 0.0, 0.0, 0.0, 0.0, 0.0, 0.0, 0.0, 0.0, 0.0, 0.0, 0.0, 1.0, 1.0, 1.0, 1.0, 0.0, 0.0, 0.0, 0.0, 0.0, 0.0, 0.0, 0.0, 0.0, 1.0, 0.0, 0.0, 1.0, 1.0, 1.0, 1.0, 1.0, 1.0, 1.0, 1.0, 1.0, 0.0, 0.0, 0.0, 0.0, 1.0, 1.0, 1.0, 1.0, 1.0, 1.0, 1.0, 1.0, 0.0, 0.0, 1.0, 1.0, 1.0, 1.0, 1.0, 1.0, 1.0, 1.0, 1.0, 1.0, 1.0, 1.0, 1.0, 1.0, 1.0, 0.0, 1.0, 1.0, 1.0, 1.0, 0.0, 1.0, 1.0, 0.0, 0.0, 0.31333333333333335, 0.7971428571420571, 0.003115569118445077, 0.32666666666666666, 0.19428571428525, 0.0032371390868055376, 0.3, 0.9857142857140714, 0.005365081986526127, 0.22666666666666666, 0.26999999999904, 0.005483354957155372, 0.31333333333333335, 0.6442857142856429, 0.010133253149417069, 0.25333333333333335, 0.7528571428558628, 0.0022746159773719687, 0.31333333333333335, 0.40999999999842857, 0.0021366029557734942, 0.28, 0.80571428571384, 0.011746530436334314, 0.29333333333333333, 0.4742857142835429, 0.0014667384877461351, 0.2866666666666667, 0.39999999999934, 0.004882278855274617, 0.20666666666666667, 0.6014285714285571, 0.04751822264364523, 0.29333333333333333, 0.75142857142848, 0.005228569277877371, 0.2866666666666667, 0.9057142857138172, 0.004299117769788352, 0.2866666666666667, 0.9399999999995485, 0.004461860398297855, 0.28, 0.99428571428472, 0.0032212707579531243, 0.2733333333333333, 0.47428571428561145, 0.042499642035366055, 0.28, 0.26714285714232, 0.0025964553092095925, 0.3333333333333333, 0.28, 0.001285870193510074, 0.22666666666666666, 0.22999999999999715, 0.0165686355466282, 0.26666666666666666, 0.6185714285691428, 0.0016710137868781653, 0.31333333333333335, 0.14285714285633141, 0.0024380051589110016, 0.3333333333333333, 0.24857142857142858, 0.01826460519761248, 0.2733333333333333, 0.181428571428, 0.0005419131062726566, 0.0, 0.0, 0.0, 0.0, 0.0, 0.0, 0.0, 0.0, 0.0, 0.0, 0.0, 0.0, 0.0, 0.0, 0.0, 0.0, 0.0, 0.0, 0.0, 0.0, 0.0, 0.0, 0.0, 0.0, 0.0, 0.0, 0.0, 0.0, 0.0, 0.0, 0.0, 0.0, 0.0, 0.0, 0.0, 0.0, 0.0, 0.0, 0.0, 0.0, 0.0, 0.0, 0.0, 0.0, 0.0, 0.0, 0.0, 0.0, 0.0, 0.0, 0.0, 0.0, 0.0, 0.0, 0.0, 0.0, 0.0, 0.0, 0.0, 0.0, 0.0, 0.0, 0.0, 0.0, 0.0, 0.0, 0.0, 0.0, 0.0, 0.0, 0.0, 0.0, 0.0, 0.0, 0.0, 0.0, 0.0, 0.0, 0.0, 0.0, 0.0, 0.0, 0.0, 0.0, 0.0, 0.0, 0.0, 0.0, 0.0, 0.0, 0.0, 0.0, 0.0, 0.0, 0.0, 0.0, 0.0, 0.0, 0.0, 0.0, 0.0, 0.0, 0.0, 0.0, 0.0, 0.0, 0.0, 0.0, 0.0, 0.0, 0.0, 0.0, 0.0, 0.0, 0.0, 0.0, 0.0, 0.0, 0.0, 0.0, 0.0, 0.0, 0.0],[1, 0, 0, 0, 0, 0, 0, 0, 0, 0, 0, 0, 0, 0, 0, 0, 0, 0, 0, 0, 0, 0, 0, 0, 0, 0, 0, 0, 0, 0, 0, 0, 0, 0, 0, 0, 0, 0, 0, 0, 0, 0, 0, 0, 0, 0, 0, 0, 0, 0, 0, 0, 0, 0, 0, 0, 0, 0, 0, 0, 0, 0, 0, 0]
[0.0, 0.0, 0.0, 0.0, 0.0, 0.0, 0.0, 0.0, 0.0, 0.0, 0.0, 0.0, 0.0, 0.0, 0.0, 0.0, 0.0, 0.0, 0.0, 0.0, 0.0, 0.0, 0.0, 0.0, 0.0, 0.0, 0.0, 0.0, 0.0, 0.0, 0.0, 0.0, 0.0, 0.0, 0.0, 0.0, 0.0, 0.0, 0.0, 0.0, 0.0, 0.0, 0.0, 0.0, 0.0, 0.0, 0.0, 0.0, 0.0, 0.0, 0.0, 0.0, 0.0, 0.0, 0.0, 0.0, 0.0, 0.0, 0.0, 0.0, 0.0, 0.0, 0.0, 0.0, 0.0, 0.0, 0.0, 0.0, 0.0, 0.0, 0.0, 0.0, 0.0, 0.0, 0.0, 0.0, 0.0, 0.0, 0.0, 0.0, 0.0, 0.0, 0.0, 0.0, 0.0, 0.0, 0.0, 0.0, 0.0, 0.0, 0.0, 0.0, 0.0, 0.0, 0.0, 0.0, 0.0, 0.0, 0.0, 0.0, 0.0, 0.0, 0.0, 0.0, 0.0, 0.0, 0.0, 0.0, 0.0, 0.0, 0.0, 0.0, 0.0, 0.0, 0.0, 0.0, 0.0, 0.0, 0.0, 0.0, 0.0, 0.0, 0.0, 0.0, 0.0, 0.0, 0.0, 0.0, 1.0, 1.0, 1.0, 1.0, 1.0, 1.0, 1.0, 1.0, 1.0, 1.0, 1.0, 1.0, 0.0, 1.0, 1.0, 1.0, 1.0, 0.0, 1.0, 1.0, 0.0, 0.0, 0.32666666666666666, 0.19428571428525, 0.0032371390868055376, 0.3, 0.9857142857140714, 0.005365081986526127, 0.22666666666666666, 0.26999999999904, 0.005483354957155372, 0.31333333333333335, 0.6442857142856429, 0.010133253149417069, 0.25333333333333335, 0.7528571428558628, 0.0022746159773719687, 0.31333333333333335, 0.40999999999842857, 0.0021366029557734942, 0.28, 0.80571428571384, 0.011746530436334314, 0.29333333333333333, 0.4742857142835429, 0.0014667384877461351, 0.2866666666666667, 0.39999999999934, 0.004882278855274617, 0.20666666666666667, 0.6014285714285571, 0.04751822264364523, 0.29333333333333333, 0.75142857142848, 0.005228569277877371, 0.2866666666666667, 0.9057142857138172, 0.004299117769788352, 0.2866666666666667, 0.9399999999995485, 0.004461860398297855, 0.28, 0.99428571428472, 0.0032212707579531243, 0.2733333333333333, 0.47428571428561145, 0.042499642035366055, 0.28, 0.26714285714232, 0.0025964553092095925, 0.3333333333333333, 0.28, 0.001285870193510074, 0.22666666666666666, 0.22999999999999715, 0.0165686355466282, 0.26666666666666666, 0.6185714285691428, 0.0016710137868781653, 0.31333333333333335, 0.14285714285633141, 0.0024380051589110016, 0.3333333333333333, 0.24857142857142858, 0.01826460519761248, 0.2733333333333333, 0.181428571428, 0.0005419131062726566, 0.0, 0.0, 0.0, 0.0, 0.0, 0.0, 0.0, 0.0, 0.0, 0.0, 0.0, 0.0, 0.0, 0.0, 0.0, 0.0, 0.0, 0.0, 0.0, 0.0, 0.0, 0.0, 0.0, 0.0, 0.0, 0.0, 0.0, 0.0, 0.0, 0.0, 0.0, 0.0, 0.0, 0.0, 0.0, 0.0, 0.0, 0.0, 0.0, 0.0, 0.0, 0.0, 0.0, 0.0, 0.0, 0.0, 0.0, 0.0, 0.0, 0.0, 0.0, 0.0, 0.0, 0.0, 0.0, 0.0, 0.0, 0.0, 0.0, 0.0, 0.0, 0.0, 0.0, 0.0, 0.0, 0.0, 0.0, 0.0, 0.0, 0.0, 0.0, 0.0, 0.0, 0.0, 0.0, 0.0, 0.0, 0.0, 0.0, 0.0, 0.0, 0.0, 0.0, 0.0, 0.0, 0.0, 0.0, 0.0, 0.0, 0.0, 0.0, 0.0, 0.0, 0.0, 0.0, 0.0, 0.0, 0.0, 0.0, 0.0, 0.0, 0.0, 0.0, 0.0, 0.0, 0.0, 0.0, 0.0, 0.0, 0.0, 0.0, 0.0, 0.0, 0.0, 0.0, 0.0, 0.0, 0.0, 0.0, 0.0, 0.0, 0.0, 0.0, 0.0, 0.0, 0.0],[0, 0, 0, 0, 0, 0, 0, 0, 0, 0, 0, 0, 0, 0, 0, 0, 0, 0, 0, 0, 0, 0, 0, 0, 0, 0, 0, 0, 0, 0, 0, 0, 0, 0, 0, 0, 0, 0, 0, 0, 0, 0, 0, 0, 0, 0, 0, 0, 0, 0, 0, 0, 0, 0, 0, 0, 0, 0, 0, 0, 0, 0, 0, 0]
[0.0, 0.0, 0.0, 1.0, 1.0, 1.0, 1.0, 1.0, 1.0, 1.0, 1.0, 1.0, 1.0, 1.0, 1.0, 1.0, 1.0, 1.0, 1.0, 1.0, 1.0, 1.0, 0.0, 0.0, 1.0, 1.0, 1.0, 1.0, 0.0, 0.0, 0.0, 1.0, 0.0, 0.0, 0.0, 0.0, 0.0, 0.0, 0.0, 0.0, 0.0, 0.0, 0.0, 0.0, 0.0, 0.0, 0.0, 0.0, 0.0, 0.0, 0.0, 0.0, 0.0, 0.0, 0.0, 0.0, 0.0, 0.0, 0.0, 0.0, 0.0, 0.0, 0.0, 0.0, 0.0, 0.0, 1.0, 1.0, 1.0, 1.0, 0.0, 1.0, 1.0, 1.0, 1.0, 1.0, 1.0, 1.0, 1.0, 1.0, 1.0, 1.0, 1.0, 1.0, 1.0, 1.0, 0.0, 0.0, 0.0, 0.0, 0.0, 0.0, 0.0, 0.0, 0.0, 1.0, 1.0, 1.0, 1.0, 0.0, 1.0, 1.0, 0.0, 0.0, 0.0, 0.0, 0.0, 0.0, 0.0, 0.0, 0.0, 0.0, 0.0, 0.0, 0.0, 0.0, 0.0, 0.0, 0.0, 0.0, 0.0, 0.0, 0.0, 0.0, 0.0, 0.0, 0.0, 0.0, 1.0, 1.0, 1.0, 1.0, 1.0, 1.0, 1.0, 1.0, 1.0, 1.0, 1.0, 1.0, 0.0, 1.0, 1.0, 1.0, 1.0, 0.0, 1.0, 1.0, 0.0, 0.0, 0.32666666666666666, 0.19428571428525, 0.0032371390868055376, 0.3, 0.9857142857140714, 0.005365081986526127, 0.22666666666666666, 0.26999999999904, 0.005483354957155372, 0.31333333333333335, 0.6442857142856429, 0.010133253149417069, 0.25333333333333335, 0.7528571428558628, 0.0022746159773719687, 0.31333333333333335, 0.40999999999842857, 0.0021366029557734942, 0.28, 0.80571428571384, 0.011746530436334314, 0.29333333333333333, 0.4742857142835429, 0.0014667384877461351, 0.2866666666666667, 0.39999999999934, 0.004882278855274617, 0.20666666666666667, 0.6014285714285571, 0.04751822264364523, 0.29333333333333333, 0.75142857142848, 0.005228569277877371, 0.2866666666666667, 0.9057142857138172, 0.004299117769788352, 0.2866666666666667, 0.9399999999995485, 0.004461860398297855, 0.28, 0.99428571428472, 0.0032212707579531243, 0.2733333333333333, 0.47428571428561145, 0.042499642035366055, 0.28, 0.26714285714232, 0.0025964553092095925, 0.3333333333333333, 0.28, 0.001285870193510074, 0.22666666666666666, 0.22999999999999715, 0.0165686355466282, 0.26666666666666666, 0.6185714285691428, 0.0016710137868781653, 0.31333333333333335, 0.14285714285633141, 0.0024380051589110016, 0.3333333333333333, 0.24857142857142858, 0.01826460519761248, 0.2733333333333333, 0.181428571428, 0.0005419131062726566, 0.0, 0.0, 0.0, 0.0, 0.0, 0.0, 0.0, 0.0, 0.0, 0.0, 0.0, 0.0, 0.0, 0.0, 0.0, 0.0, 0.0, 0.0, 0.0, 0.0, 0.0, 0.0, 0.0, 0.0, 0.0, 0.0, 0.0, 0.0, 0.0, 0.0, 0.0, 0.0, 0.0, 0.0, 0.0, 0.0, 0.0, 0.0, 0.0, 0.0, 0.0, 0.0, 0.0, 0.0, 0.0, 0.0, 0.0, 0.0, 0.0, 0.0, 0.0, 0.0, 0.0, 0.0, 0.0, 0.0, 0.0, 0.0, 0.0, 0.0, 0.0, 0.0, 0.0, 0.0, 0.0, 0.0, 0.0, 0.0, 0.0, 0.0, 0.0, 0.0, 0.0, 0.0, 0.0, 0.0, 0.0, 0.0, 0.0, 0.0, 0.0, 0.0, 0.0, 0.0, 0.0, 0.0, 0.0, 0.0, 0.0, 0.0, 0.0, 0.0, 0.0, 0.0, 0.0, 0.0, 0.0, 0.0, 0.0, 0.0, 0.0, 0.0, 0.0, 0.0, 0.0, 0.0, 0.0, 0.0, 0.0, 0.0, 0.0, 0.0, 0.0, 0.0, 0.0, 0.0, 0.0, 0.0, 0.0, 0.0, 0.0, 0.0, 0.0, 0.0, 0.0, 0.0],[1, 0, 0, 0, 0, 0, 0, 0, 0, 0, 0, 0, 0, 0, 0, 0, 0, 0, 0, 0, 0, 0, 0, 0, 0, 0, 0, 0, 0, 0, 0, 0, 0, 0, 0, 0, 0, 0, 0, 0, 0, 0, 0, 0, 0, 0, 0, 0, 0, 0, 0, 0, 0, 0, 0, 0, 0, 0, 0, 0, 0, 0, 0, 0]
[0.0, 0.0, 0.0, 0.0, 0.0, 0.0, 0.0, 0.0, 0.0, 0.0, 0.0, 0.0, 0.0, 0.0, 0.0, 0.0, 0.0, 0.0, 0.0, 0.0, 0.0, 0.0, 0.0, 0.0, 0.0, 0.0, 0.0, 0.0, 0.0, 0.0, 0.0, 0.0, 0.0, 0.0, 0.0, 0.0, 0.0, 0.0, 0.0, 0.0, 0.0, 0.0, 0.0, 0.0, 0.0, 0.0, 0.0, 0.0, 0.0, 0.0, 0.0, 0.0, 0.0, 0.0, 0.0, 0.0, 0.0, 0.0, 0.0, 0.0, 0.0, 0.0, 0.0, 0.0, 0.0, 0.0, 0.0, 0.0, 0.0, 0.0, 0.0, 0.0, 0.0, 0.0, 0.0, 0.0, 0.0, 0.0, 0.0, 0.0, 0.0, 0.0, 0.0, 0.0, 0.0, 0.0, 0.0, 0.0, 0.0, 0.0, 0.0, 0.0, 0.0, 0.0, 0.0, 0.0, 0.0, 0.0, 0.0, 0.0, 0.0, 0.0, 0.0, 0.0, 0.0, 0.0, 0.0, 0.0, 0.0, 0.0, 0.0, 0.0, 0.0, 0.0, 0.0, 0.0, 0.0, 0.0, 0.0, 0.0, 0.0, 0.0, 0.0, 0.0, 0.0, 0.0, 0.0, 0.0, 1.0, 1.0, 1.0, 1.0, 1.0, 1.0, 1.0, 1.0, 1.0, 1.0, 1.0, 1.0, 0.0, 1.0, 1.0, 1.0, 1.0, 0.0, 1.0, 1.0, 0.0, 0.0, 0.3, 0.9857142857140714, 0.005365081986526127, 0.22666666666666666, 0.26999999999904, 0.005483354957155372, 0.31333333333333335, 0.6442857142856429, 0.010133253149417069, 0.25333333333333335, 0.7528571428558628, 0.0022746159773719687, 0.31333333333333335, 0.40999999999842857, 0.0021366029557734942, 0.28, 0.80571428571384, 0.011746530436334314, 0.29333333333333333, 0.4742857142835429, 0.0014667384877461351, 0.2866666666666667, 0.39999999999934, 0.004882278855274617, 0.20666666666666667, 0.6014285714285571, 0.04751822264364523, 0.29333333333333333, 0.75142857142848, 0.005228569277877371, 0.2866666666666667, 0.9057142857138172, 0.004299117769788352, 0.2866666666666667, 0.9399999999995485, 0.004461860398297855, 0.28, 0.99428571428472, 0.0032212707579531243, 0.2733333333333333, 0.47428571428561145, 0.042499642035366055, 0.28, 0.26714285714232, 0.0025964553092095925, 0.3333333333333333, 0.28, 0.001285870193510074, 0.22666666666666666, 0.22999999999999715, 0.0165686355466282, 0.26666666666666666, 0.6185714285691428, 0.0016710137868781653, 0.31333333333333335, 0.14285714285633141, 0.0024380051589110016, 0.3333333333333333, 0.24857142857142858, 0.01826460519761248, 0.2733333333333333, 0.181428571428, 0.0005419131062726566, 0.0, 0.0, 0.0, 0.0, 0.0, 0.0, 0.0, 0.0, 0.0, 0.0, 0.0, 0.0, 0.0, 0.0, 0.0, 0.0, 0.0, 0.0, 0.0, 0.0, 0.0, 0.0, 0.0, 0.0, 0.0, 0.0, 0.0, 0.0, 0.0, 0.0, 0.0, 0.0, 0.0, 0.0, 0.0, 0.0, 0.0, 0.0, 0.0, 0.0, 0.0, 0.0, 0.0, 0.0, 0.0, 0.0, 0.0, 0.0, 0.0, 0.0, 0.0, 0.0, 0.0, 0.0, 0.0, 0.0, 0.0, 0.0, 0.0, 0.0, 0.0, 0.0, 0.0, 0.0, 0.0, 0.0, 0.0, 0.0, 0.0, 0.0, 0.0, 0.0, 0.0, 0.0, 0.0, 0.0, 0.0, 0.0, 0.0, 0.0, 0.0, 0.0, 0.0, 0.0, 0.0, 0.0, 0.0, 0.0, 0.0, 0.0, 0.0, 0.0, 0.0, 0.0, 0.0, 0.0, 0.0, 0.0, 0.0, 0.0, 0.0, 0.0, 0.0, 0.0, 0.0, 0.0, 0.0, 0.0, 0.0, 0.0, 0.0, 0.0, 0.0, 0.0, 0.0, 0.0, 0.0, 0.0, 0.0, 0.0, 0.0, 0.0, 0.0, 0.0, 0.0, 0.0, 0.0, 0.0, 0.0],[0, 0, 0, 0, 0, 0, 0, 0, 0, 0, 0, 0, 0, 0, 0, 0, 0, 0, 0, 0, 0, 0, 0, 0, 0, 0, 0, 0, 0, 0, 0, 0, 0, 0, 0, 0, 0, 0, 0, 0, 0, 0, 0, 0, 0, 0, 0, 0, 0, 0, 0, 0, 0, 0, 0, 0, 0, 0, 0, 0, 0, 0, 0, 0]
[0.0, 0.0, 0.0, 1.0, 1.0, 1.0, 1.0, 1.0, 1.0, 1.0, 1.0, 1.0, 1.0, 1.0, 1.0, 1.0, 1.0, 1.0, 1.0, 1.0, 1.0, 1.0, 0.0, 0.0, 1.0, 1.0, 1.0, 1.0, 0.0, 0.0, 0.0, 1.0, 0.0, 0.0, 0.0, 0.0, 0.0, 0.0, 0.0, 0.0, 0.0, 0.0, 0.0, 0.0, 0.0, 0.0, 0.0, 0.0, 0.0, 0.0, 0.0, 0.0, 0.0, 0.0, 0.0, 0.0, 0.0, 0.0, 0.0, 0.0, 0.0, 0.0, 0.0, 0.0, 0.0, 0.0, 1.0, 1.0, 1.0, 1.0, 0.0, 1.0, 1.0, 1.0, 1.0, 1.0, 1.0, 1.0, 1.0, 1.0, 1.0, 1.0, 1.0, 1.0, 1.0, 1.0, 0.0, 0.0, 0.0, 0.0, 0.0, 0.0, 0.0, 0.0, 0.0, 1.0, 1.0, 1.0, 1.0, 0.0, 1.0, 1.0, 0.0, 0.0, 0.0, 0.0, 0.0, 0.0, 0.0, 0.0, 0.0, 0.0, 0.0, 0.0, 0.0, 0.0, 0.0, 0.0, 0.0, 0.0, 0.0, 0.0, 0.0, 0.0, 0.0, 0.0, 0.0, 0.0, 1.0, 1.0, 1.0, 1.0, 1.0, 1.0, 1.0, 1.0, 1.0, 1.0, 1.0, 1.0, 0.0, 1.0, 1.0, 1.0, 1.0, 0.0, 1.0, 1.0, 0.0, 0.0, 0.3, 0.9857142857140714, 0.005365081986526127, 0.22666666666666666, 0.26999999999904, 0.005483354957155372, 0.31333333333333335, 0.6442857142856429, 0.010133253149417069, 0.25333333333333335, 0.7528571428558628, 0.0022746159773719687, 0.31333333333333335, 0.40999999999842857, 0.0021366029557734942, 0.28, 0.80571428571384, 0.011746530436334314, 0.29333333333333333, 0.4742857142835429, 0.0014667384877461351, 0.2866666666666667, 0.39999999999934, 0.004882278855274617, 0.20666666666666667, 0.6014285714285571, 0.04751822264364523, 0.29333333333333333, 0.75142857142848, 0.005228569277877371, 0.2866666666666667, 0.9057142857138172, 0.004299117769788352, 0.2866666666666667, 0.9399999999995485, 0.004461860398297855, 0.28, 0.99428571428472, 0.0032212707579531243, 0.2733333333333333, 0.47428571428561145, 0.042499642035366055, 0.28, 0.26714285714232, 0.0025964553092095925, 0.3333333333333333, 0.28, 0.001285870193510074, 0.22666666666666666, 0.22999999999999715, 0.0165686355466282, 0.26666666666666666, 0.6185714285691428, 0.0016710137868781653, 0.31333333333333335, 0.14285714285633141, 0.0024380051589110016, 0.3333333333333333, 0.24857142857142858, 0.01826460519761248, 0.2733333333333333, 0.181428571428, 0.0005419131062726566, 0.0, 0.0, 0.0, 0.0, 0.0, 0.0, 0.0, 0.0, 0.0, 0.0, 0.0, 0.0, 0.0, 0.0, 0.0, 0.0, 0.0, 0.0, 0.0, 0.0, 0.0, 0.0, 0.0, 0.0, 0.0, 0.0, 0.0, 0.0, 0.0, 0.0, 0.0, 0.0, 0.0, 0.0, 0.0, 0.0, 0.0, 0.0, 0.0, 0.0, 0.0, 0.0, 0.0, 0.0, 0.0, 0.0, 0.0, 0.0, 0.0, 0.0, 0.0, 0.0, 0.0, 0.0, 0.0, 0.0, 0.0, 0.0, 0.0, 0.0, 0.0, 0.0, 0.0, 0.0, 0.0, 0.0, 0.0, 0.0, 0.0, 0.0, 0.0, 0.0, 0.0, 0.0, 0.0, 0.0, 0.0, 0.0, 0.0, 0.0, 0.0, 0.0, 0.0, 0.0, 0.0, 0.0, 0.0, 0.0, 0.0, 0.0, 0.0, 0.0, 0.0, 0.0, 0.0, 0.0, 0.0, 0.0, 0.0, 0.0, 0.0, 0.0, 0.0, 0.0, 0.0, 0.0, 0.0, 0.0, 0.0, 0.0, 0.0, 0.0, 0.0, 0.0, 0.0, 0.0, 0.0, 0.0, 0.0, 0.0, 0.0, 0.0, 0.0, 0.0, 0.0, 0.0, 0.0, 0.0, 0.0],[1, 0, 0, 0, 0, 0, 0, 0, 0, 0, 0, 0, 0, 0, 0, 0, 0, 0, 0, 0, 0, 0, 0, 0, 0, 0, 0, 0, 0, 0, 0, 0, 0, 0, 0, 0, 0, 0, 0, 0, 0, 0, 0, 0, 0, 0, 0, 0, 0, 0, 0, 0, 0, 0, 0, 0, 0, 0, 0, 0, 0, 0, 0, 0]
[0.0, 0.0, 0.0, 0.0, 0.0, 0.0, 0.0, 0.0, 0.0, 0.0, 0.0, 0.0, 0.0, 0.0, 0.0, 0.0, 0.0, 0.0, 0.0, 0.0, 0.0, 0.0, 0.0, 0.0, 0.0, 0.0, 0.0, 0.0, 0.0, 0.0, 0.0, 0.0, 0.0, 0.0, 0.0, 0.0, 0.0, 0.0, 0.0, 0.0, 0.0, 0.0, 0.0, 0.0, 0.0, 0.0, 0.0, 0.0, 0.0, 0.0, 0.0, 0.0, 0.0, 0.0, 0.0, 0.0, 0.0, 0.0, 0.0, 0.0, 0.0, 0.0, 0.0, 0.0, 0.0, 0.0, 0.0, 0.0, 0.0, 0.0, 0.0, 0.0, 0.0, 0.0, 0.0, 0.0, 0.0, 0.0, 0.0, 0.0, 0.0, 0.0, 0.0, 0.0, 0.0, 0.0, 0.0, 0.0, 0.0, 0.0, 0.0, 0.0, 0.0, 0.0, 0.0, 0.0, 0.0, 1.0, 1.0, 0.0, 1.0, 1.0, 0.0, 0.0, 0.0, 0.0, 0.0, 0.0, 0.0, 0.0, 0.0, 0.0, 0.0, 0.0, 0.0, 0.0, 0.0, 0.0, 0.0, 0.0, 0.0, 0.0, 0.0, 0.0, 0.0, 0.0, 0.0, 0.0, 1.0, 1.0, 1.0, 1.0, 1.0, 1.0, 1.0, 1.0, 1.0, 1.0, 1.0, 1.0, 0.0, 1.0, 1.0, 1.0, 1.0, 0.0, 1.0, 1.0, 0.0, 0.0, 0.22666666666666666, 0.26999999999904, 0.005483354957155372, 0.31333333333333335, 0.6442857142856429, 0.010133253149417069, 0.25333333333333335, 0.7528571428558628, 0.0022746159773719687, 0.31333333333333335, 0.40999999999842857, 0.0021366029557734942, 0.28, 0.80571428571384, 0.011746530436334314, 0.29333333333333333, 0.4742857142835429, 0.0014667384877461351, 0.2866666666666667, 0.39999999999934, 0.004882278855274617, 0.20666666666666667, 0.6014285714285571, 0.04751822264364523, 0.29333333333333333, 0.75142857142848, 0.005228569277877371, 0.2866666666666667, 0.9057142857138172, 0.004299117769788352, 0.2866666666666667, 0.9399999999995485, 0.004461860398297855, 0.28, 0.99428571428472, 0.0032212707579531243, 0.2733333333333333, 0.47428571428561145, 0.042499642035366055, 0.28, 0.26714285714232, 0.0025964553092095925, 0.3333333333333333, 0.28, 0.001285870193510074, 0.22666666666666666, 0.22999999999999715, 0.0165686355466282, 0.26666666666666666, 0.6185714285691428, 0.0016710137868781653, 0.31333333333333335, 0.14285714285633141, 0.0024380051589110016, 0.3333333333333333, 0.24857142857142858, 0.01826460519761248, 0.2733333333333333, 0.181428571428, 0.0005419131062726566, 0.0, 0.0, 0.0, 0.0, 0.0, 0.0, 0.0, 0.0, 0.0, 0.0, 0.0, 0.0, 0.0, 0.0, 0.0, 0.0, 0.0, 0.0, 0.0, 0.0, 0.0, 0.0, 0.0, 0.0, 0.0, 0.0, 0.0, 0.0, 0.0, 0.0, 0.0, 0.0, 0.0, 0.0, 0.0, 0.0, 0.0, 0.0, 0.0, 0.0, 0.0, 0.0, 0.0, 0.0, 0.0, 0.0, 0.0, 0.0, 0.0, 0.0, 0.0, 0.0, 0.0, 0.0, 0.0, 0.0, 0.0, 0.0, 0.0, 0.0, 0.0, 0.0, 0.0, 0.0, 0.0, 0.0, 0.0, 0.0, 0.0, 0.0, 0.0, 0.0, 0.0, 0.0, 0.0, 0.0, 0.0, 0.0, 0.0, 0.0, 0.0, 0.0, 0.0, 0.0, 0.0, 0.0, 0.0, 0.0, 0.0, 0.0, 0.0, 0.0, 0.0, 0.0, 0.0, 0.0, 0.0, 0.0, 0.0, 0.0, 0.0, 0.0, 0.0, 0.0, 0.0, 0.0, 0.0, 0.0, 0.0, 0.0, 0.0, 0.0, 0.0, 0.0, 0.0, 0.0, 0.0, 0.0, 0.0, 0.0, 0.0, 0.0, 0.0, 0.0, 0.0, 0.0, 0.0, 0.0, 0.0, 0.0, 0.0, 0.0],[0, 0, 0, 0, 0, 0, 0, 0, 0, 0, 0, 0, 0, 0, 0, 0, 0, 0, 0, 0, 0, 0, 0, 0, 0, 0, 0, 0, 0, 0, 0, 0, 0, 0, 0, 0, 0, 0, 0, 0, 0, 0, 0, 0, 0, 0, 0, 0, 0, 0, 0, 0, 0, 0, 0, 0, 0, 0, 0, 0, 0, 0, 0, 0]
[0.0, 0.0, 0.0, 0.0, 0.0, 0.0, 0.0, 0.0, 0.0, 0.0, 0.0, 0.0, 0.0, 0.0, 0.0, 0.0, 0.0, 0.0, 0.0, 0.0, 0.0, 0.0, 1.0, 1.0, 0.0, 0.0, 0.0, 0.0, 1.0, 1.0, 0.0, 0.0, 1.0, 1.0, 1.0, 1.0, 0.0, 0.0, 0.0, 0.0, 0.0, 1.0, 1.0, 1.0, 1.0, 1.0, 1.0, 1.0, 1.0, 1.0, 1.0, 0.0, 0.0, 0.0, 0.0, 0.0, 0.0, 0.0, 0.0, 0.0, 1.0, 1.0, 1.0, 1.0, 0.0, 0.0, 0.0, 0.0, 0.0, 0.0, 0.0, 0.0, 0.0, 0.0, 0.0, 0.0, 0.0, 0.0, 0.0, 0.0, 0.0, 0.0, 0.0, 0.0, 0.0, 0.0, 1.0, 1.0, 1.0, 1.0, 0.0, 0.0, 0.0, 0.0, 0.0, 0.0, 0.0, 1.0, 1.0, 1.0, 1.0, 1.0, 1.0, 1.0, 1.0, 1.0, 1.0, 1.0, 1.0, 1.0, 1.0, 0.0, 0.0, 0.0, 0.0, 1.0, 1.0, 1.0, 1.0, 1.0, 1.0, 1.0, 1.0, 0.0, 0.0, 1.0, 1.0, 1.0, 1.0, 1.0, 1.0, 1.0, 1.0, 1.0, 1.0, 1.0, 1.0, 1.0, 1.0, 1.0, 0.0, 1.0, 1.0, 1.0, 1.0, 0.0, 1.0, 1.0, 0.0, 0.0, 0.22666666666666666, 0.26999999999904, 0.005483354957155372, 0.31333333333333335, 0.6442857142856429, 0.010133253149417069, 0.25333333333333335, 0.7528571428558628, 0.0022746159773719687, 0.31333333333333335, 0.40999999999842857, 0.0021366029557734942, 0.28, 0.80571428571384, 0.011746530436334314, 0.29333333333333333, 0.4742857142835429, 0.0014667384877461351, 0.2866666666666667, 0.39999999999934, 0.004882278855274617, 0.20666666666666667, 0.6014285714285571, 0.04751822264364523, 0.29333333333333333, 0.75142857142848, 0.005228569277877371, 0.2866666666666667, 0.9057142857138172, 0.004299117769788352, 0.2866666666666667, 0.9399999999995485, 0.004461860398297855, 0.28, 0.99428571428472, 0.0032212707579531243, 0.2733333333333333, 0.47428571428561145, 0.042499642035366055, 0.28, 0.26714285714232, 0.0025964553092095925, 0.3333333333333333, 0.28, 0.001285870193510074, 0.22666666666666666, 0.22999999999999715, 0.0165686355466282, 0.26666666666666666, 0.6185714285691428, 0.0016710137868781653, 0.31333333333333335, 0.14285714285633141, 0.0024380051589110016, 0.3333333333333333, 0.24857142857142858, 0.01826460519761248, 0.2733333333333333, 0.181428571428, 0.0005419131062726566, 0.0, 0.0, 0.0, 0.0, 0.0, 0.0, 0.0, 0.0, 0.0, 0.0, 0.0, 0.0, 0.0, 0.0, 0.0, 0.0, 0.0, 0.0, 0.0, 0.0, 0.0, 0.0, 0.0, 0.0, 0.0, 0.0, 0.0, 0.0, 0.0, 0.0, 0.0, 0.0, 0.0, 0.0, 0.0, 0.0, 0.0, 0.0, 0.0, 0.0, 0.0, 0.0, 0.0, 0.0, 0.0, 0.0, 0.0, 0.0, 0.0, 0.0, 0.0, 0.0, 0.0, 0.0, 0.0, 0.0, 0.0, 0.0, 0.0, 0.0, 0.0, 0.0, 0.0, 0.0, 0.0, 0.0, 0.0, 0.0, 0.0, 0.0, 0.0, 0.0, 0.0, 0.0, 0.0, 0.0, 0.0, 0.0, 0.0, 0.0, 0.0, 0.0, 0.0, 0.0, 0.0, 0.0, 0.0, 0.0, 0.0, 0.0, 0.0, 0.0, 0.0, 0.0, 0.0, 0.0, 0.0, 0.0, 0.0, 0.0, 0.0, 0.0, 0.0, 0.0, 0.0, 0.0, 0.0, 0.0, 0.0, 0.0, 0.0, 0.0, 0.0, 0.0, 0.0, 0.0, 0.0, 0.0, 0.0, 0.0, 0.0, 0.0, 0.0, 0.0, 0.0, 0.0, 0.0, 0.0, 0.0, 0.0, 0.0, 0.0],[1, 0, 0, 0, 0, 0, 0, 1, 0, 0, 0, 0, 0, 0, 0, 0, 0, 0, 0, 0, 0, 0, 0, 0, 0, 0, 0, 0, 0, 0, 0, 0, 0, 0, 0, 0, 0, 0, 0, 0, 0, 0, 0, 0, 0, 0, 0, 0, 0, 0, 0, 0, 0, 0, 0, 0, 0, 0, 0, 0, 0, 0, 0, 0]
[0.0, 0.0, 0.0, 0.0, 0.0, 0.0, 0.0, 0.0, 0.0, 0.0, 0.0, 0.0, 0.0, 0.0, 0.0, 0.0, 0.0, 0.0, 0.0, 0.0, 0.0, 0.0, 0.0, 0.0, 0.0, 0.0, 0.0, 0.0, 0.0, 0.0, 0.0, 0.0, 0.0, 0.0, 0.0, 0.0, 0.0, 0.0, 0.0, 0.0, 0.0, 0.0, 0.0, 0.0, 0.0, 0.0, 0.0, 0.0, 0.0, 0.0, 0.0, 0.0, 0.0, 0.0, 0.0, 0.0, 0.0, 0.0, 0.0, 0.0, 0.0, 0.0, 0.0, 0.0, 0.0, 0.0, 0.0, 0.0, 0.0, 0.0, 0.0, 0.0, 0.0, 0.0, 0.0, 0.0, 0.0, 0.0, 0.0, 0.0, 0.0, 0.0, 0.0, 0.0, 0.0, 0.0, 0.0, 0.0, 0.0, 0.0, 0.0, 0.0, 0.0, 0.0, 0.0, 0.0, 0.0, 0.0, 0.0, 0.0, 0.0, 0.0, 0.0, 0.0, 0.0, 0.0, 0.0, 0.0, 0.0, 0.0, 0.0, 0.0, 0.0, 0.0, 0.0, 0.0, 0.0, 0.0, 0.0, 0.0, 0.0, 0.0, 0.0, 0.0, 0.0, 0.0, 0.0, 0.0, 0.0, 0.0, 0.0, 0.0, 0.0, 0.0, 0.0, 0.0, 0.0, 0.0, 0.0, 0.0, 0.0, 0.0, 0.0, 1.0, 1.0, 0.0, 1.0, 1.0, 0.0, 0.0, 0.31333333333333335, 0.6442857142856429, 0.010133253149417069, 0.25333333333333335, 0.7528571428558628, 0.0022746159773719687, 0.31333333333333335, 0.40999999999842857, 0.0021366029557734942, 0.28, 0.80571428571384, 0.011746530436334314, 0.29333333333333333, 0.4742857142835429, 0.0014667384877461351, 0.2866666666666667, 0.39999999999934, 0.004882278855274617, 0.29333333333333333, 0.75142857142848, 0.005228569277877371, 0.2866666666666667, 0.9057142857138172, 0.004299117769788352, 0.2866666666666667, 0.9399999999995485, 0.004461860398297855, 0.28, 0.99428571428472, 0.0032212707579531243, 0.2733333333333333, 0.47428571428561145, 0.042499642035366055, 0.28, 0.26714285714232, 0.0025964553092095925, 0.3333333333333333, 0.28, 0.001285870193510074, 0.22666666666666666, 0.22999999999999715, 0.0165686355466282, 0.26666666666666666, 0.6185714285691428, 0.0016710137868781653, 0.31333333333333335, 0.14285714285633141, 0.0024380051589110016, 0.3333333333333333, 0.24857142857142858, 0.01826460519761248, 0.2733333333333333, 0.181428571428, 0.0005419131062726566, 0.0, 0.0, 0.0, 0.0, 0.0, 0.0, 0.0, 0.0, 0.0, 0.0, 0.0, 0.0, 0.0, 0.0, 0.0, 0.0, 0.0, 0.0, 0.0, 0.0, 0.0, 0.0, 0.0, 0.0, 0.0, 0.0, 0.0, 0.0, 0.0, 0.0, 0.0, 0.0, 0.0, 0.0, 0.0, 0.0, 0.0, 0.0, 0.0, 0.0, 0.0, 0.0, 0.0, 0.0, 0.0, 0.0, 0.0, 0.0, 0.0, 0.0, 0.0, 0.0, 0.0, 0.0, 0.0, 0.0, 0.0, 0.0, 0.0, 0.0, 0.0, 0.0, 0.0, 0.0, 0.0, 0.0, 0.0, 0.0, 0.0, 0.0, 0.0, 0.0, 0.0, 0.0, 0.0, 0.0, 0.0, 0.0, 0.0, 0.0, 0.0, 0.0, 0.0, 0.0, 0.0, 0.0, 0.0, 0.0, 0.0, 0.0, 0.0, 0.0, 0.0, 0.0, 0.0, 0.0, 0.0, 0.0, 0.0, 0.0, 0.0, 0.0, 0.0, 0.0, 0.0, 0.0, 0.0, 0.0, 0.0, 0.0, 0.0, 0.0, 0.0, 0.0, 0.0, 0.0, 0.0, 0.0, 0.0, 0.0, 0.0, 0.0, 0.0, 0.0, 0.0, 0.0, 0.0, 0.0, 0.0, 0.0, 0.0, 0.0, 0.0, 0.0, 0.0, 0.0, 0.0, 0.0],[0, 0, 0, 0, 0, 0, 0, 0, 0, 0, 0, 0, 0, 0, 0, 0, 0, 0, 0, 0, 0, 0, 0, 0, 0, 0, 0, 0, 0, 0, 0, 0, 0, 0, 0, 0, 0, 0, 0, 0, 0, 0, 0, 0, 0, 0, 0, 0, 0, 0, 0, 0, 0, 0, 0, 0, 0, 0, 0, 0, 0, 0, 0, 0]
[0.0, 0.0, 0.0, 0.0, 0.0, 0.0, 0.0, 0.0, 0.0, 0.0, 0.0, 0.0, 0.0, 0.0, 0.0, 0.0, 0.0, 0.0, 0.0, 0.0, 0.0, 0.0, 0.0, 0.0, 0.0, 0.0, 0.0, 0.0, 0.0, 0.0, 1.0, 0.0, 0.0, 0.0, 0.0, 0.0, 0.0, 0.0, 0.0, 0.0, 0.0, 0.0, 0.0, 0.0, 0.0, 0.0, 0.0, 0.0, 0.0, 0.0, 0.0, 1.0, 1.0, 1.0, 1.0, 1.0, 1.0, 1.0, 1.0, 1.0, 0.0, 0.0, 0.0, 0.0, 1.0, 1.0, 0.0, 0.0, 0.0, 0.0, 1.0, 0.0, 0.0, 0.0, 0.0, 0.0, 0.0, 0.0, 0.0, 0.0, 0.0, 0.0, 0.0, 0.0, 0.0, 0.0, 0.0, 0.0, 0.0, 0.0, 1.0, 1.0, 1.0, 1.0, 1.0, 0.0, 0.0, 0.0, 0.0, 0.0, 0.0, 0.0, 0.0, 0.0, 0.0, 0.0, 0.0, 0.0, 0.0, 0.0, 0.0, 0.0, 0.0, 0.0, 0.0, 0.0, 0.0, 0.0, 0.0, 0.0, 0.0, 0.0, 0.0, 0.0, 0.0, 0.0, 0.0, 0.0, 0.0, 0.0, 0.0, 0.0, 0.0, 0.0, 0.0, 0.0, 0.0, 0.0, 0.0, 0.0, 0.0, 0.0, 0.0, 1.0, 1.0, 0.0, 1.0, 1.0, 0.0, 0.0, 0.31333333333333335, 0.6442857142856429, 0.010133253149417069, 0.25333333333333335, 0.7528571428558628, 0.0022746159773719687, 0.31333333333333335, 0.40999999999842857, 0.0021366029557734942, 0.28, 0.80571428571384, 0.011746530436334314, 0.29333333333333333, 0.4742857142835429, 0.0014667384877461351, 0.2866666666666667, 0.39999999999934, 0.004882278855274617, 0.20666666666666667, 0.4728571428563143, 0.003735993276726695, 0.29333333333333333, 0.75142857142848, 0.005228569277877371, 0.2866666666666667, 0.9057142857138172, 0.004299117769788352, 0.2866666666666667, 0.9399999999995485, 0.004461860398297855, 0.28, 0.99428571428472, 0.0032212707579531243, 0.02666666666666667, 0.1685714285713257, 0.009107604011650429, 0.2733333333333333, 0.47428571428561145, 0.042499642035366055, 0.28, 0.26714285714232, 0.0025964553092095925, 0.3333333333333333, 0.28, 0.001285870193510074, 0.22666666666666666, 0.22999999999999715, 0.0165686355466282, 0.26666666666666666, 0.6185714285691428, 0.0016710137868781653, 0.31333333333333335, 0.14285714285633141, 0.0024380051589110016, 0.3333333333333333, 0.24857142857142858, 0.01826460519761248, 0.2733333333333333, 0.181428571428, 0.0005419131062726566, 0.0, 0.0, 0.0, 0.0, 0.0, 0.0, 0.0, 0.0, 0.0, 0.0, 0.0, 0.0, 0.0, 0.0, 0.0, 0.0, 0.0, 0.0, 0.0, 0.0, 0.0, 0.0, 0.0, 0.0, 0.0, 0.0, 0.0, 0.0, 0.0, 0.0, 0.0, 0.0, 0.0, 0.0, 0.0, 0.0, 0.0, 0.0, 0.0, 0.0, 0.0, 0.0, 0.0, 0.0, 0.0, 0.0, 0.0, 0.0, 0.0, 0.0, 0.0, 0.0, 0.0, 0.0, 0.0, 0.0, 0.0, 0.0, 0.0, 0.0, 0.0, 0.0, 0.0, 0.0, 0.0, 0.0, 0.0, 0.0, 0.0, 0.0, 0.0, 0.0, 0.0, 0.0, 0.0, 0.0, 0.0, 0.0, 0.0, 0.0, 0.0, 0.0, 0.0, 0.0, 0.0, 0.0, 0.0, 0.0, 0.0, 0.0, 0.0, 0.0, 0.0, 0.0, 0.0, 0.0, 0.0, 0.0, 0.0, 0.0, 0.0, 0.0, 0.0, 0.0, 0.0, 0.0, 0.0, 0.0, 0.0, 0.0, 0.0, 0.0, 0.0, 0.0, 0.0, 0.0, 0.0, 0.0, 0.0, 0.0, 0.0, 0.0, 0.0, 0.0, 0.0, 0.0, 0.0, 0.0, 0.0, 0.0, 0.0, 0.0],[0, 0, 0, 0, 0, 0, 0, 0, 0, 0, 0, 1, 0, 0, 0, 0, 0, 0, 0, 0, 0, 0, 0, 0, 0, 0, 0, 0, 0, 0, 0, 0, 0, 0, 0, 0, 0, 0, 0, 0, 0, 0, 0, 0, 0, 0, 0, 0, 0, 0, 0, 0, 0, 0, 0, 0, 0, 0, 0, 0, 0, 0, 0, 0]
[0.0, 0.0, 0.0, 0.0, 0.0, 0.0, 0.0, 0.0, 0.0, 0.0, 0.0, 0.0, 0.0, 0.0, 0.0, 0.0, 0.0, 0.0, 0.0, 0.0, 0.0, 0.0, 0.0, 0.0, 0.0, 0.0, 0.0, 0.0, 0.0, 0.0, 0.0, 0.0, 0.0, 0.0, 0.0, 0.0, 0.0, 0.0, 0.0, 0.0, 0.0, 0.0, 0.0, 0.0, 0.0, 0.0, 0.0, 0.0, 0.0, 0.0, 0.0, 0.0, 0.0, 0.0, 1.0, 1.0, 1.0, 1.0, 1.0, 1.0, 0.0, 0.0, 0.0, 0.0, 1.0, 1.0, 0.0, 0.0, 0.0, 0.0, 1.0, 0.0, 0.0, 0.0, 0.0, 0.0, 0.0, 0.0, 0.0, 0.0, 0.0, 0.0, 0.0, 0.0, 0.0, 0.0, 0.0, 0.0, 0.0, 0.0, 1.0, 1.0, 1.0, 1.0, 1.0, 0.0, 0.0, 0.0, 0.0, 0.0, 0.0, 0.0, 0.0, 0.0, 0.0, 0.0, 0.0, 0.0, 0.0, 0.0, 0.0, 0.0, 0.0, 0.0, 0.0, 0.0, 0.0, 0.0, 0.0, 0.0, 0.0, 0.0, 0.0, 0.0, 0.0, 0.0, 0.0, 0.0, 0.0, 0.0, 0.0, 0.0, 0.0, 0.0, 0.0, 0.0, 0.0, 0.0, 0.0, 0.0, 0.0, 0.0, 0.0, 1.0, 1.0, 0.0, 1.0, 1.0, 0.0, 0.0, 0.31333333333333335, 0.6442857142856429, 0.010133253149417069, 0.25333333333333335, 0.7528571428558628, 0.0022746159773719687, 0.31333333333333335, 0.40999999999842857, 0.0021366029557734942, 0.28, 0.80571428571384, 0.011746530436334314, 0.29333333333333333, 0.4742857142835429, 0.0014667384877461351, 0.2866666666666667, 0.39999999999934, 0.004882278855274617, 0.20666666666666667, 0.4728571428563143, 0.003735993276726695, 0.29333333333333333, 0.75142857142848, 0.005228569277877371, 0.2866666666666667, 0.9057142857138172, 0.004299117769788352, 0.2866666666666667, 0.9399999999995485, 0.004461860398297855, 0.28, 0.99428571428472, 0.0032212707579531243, 0.2733333333333333, 0.47428571428561145, 0.042499642035366055, 0.28, 0.26714285714232, 0.0025964553092095925, 0.3333333333333333, 0.28, 0.001285870193510074, 0.22666666666666666, 0.22999999999999715, 0.0165686355466282, 0.26666666666666666, 0.6185714285691428, 0.0016710137868781653, 0.31333333333333335, 0.14285714285633141, 0.0024380051589110016, 0.3333333333333333, 0.24857142857142858, 0.01826460519761248, 0.2733333333333333, 0.181428571428, 0.0005419131062726566, 0.0, 0.0, 0.0, 0.0, 0.0, 0.0, 0.0, 0.0, 0.0, 0.0, 0.0, 0.0, 0.0, 0.0, 0.0, 0.0, 0.0, 0.0, 0.0, 0.0, 0.0, 0.0, 0.0, 0.0, 0.0, 0.0, 0.0, 0.0, 0.0, 0.0, 0.0, 0.0, 0.0, 0.0, 0.0, 0.0, 0.0, 0.0, 0.0, 0.0, 0.0, 0.0, 0.0, 0.0, 0.0, 0.0, 0.0, 0.0, 0.0, 0.0, 0.0, 0.0, 0.0, 0.0, 0.0, 0.0, 0.0, 0.0, 0.0, 0.0, 0.0, 0.0, 0.0, 0.0, 0.0, 0.0, 0.0, 0.0, 0.0, 0.0, 0.0, 0.0, 0.0, 0.0, 0.0, 0.0, 0.0, 0.0, 0.0, 0.0, 0.0, 0.0, 0.0, 0.0, 0.0, 0.0, 0.0, 0.0, 0.0, 0.0, 0.0, 0.0, 0.0, 0.0, 0.0, 0.0, 0.0, 0.0, 0.0, 0.0, 0.0, 0.0, 0.0, 0.0, 0.0, 0.0, 0.0, 0.0, 0.0, 0.0, 0.0, 0.0, 0.0, 0.0, 0.0, 0.0, 0.0, 0.0, 0.0, 0.0, 0.0, 0.0, 0.0, 0.0, 0.0, 0.0, 0.0, 0.0, 0.0, 0.0, 0.0, 0.0, 0.0, 0.0, 0.0],[0, 0, 0, 0, 0, 0, 0, 0, 0, 0, 0, 0, 0, 0, 0, 0, 0, 0, 0, 0, 0, 0, 0, 0, 0, 0, 0, 0, 0, 0, 0, 0, 0, 0, 0, 0, 0, 0, 0, 0, 0, 0, 0, 0, 0, 0, 0, 0, 0, 0, 0, 0, 0, 0, 0, 0, 0, 0, 0, 0, 0, 0, 0, 0]
[0.0, 0.0, 0.0, 0.0, 0.0, 0.0, 0.0, 0.0, 0.0, 0.0, 0.0, 0.0, 0.0, 0.0, 0.0, 0.0, 0.0, 0.0, 0.0, 0.0, 0.0, 0.0, 1.0, 1.0, 0.0, 0.0, 0.0, 0.0, 1.0, 1.0, 0.0, 0.0, 1.0, 1.0, 1.0, 1.0, 0.0, 0.0, 0.0, 0.0, 0.0, 1.0, 1.0, 1.0, 1.0, 1.0, 1.0, 1.0, 1.0, 1.0, 1.0, 0.0, 0.0, 0.0, 1.0, 1.0, 1.0, 1.0, 1.0, 1.0, 1.0, 1.0, 1.0, 1.0, 1.0, 1.0, 0.0, 0.0, 0.0, 0.0, 1.0, 0.0, 0.0, 0.0, 0.0, 0.0, 0.0, 0.0, 0.0, 0.0, 0.0, 0.0, 0.0, 0.0, 0.0, 0.0, 1.0, 1.0, 1.0, 1.0, 1.0, 1.0, 1.0, 1.0, 1.0, 0.0, 0.0, 1.0, 1.0, 1.0, 1.0, 1.0, 1.0, 1.0, 1.0, 0.0, 0.0, 0.0, 0.0, 0.0, 0.0, 0.0, 0.0, 0.0, 0.0, 0.0, 0.0, 0.0, 0.0, 0.0, 0.0, 0.0, 0.0, 0.0, 0.0, 0.0, 0.0, 0.0, 0.0, 0.0, 0.0, 0.0, 0.0, 0.0, 0.0, 0.0, 0.0, 0.0, 0.0, 0.0, 0.0, 0.0, 0.0, 1.0, 1.0, 0.0, 1.0, 1.0, 0.0, 0.0, 0.31333333333333335, 0.6442857142856429, 0.010133253149417069, 0.25333333333333335, 0.7528571428558628, 0.0022746159773719687, 0.31333333333333335, 0.40999999999842857, 0.0021366029557734942, 0.28, 0.80571428571384, 0.011746530436334314, 0.29333333333333333, 0.4742857142835429, 0.0014667384877461351, 0.2866666666666667, 0.39999999999934, 0.004882278855274617, 0.20666666666666667, 0.4728571428563143, 0.003735993276726695, 0.29333333333333333, 0.75142857142848, 0.005228569277877371, 0.2866666666666667, 0.9057142857138172, 0.004299117769788352, 0.2866666666666667, 0.9399999999995485, 0.004461860398297855, 0.28, 0.99428571428472, 0.0032212707579531243, 0.2733333333333333, 0.47428571428561145, 0.042499642035366055, 0.28, 0.26714285714232, 0.0025964553092095925, 0.3333333333333333, 0.28, 0.001285870193510074, 0.22666666666666666, 0.22999999999999715, 0.0165686355466282, 0.26666666666666666, 0.6185714285691428, 0.0016710137868781653, 0.31333333333333335, 0.14285714285633141, 0.0024380051589110016, 0.2866666666666667, 0.9199999999996, 0.018835831823678845, 0.3333333333333333, 0.24857142857142858, 0.01826460519761248, 0.2733333333333333, 0.181428571428, 0.0005419131062726566, 0.0, 0.0, 0.0, 0.0, 0.0, 0.0, 0.0, 0.0, 0.0, 0.0, 0.0, 0.0, 0.0, 0.0, 0.0, 0.0, 0.0, 0.0, 0.0, 0.0, 0.0, 0.0, 0.0, 0.0, 0.0, 0.0, 0.0, 0.0, 0.0, 0.0, 0.0, 0.0, 0.0, 0.0, 0.0, 0.0, 0.0, 0.0, 0.0, 0.0, 0.0, 0.0, 0.0, 0.0, 0.0, 0.0, 0.0, 0.0, 0.0, 0.0, 0.0, 0.0, 0.0, 0.0, 0.0, 0.0, 0.0, 0.0, 0.0, 0.0, 0.0, 0.0, 0.0, 0.0, 0.0, 0.0, 0.0, 0.0, 0.0, 0.0, 0.0, 0.0, 0.0, 0.0, 0.0, 0.0, 0.0, 0.0, 0.0, 0.0, 0.0, 0.0, 0.0, 0.0, 0.0, 0.0, 0.0, 0.0, 0.0, 0.0, 0.0, 0.0, 0.0, 0.0, 0.0, 0.0, 0.0, 0.0, 0.0, 0.0, 0.0, 0.0, 0.0, 0.0, 0.0, 0.0, 0.0, 0.0, 0.0, 0.0, 0.0, 0.0, 0.0, 0.0, 0.0, 0.0, 0.0, 0.0, 0.0, 0.0, 0.0, 0.0, 0.0, 0.0, 0.0, 0.0, 0.0, 0.0, 0.0, 0.0, 0.0, 0.0],[1, 0, 0, 0, 0, 0, 0, 0, 0, 0, 0, 0, 0, 0, 0, 0, 0, 0, 0, 0, 0, 0, 0, 0, 0, 0, 0, 0, 0, 0, 0, 0, 0, 0, 0, 0, 0, 0, 0, 0, 0, 0, 0, 0, 0, 0, 0, 0, 0, 0, 0, 0, 0, 0, 0, 0, 0, 0, 0, 0, 0, 0, 0, 0]
[0.0, 0.0, 0.0, 0.0, 0.0, 0.0, 0.0, 0.0, 0.0, 0.0, 0.0, 0.0, 0.0, 0.0, 0.0, 0.0, 0.0, 0.0, 0.0, 0.0, 0.0, 0.0, 0.0, 0.0, 0.0, 0.0, 0.0, 0.0, 0.0, 0.0, 0.0, 0.0, 0.0, 0.0, 0.0, 0.0, 0.0, 0.0, 0.0, 0.0, 0.0, 0.0, 0.0, 0.0, 0.0, 0.0, 0.0, 0.0, 0.0, 0.0, 0.0, 0.0, 0.0, 0.0, 0.0, 0.0, 0.0, 0.0, 0.0, 0.0, 0.0, 0.0, 0.0, 0.0, 0.0, 0.0, 0.0, 0.0, 0.0, 0.0, 0.0, 0.0, 0.0, 0.0, 0.0, 0.0, 0.0, 0.0, 0.0, 0.0, 0.0, 0.0, 0.0, 0.0, 0.0, 0.0, 0.0, 0.0, 0.0, 0.0, 0.0, 0.0, 0.0, 0.0, 0.0, 0.0, 0.0, 0.0, 0.0, 0.0, 0.0, 0.0, 0.0, 0.0, 1.0, 0.0, 0.0, 0.0, 0.0, 0.0, 0.0, 0.0, 0.0, 0.0, 0.0, 0.0, 0.0, 0.0, 0.0, 0.0, 0.0, 0.0, 0.0, 0.0, 0.0, 0.0, 0.0, 0.0, 0.0, 0.0, 0.0, 0.0, 0.0, 0.0, 0.0, 0.0, 0.0, 0.0, 0.0, 0.0, 0.0, 0.0, 0.0, 1.0, 1.0, 0.0, 1.0, 1.0, 0.0, 0.0, 0.25333333333333335, 0.7528571428558628, 0.0022746159773719687, 0.31333333333333335, 0.40999999999842857, 0.0021366029557734942, 0.28, 0.80571428571384, 0.011746530436334314, 0.29333333333333333, 0.4742857142835429, 0.0014667384877461351, 0.2866666666666667, 0.39999999999934, 0.004882278855274617, 0.20666666666666667, 0.4728571428563143, 0.003735993276726695, 0.29333333333333333, 0.75142857142848, 0.005228569277877371, 0.2866666666666667, 0.9057142857138172, 0.004299117769788352, 0.2866666666666667, 0.9399999999995485, 0.004461860398297855, 0.28, 0.99428571428472, 0.0032212707579531243, 0.2733333333333333, 0.47428571428561145, 0.042499642035366055, 0.28, 0.26714285714232, 0.0025964553092095925, 0.3333333333333333, 0.28, 0.001285870193510074, 0.22666666666666666, 0.22999999999999715, 0.0165686355466282, 0.26666666666666666, 0.6185714285691428, 0.0016710137868781653, 0.31333333333333335, 0.14285714285633141, 0.0024380051589110016, 0.2866666666666667, 0.9199999999996, 0.018835831823678845, 0.3333333333333333, 0.24857142857142858, 0.01826460519761248, 0.2733333333333333, 0.181428571428, 0.0005419131062726566, 0.0, 0.0, 0.0, 0.0, 0.0, 0.0, 0.0, 0.0, 0.0, 0.0, 0.0, 0.0, 0.0, 0.0, 0.0, 0.0, 0.0, 0.0, 0.0, 0.0, 0.0, 0.0, 0.0, 0.0, 0.0, 0.0, 0.0, 0.0, 0.0, 0.0, 0.0, 0.0, 0.0, 0.0, 0.0, 0.0, 0.0, 0.0, 0.0, 0.0, 0.0, 0.0, 0.0, 0.0, 0.0, 0.0, 0.0, 0.0, 0.0, 0.0, 0.0, 0.0, 0.0, 0.0, 0.0, 0.0, 0.0, 0.0, 0.0, 0.0, 0.0, 0.0, 0.0, 0.0, 0.0, 0.0, 0.0, 0.0, 0.0, 0.0, 0.0, 0.0, 0.0, 0.0, 0.0, 0.0, 0.0, 0.0, 0.0, 0.0, 0.0, 0.0, 0.0, 0.0, 0.0, 0.0, 0.0, 0.0, 0.0, 0.0, 0.0, 0.0, 0.0, 0.0, 0.0, 0.0, 0.0, 0.0, 0.0, 0.0, 0.0, 0.0, 0.0, 0.0, 0.0, 0.0, 0.0, 0.0, 0.0, 0.0, 0.0, 0.0, 0.0, 0.0, 0.0, 0.0, 0.0, 0.0, 0.0, 0.0, 0.0, 0.0, 0.0, 0.0, 0.0, 0.0, 0.0, 0.0, 0.0, 0.0, 0.0, 0.0, 0.0, 0.0, 0.0],[0, 0, 0, 0, 0, 0, 0, 0, 0, 0, 0, 0, 0, 0, 0, 0, 0, 0, 0, 0, 0, 0, 0, 0, 0, 0, 0, 0, 0, 0, 0, 0, 0, 0, 0, 0, 0, 0, 0, 0, 0, 0, 0, 0, 0, 0, 0, 0, 0, 0, 0, 0, 0, 0, 0, 0, 0, 0, 0, 0, 0, 0, 0, 0]
[0.0, 0.0, 0.0, 1.0, 1.0, 1.0, 1.0, 1.0, 1.0, 1.0, 1.0, 1.0, 1.0, 1.0, 1.0, 1.0, 1.0, 1.0, 1.0, 1.0, 1.0, 1.0, 0.0, 0.0, 1.0, 1.0, 1.0, 1.0, 0.0, 0.0, 0.0, 1.0, 0.0, 0.0, 0.0, 0.0, 0.0, 0.0, 0.0, 0.0, 0.0, 0.0, 0.0, 0.0, 0.0, 0.0, 0.0, 0.0, 0.0, 0.0, 0.0, 0.0, 0.0, 0.0, 0.0, 0.0, 0.0, 0.0, 0.0, 0.0, 0.0, 0.0, 0.0, 0.0, 0.0, 0.0, 1.0, 1.0, 1.0, 1.0, 0.0, 1.0, 1.0, 1.0, 1.0, 1.0, 1.0, 1.0, 1.0, 1.0, 1.0, 1.0, 1.0, 1.0, 1.0, 1.0, 0.0, 0.0, 0.0, 0.0, 0.0, 0.0, 0.0, 0.0, 0.0, 1.0, 1.0, 0.0, 0.0, 0.0, 0.0, 0.0, 0.0, 0.0, 1.0, 0.0, 0.0, 0.0, 0.0, 0.0, 0.0, 0.0, 0.0, 0.0, 0.0, 0.0, 0.0, 0.0, 0.0, 0.0, 0.0, 0.0, 0.0, 0.0, 0.0, 0.0, 0.0, 0.0, 0.0, 0.0, 0.0, 0.0, 0.0, 0.0, 0.0, 0.0, 0.0, 0.0, 0.0, 0.0, 0.0, 0.0, 0.0, 1.0, 1.0, 0.0, 1.0, 1.0, 0.0, 0.0, 0.25333333333333335, 0.7528571428558628, 0.0022746159773719687, 0.31333333333333335, 0.40999999999842857, 0.0021366029557734942, 0.28, 0.80571428571384, 0.011746530436334314, 0.29333333333333333, 0.4742857142835429, 0.0014667384877461351, 0.2866666666666667, 0.39999999999934, 0.004882278855274617, 0.20666666666666667, 0.4728571428563143, 0.003735993276726695, 0.29333333333333333, 0.75142857142848, 0.005228569277877371, 0.2866666666666667, 0.9057142857138172, 0.004299117769788352, 0.2866666666666667, 0.9399999999995485, 0.004461860398297855, 0.28, 0.99428571428472, 0.0032212707579531243, 0.2733333333333333, 0.47428571428561145, 0.042499642035366055, 0.28, 0.26714285714232, 0.0025964553092095925, 0.3333333333333333, 0.28, 0.001285870193510074, 0.22666666666666666, 0.22999999999999715, 0.0165686355466282, 0.26666666666666666, 0.6185714285691428, 0.0016710137868781653, 0.31333333333333335, 0.14285714285633141, 0.0024380051589110016, 0.2866666666666667, 0.9199999999996, 0.018835831823678845, 0.3333333333333333, 0.24857142857142858, 0.01826460519761248, 0.2733333333333333, 0.181428571428, 0.0005419131062726566, 0.0, 0.0, 0.0, 0.0, 0.0, 0.0, 0.0, 0.0, 0.0, 0.0, 0.0, 0.0, 0.0, 0.0, 0.0, 0.0, 0.0, 0.0, 0.0, 0.0, 0.0, 0.0, 0.0, 0.0, 0.0, 0.0, 0.0, 0.0, 0.0, 0.0, 0.0, 0.0, 0.0, 0.0, 0.0, 0.0, 0.0, 0.0, 0.0, 0.0, 0.0, 0.0, 0.0, 0.0, 0.0, 0.0, 0.0, 0.0, 0.0, 0.0, 0.0, 0.0, 0.0, 0.0, 0.0, 0.0, 0.0, 0.0, 0.0, 0.0, 0.0, 0.0, 0.0, 0.0, 0.0, 0.0, 0.0, 0.0, 0.0, 0.0, 0.0, 0.0, 0.0, 0.0, 0.0, 0.0, 0.0, 0.0, 0.0, 0.0, 0.0, 0.0, 0.0, 0.0, 0.0, 0.0, 0.0, 0.0, 0.0, 0.0, 0.0, 0.0, 0.0, 0.0, 0.0, 0.0, 0.0, 0.0, 0.0, 0.0, 0.0, 0.0, 0.0, 0.0, 0.0, 0.0, 0.0, 0.0, 0.0, 0.0, 0.0, 0.0, 0.0, 0.0, 0.0, 0.0, 0.0, 0.0, 0.0, 0.0, 0.0, 0.0, 0.0, 0.0, 0.0, 0.0, 0.0, 0.0, 0.0, 0.0, 0.0, 0.0, 0.0, 0.0, 0.0],[1, 0, 0, 0, 0, 0, 0, 0, 0, 0, 0, 0, 0, 0, 0, 0, 0, 0, 0, 0, 0, 0, 0, 0, 0, 0, 0, 0, 0, 0, 0, 0, 0, 0, 0, 0, 0, 0, 0, 0, 0, 0, 0, 0, 0, 0, 0, 0, 0, 0, 0, 0, 0, 0, 0, 0, 0, 0, 0, 0, 0, 0, 0, 0]
[0.0, 0.0, 0.0, 0.0, 0.0, 0.0, 0.0, 0.0, 0.0, 0.0, 0.0, 0.0, 0.0, 0.0, 0.0, 0.0, 0.0, 0.0, 0.0, 0.0, 0.0, 0.0, 0.0, 0.0, 0.0, 0.0, 0.0, 0.0, 0.0, 0.0, 0.0, 0.0, 0.0, 0.0, 0.0, 0.0, 0.0, 0.0, 0.0, 0.0, 0.0, 0.0, 0.0, 0.0, 0.0, 0.0, 0.0, 0.0, 0.0, 0.0, 0.0, 0.0, 0.0, 0.0, 0.0, 0.0, 0.0, 0.0, 0.0, 0.0, 0.0, 0.0, 0.0, 0.0, 0.0, 0.0, 0.0, 0.0, 0.0, 0.0, 0.0, 0.0, 0.0, 0.0, 0.0, 0.0, 0.0, 0.0, 0.0, 0.0, 0.0, 1.0, 1.0, 1.0, 1.0, 1.0, 0.0, 0.0, 0.0, 0.0, 0.0, 0.0, 0.0, 0.0, 0.0, 1.0, 1.0, 0.0, 0.0, 0.0, 0.0, 0.0, 0.0, 0.0, 1.0, 0.0, 0.0, 0.0, 0.0, 0.0, 0.0, 0.0, 0.0, 0.0, 0.0, 0.0, 0.0, 0.0, 0.0, 0.0, 0.0, 0.0, 0.0, 0.0, 0.0, 0.0, 0.0, 0.0, 0.0, 0.0, 0.0, 0.0, 0.0, 0.0, 0.0, 0.0, 0.0, 0.0, 0.0, 0.0, 0.0, 0.0, 0.0, 1.0, 1.0, 0.0, 1.0, 1.0, 0.0, 0.0, 0.31333333333333335, 0.40999999999842857, 0.0021366029557734942, 0.28, 0.80571428571384, 0.011746530436334314, 0.29333333333333333, 0.4742857142835429, 0.0014667384877461351, 0.2866666666666667, 0.39999999999934, 0.004882278855274617, 0.20666666666666667, 0.4728571428563143, 0.003735993276726695, 0.29333333333333333, 0.75142857142848, 0.005228569277877371, 0.2866666666666667, 0.9057142857138172, 0.004299117769788352, 0.2866666666666667, 0.9399999999995485, 0.004461860398297855, 0.28, 0.99428571428472, 0.0032212707579531243, 0.2733333333333333, 0.47428571428561145, 0.042499642035366055, 0.28, 0.26714285714232, 0.0025964553092095925, 0.3333333333333333, 0.28, 0.001285870193510074, 0.22666666666666666, 0.22999999999999715, 0.0165686355466282, 0.26666666666666666, 0.6185714285691428, 0.0016710137868781653, 0.31333333333333335, 0.14285714285633141, 0.0024380051589110016, 0.2866666666666667, 0.9199999999996, 0.018835831823678845, 0.3333333333333333, 0.24857142857142858, 0.01826460519761248, 0.2733333333333333, 0.181428571428, 0.0005419131062726566, 0.0, 0.0, 0.0, 0.0, 0.0, 0.0, 0.0, 0.0, 0.0, 0.0, 0.0, 0.0, 0.0, 0.0, 0.0, 0.0, 0.0, 0.0, 0.0, 0.0, 0.0, 0.0, 0.0, 0.0, 0.0, 0.0, 0.0, 0.0, 0.0, 0.0, 0.0, 0.0, 0.0, 0.0, 0.0, 0.0, 0.0, 0.0, 0.0, 0.0, 0.0, 0.0, 0.0, 0.0, 0.0, 0.0, 0.0, 0.0, 0.0, 0.0, 0.0, 0.0, 0.0, 0.0, 0.0, 0.0, 0.0, 0.0, 0.0, 0.0, 0.0, 0.0, 0.0, 0.0, 0.0, 0.0, 0.0, 0.0, 0.0, 0.0, 0.0, 0.0, 0.0, 0.0, 0.0, 0.0, 0.0, 0.0, 0.0, 0.0, 0.0, 0.0, 0.0, 0.0, 0.0, 0.0, 0.0, 0.0, 0.0, 0.0, 0.0, 0.0, 0.0, 0.0, 0.0, 0.0, 0.0, 0.0, 0.0, 0.0, 0.0, 0.0, 0.0, 0.0, 0.0, 0.0, 0.0, 0.0, 0.0, 0.0, 0.0, 0.0, 0.0, 0.0, 0.0, 0.0, 0.0, 0.0, 0.0, 0.0, 0.0, 0.0, 0.0, 0.0, 0.0, 0.0, 0.0, 0.0, 0.0, 0.0, 0.0, 0.0, 0.0, 0.0, 0.0, 0.0, 0.0, 0.0],[0, 0, 0, 0, 0, 0, 0, 0, 0, 0, 0, 0, 0, 0, 0, 0, 0, 0, 0, 0, 0, 0, 0, 0, 0, 0, 0, 0, 0, 0, 0, 0, 0, 0, 0, 0, 0, 0, 0, 0, 0, 0, 0, 0, 0, 0, 0, 0, 0, 0, 0, 0, 0, 0, 0, 0, 0, 0, 0, 0, 0, 0, 0, 0]
[1.0, 1.0, 1.0, 0.0, 0.0, 0.0, 0.0, 0.0, 0.0, 0.0, 0.0, 0.0, 0.0, 0.0, 0.0, 0.0, 0.0, 0.0, 0.0, 0.0, 0.0, 0.0, 0.0, 0.0, 0.0, 0.0, 0.0, 0.0, 0.0, 0.0, 0.0, 0.0, 0.0, 0.0, 0.0, 0.0, 0.0, 0.0, 0.0, 0.0, 0.0, 0.0, 0.0, 0.0, 0.0, 0.0, 0.0, 0.0, 0.0, 0.0, 0.0, 0.0, 0.0, 0.0, 0.0, 0.0, 0.0, 0.0, 0.0, 0.0, 0.0, 0.0, 0.0, 0.0, 0.0, 0.0, 0.0, 0.0, 0.0, 0.0, 0.0, 0.0, 0.0, 0.0, 0.0, 0.0, 0.0, 0.0, 0.0, 0.0, 0.0, 1.0, 1.0, 1.0, 1.0, 1.0, 0.0, 0.0, 0.0, 0.0, 0.0, 0.0, 0.0, 0.0, 0.0, 1.0, 1.0, 0.0, 0.0, 0.0, 0.0, 0.0, 0.0, 0.0, 1.0, 0.0, 0.0, 0.0, 0.0, 0.0, 0.0, 1.0, 1.0, 1.0, 1.0, 0.0, 0.0, 0.0, 0.0, 0.0, 0.0, 0.0, 0.0, 0.0, 0.0, 0.0, 0.0, 0.0, 0.0, 0.0, 0.0, 0.0, 0.0, 0.0, 0.0, 0.0, 0.0, 0.0, 0.0, 0.0, 0.0, 0.0, 0.0, 1.0, 1.0, 0.0, 1.0, 1.0, 1.0, 1.0, 0.16, 0.4557142857134057, 0.024295163531404367, 0.03333333333333333, 0.24428571428571427, 0.05600677813843798, 0.26666666666666666, 0.45714285714285713, 0.008514672527722356, 0.24, 0.3571428571428343, 0.01822378392162687, 0.31333333333333335, 0.40999999999842857, 0.0021366029557734942, 0.28, 0.80571428571384, 0.011746530436334314, 0.29333333333333333, 0.4742857142835429, 0.0014667384877461351, 0.2866666666666667, 0.39999999999934, 0.004882278855274617, 0.20666666666666667, 0.4728571428563143, 0.003735993276726695, 0.29333333333333333, 0.75142857142848, 0.005228569277877371, 0.2866666666666667, 0.9057142857138172, 0.004299117769788352, 0.2866666666666667, 0.9399999999995485, 0.004461860398297855, 0.28, 0.99428571428472, 0.0032212707579531243, 0.2733333333333333, 0.47428571428561145, 0.042499642035366055, 0.28, 0.26714285714232, 0.0025964553092095925, 0.3333333333333333, 0.28, 0.001285870193510074, 0.22666666666666666, 0.22999999999999715, 0.0165686355466282, 0.26666666666666666, 0.6185714285691428, 0.0016710137868781653, 0.31333333333333335, 0.14285714285633141, 0.0024380051589110016, 0.2866666666666667, 0.9199999999996, 0.018835831823678845, 0.3333333333333333, 0.24857142857142858, 0.01826460519761248, 0.2733333333333333, 0.181428571428, 0.0005419131062726566, 0.0, 0.0, 0.0, 0.0, 0.0, 0.0, 0.0, 0.0, 0.0, 0.0, 0.0, 0.0, 0.0, 0.0, 0.0, 0.0, 0.0, 0.0, 0.0, 0.0, 0.0, 0.0, 0.0, 0.0, 0.0, 0.0, 0.0, 0.0, 0.0, 0.0, 0.0, 0.0, 0.0, 0.0, 0.0, 0.0, 0.0, 0.0, 0.0, 0.0, 0.0, 0.0, 0.0, 0.0, 0.0, 0.0, 0.0, 0.0, 0.0, 0.0, 0.0, 0.0, 0.0, 0.0, 0.0, 0.0, 0.0, 0.0, 0.0, 0.0, 0.0, 0.0, 0.0, 0.0, 0.0, 0.0, 0.0, 0.0, 0.0, 0.0, 0.0, 0.0, 0.0, 0.0, 0.0, 0.0, 0.0, 0.0, 0.0, 0.0, 0.0, 0.0, 0.0, 0.0, 0.0, 0.0, 0.0, 0.0, 0.0, 0.0, 0.0, 0.0, 0.0, 0.0, 0.0, 0.0, 0.0, 0.0, 0.0, 0.0, 0.0, 0.0, 0.0, 0.0, 0.0, 0.0, 0.0, 0.0, 0.0, 0.0, 0.0, 0.0, 0.0, 0.0, 0.0, 0.0, 0.0, 0.0, 0.0, 0.0, 0.0, 0.0, 0.0, 0.0, 0.0, 0.0],[0, 1, 0, 0, 0, 0, 0, 0, 0, 0, 0, 0, 0, 0, 0, 0, 0, 0, 0, 0, 0, 0, 0, 0, 0, 0, 0, 0, 0, 0, 0, 0, 0, 0, 0, 0, 0, 0, 0, 0, 0, 0, 0, 0, 0, 0, 0, 0, 0, 0, 0, 0, 0, 0, 0, 0, 0, 0, 0, 0, 0, 0, 0, 0]
[0.0, 0.0, 0.0, 0.0, 0.0, 0.0, 0.0, 0.0, 0.0, 0.0, 0.0, 0.0, 0.0, 0.0, 0.0, 0.0, 0.0, 0.0, 0.0, 0.0, 0.0, 0.0, 0.0, 0.0, 0.0, 0.0, 0.0, 0.0, 0.0, 0.0, 0.0, 0.0, 0.0, 0.0, 0.0, 0.0, 0.0, 0.0, 0.0, 0.0, 0.0, 0.0, 0.0, 0.0, 0.0, 0.0, 0.0, 0.0, 0.0, 0.0, 0.0, 0.0, 0.0, 0.0, 0.0, 0.0, 0.0, 0.0, 0.0, 0.0, 0.0, 0.0, 0.0, 0.0, 0.0, 0.0, 0.0, 0.0, 0.0, 0.0, 0.0, 0.0, 0.0, 0.0, 0.0, 0.0, 0.0, 0.0, 0.0, 0.0, 0.0, 0.0, 0.0, 1.0, 1.0, 1.0, 0.0, 0.0, 0.0, 0.0, 0.0, 0.0, 0.0, 0.0, 0.0, 1.0, 1.0, 0.0, 0.0, 0.0, 0.0, 0.0, 0.0, 0.0, 1.0, 0.0, 0.0, 0.0, 0.0, 0.0, 0.0, 1.0, 1.0, 1.0, 1.0, 0.0, 0.0, 0.0, 0.0, 0.0, 0.0, 0.0, 0.0, 0.0, 0.0, 0.0, 0.0, 0.0, 0.0, 0.0, 0.0, 0.0, 0.0, 0.0, 0.0, 0.0, 0.0, 0.0, 0.0, 0.0, 0.0, 0.0, 0.0, 1.0, 1.0, 0.0, 1.0, 1.0, 1.0, 1.0, 0.16, 0.4557142857134057, 0.024295163531404367, 0.26666666666666666, 0.45714285714285713, 0.008514672527722356, 0.24, 0.3571428571428343, 0.01822378392162687, 0.31333333333333335, 0.40999999999842857, 0.0021366029557734942, 0.28, 0.80571428571384, 0.011746530436334314, 0.29333333333333333, 0.4742857142835429, 0.0014667384877461351, 0.2866666666666667, 0.39999999999934, 0.004882278855274617, 0.20666666666666667, 0.4728571428563143, 0.003735993276726695, 0.29333333333333333, 0.75142857142848, 0.005228569277877371, 0.2866666666666667, 0.9057142857138172, 0.004299117769788352, 0.2866666666666667, 0.9399999999995485, 0.004461860398297855, 0.28, 0.99428571428472, 0.0032212707579531243, 0.2733333333333333, 0.47428571428561145, 0.042499642035366055, 0.28, 0.26714285714232, 0.0025964553092095925, 0.3333333333333333, 0.28, 0.001285870193510074, 0.22666666666666666, 0.22999999999999715, 0.0165686355466282, 0.26666666666666666, 0.6185714285691428, 0.0016710137868781653, 0.31333333333333335, 0.14285714285633141, 0.0024380051589110016, 0.2866666666666667, 0.9199999999996, 0.018835831823678845, 0.3333333333333333, 0.24857142857142858, 0.01826460519761248, 0.2733333333333333, 0.181428571428, 0.0005419131062726566, 0.0, 0.0, 0.0, 0.0, 0.0, 0.0, 0.0, 0.0, 0.0, 0.0, 0.0, 0.0, 0.0, 0.0, 0.0, 0.0, 0.0, 0.0, 0.0, 0.0, 0.0, 0.0, 0.0, 0.0, 0.0, 0.0, 0.0, 0.0, 0.0, 0.0, 0.0, 0.0, 0.0, 0.0, 0.0, 0.0, 0.0, 0.0, 0.0, 0.0, 0.0, 0.0, 0.0, 0.0, 0.0, 0.0, 0.0, 0.0, 0.0, 0.0, 0.0, 0.0, 0.0, 0.0, 0.0, 0.0, 0.0, 0.0, 0.0, 0.0, 0.0, 0.0, 0.0, 0.0, 0.0, 0.0, 0.0, 0.0, 0.0, 0.0, 0.0, 0.0, 0.0, 0.0, 0.0, 0.0, 0.0, 0.0, 0.0, 0.0, 0.0, 0.0, 0.0, 0.0, 0.0, 0.0, 0.0, 0.0, 0.0, 0.0, 0.0, 0.0, 0.0, 0.0, 0.0, 0.0, 0.0, 0.0, 0.0, 0.0, 0.0, 0.0, 0.0, 0.0, 0.0, 0.0, 0.0, 0.0, 0.0, 0.0, 0.0, 0.0, 0.0, 0.0, 0.0, 0.0, 0.0, 0.0, 0.0, 0.0, 0.0, 0.0, 0.0, 0.0, 0.0, 0.0, 0.0, 0.0, 0.0],[0, 0, 0, 0, 0, 0, 0, 0, 0, 0, 0, 0, 0, 0, 0, 0, 0, 0, 0, 0, 0, 0, 0, 0, 0, 0, 0, 0, 0, 0, 0, 0, 0, 0, 0, 0, 0, 0, 0, 0, 0, 0, 0, 0, 0, 0, 0, 0, 0, 0, 0, 0, 0, 0, 0, 0, 0, 0, 0, 0, 0, 0, 0, 0]
[0.0, 0.0, 0.0, 0.0, 0.0, 0.0, 0.0, 0.0, 0.0, 0.0, 0.0, 0.0, 0.0, 0.0, 0.0, 0.0, 0.0, 0.0, 0.0, 0.0, 0.0, 0.0, 1.0, 1.0, 0.0, 0.0, 0.0, 0.0, 1.0, 1.0, 0.0, 0.0, 1.0, 1.0, 1.0, 1.0, 0.0, 0.0, 0.0, 0.0, 0.0, 1.0, 1.0, 1.0, 1.0, 1.0, 1.0, 1.0, 1.0, 1.0, 1.0, 0.0, 0.0, 0.0, 1.0, 1.0, 1.0, 1.0, 1.0, 1.0, 1.0, 1.0, 1.0, 1.0, 1.0, 1.0, 0.0, 0.0, 0.0, 0.0, 1.0, 0.0, 0.0, 0.0, 0.0, 0.0, 0.0, 0.0, 0.0, 0.0, 0.0, 0.0, 0.0, 1.0, 1.0, 1.0, 1.0, 1.0, 1.0, 1.0, 1.0, 1.0, 1.0, 1.0, 1.0, 1.0, 1.0, 1.0, 1.0, 1.0, 1.0, 1.0, 1.0, 1.0, 1.0, 0.0, 0.0, 0.0, 0.0, 0.0, 0.0, 1.0, 1.0, 1.0, 1.0, 0.0, 0.0, 0.0, 0.0, 0.0, 0.0, 0.0, 0.0, 0.0, 0.0, 0.0, 0.0, 0.0, 0.0, 0.0, 0.0, 0.0, 0.0, 0.0, 0.0, 0.0, 0.0, 0.0, 0.0, 0.0, 0.0, 0.0, 0.0, 1.0, 1.0, 0.0, 1.0, 1.0, 1.0, 1.0, 0.16, 0.4557142857134057, 0.024295163531404367, 0.26666666666666666, 0.45714285714285713, 0.008514672527722356, 0.24, 0.3571428571428343, 0.01822378392162687, 0.31333333333333335, 0.40999999999842857, 0.0021366029557734942, 0.28, 0.80571428571384, 0.011746530436334314, 0.29333333333333333, 0.4742857142835429, 0.0014667384877461351, 0.2866666666666667, 0.39999999999934, 0.004882278855274617, 0.20666666666666667, 0.4728571428563143, 0.003735993276726695, 0.29333333333333333, 0.75142857142848, 0.005228569277877371, 0.2866666666666667, 0.9057142857138172, 0.004299117769788352, 0.2866666666666667, 0.9399999999995485, 0.004461860398297855, 0.28, 0.99428571428472, 0.0032212707579531243, 0.2733333333333333, 0.47428571428561145, 0.042499642035366055, 0.28, 0.26714285714232, 0.0025964553092095925, 0.3333333333333333, 0.28, 0.001285870193510074, 0.22666666666666666, 0.22999999999999715, 0.0165686355466282, 0.26666666666666666, 0.6185714285691428, 0.0016710137868781653, 0.31333333333333335, 0.14285714285633141, 0.0024380051589110016, 0.2866666666666667, 0.9199999999996, 0.018835831823678845, 0.3333333333333333, 0.24857142857142858, 0.01826460519761248, 0.2733333333333333, 0.181428571428, 0.0005419131062726566, 0.0, 0.0, 0.0, 0.0, 0.0, 0.0, 0.0, 0.0, 0.0, 0.0, 0.0, 0.0, 0.0, 0.0, 0.0, 0.0, 0.0, 0.0, 0.0, 0.0, 0.0, 0.0, 0.0, 0.0, 0.0, 0.0, 0.0, 0.0, 0.0, 0.0, 0.0, 0.0, 0.0, 0.0, 0.0, 0.0, 0.0, 0.0, 0.0, 0.0, 0.0, 0.0, 0.0, 0.0, 0.0, 0.0, 0.0, 0.0, 0.0, 0.0, 0.0, 0.0, 0.0, 0.0, 0.0, 0.0, 0.0, 0.0, 0.0, 0.0, 0.0, 0.0, 0.0, 0.0, 0.0, 0.0, 0.0, 0.0, 0.0, 0.0, 0.0, 0.0, 0.0, 0.0, 0.0, 0.0, 0.0, 0.0, 0.0, 0.0, 0.0, 0.0, 0.0, 0.0, 0.0, 0.0, 0.0, 0.0, 0.0, 0.0, 0.0, 0.0, 0.0, 0.0, 0.0, 0.0, 0.0, 0.0, 0.0, 0.0, 0.0, 0.0, 0.0, 0.0, 0.0, 0.0, 0.0, 0.0, 0.0, 0.0, 0.0, 0.0, 0.0, 0.0, 0.0, 0.0, 0.0, 0.0, 0.0, 0.0, 0.0, 0.0, 0.0, 0.0, 0.0, 0.0, 0.0, 0.0, 0.0],[1, 0, 1, 0, 0, 0, 0, 0, 0, 0, 0, 0, 0, 0, 0, 0, 0, 0, 0, 0, 0, 0, 0, 0, 0, 0, 0, 0, 0, 0, 0, 0, 0, 0, 0, 0, 0, 0, 0, 0, 0, 0, 0, 0, 0, 0, 0, 0, 0, 0, 0, 0, 0, 0, 0, 0, 0, 0, 0, 0, 0, 0, 0, 0]
[0.0, 0.0, 0.0, 0.0, 0.0, 0.0, 0.0, 0.0, 0.0, 0.0, 0.0, 0.0, 0.0, 0.0, 0.0, 0.0, 0.0, 0.0, 0.0, 0.0, 0.0, 0.0, 0.0, 0.0, 0.0, 0.0, 0.0, 0.0, 0.0, 0.0, 0.0, 0.0, 0.0, 0.0, 0.0, 0.0, 0.0, 0.0, 0.0, 0.0, 0.0, 0.0, 0.0, 0.0, 0.0, 0.0, 0.0, 0.0, 0.0, 0.0, 0.0, 0.0, 0.0, 0.0, 0.0, 0.0, 0.0, 0.0, 0.0, 0.0, 0.0, 0.0, 0.0, 0.0, 0.0, 0.0, 0.0, 0.0, 0.0, 0.0, 0.0, 0.0, 0.0, 0.0, 0.0, 0.0, 0.0, 0.0, 0.0, 0.0, 0.0, 0.0, 0.0, 0.0, 0.0, 0.0, 0.0, 0.0, 0.0, 0.0, 0.0, 0.0, 0.0, 0.0, 0.0, 0.0, 0.0, 0.0, 0.0, 0.0, 0.0, 0.0, 0.0, 0.0, 0.0, 0.0, 0.0, 0.0, 0.0, 0.0, 0.0, 0.0, 0.0, 0.0, 0.0, 0.0, 0.0, 0.0, 0.0, 0.0, 0.0, 0.0, 0.0, 0.0, 0.0, 0.0, 0.0, 0.0, 0.0, 0.0, 0.0, 0.0, 0.0, 0.0, 0.0, 0.0, 0.0, 0.0, 0.0, 0.0, 0.0, 0.0, 0.0, 0.0, 0.0, 0.0, 0.0, 1.0, 1.0, 1.0, 0.26666666666666666, 0.45714285714285713, 0.008514672527722356, 0.31333333333333335, 0.40999999999842857, 0.0021366029557734942, 0.28, 0.80571428571384, 0.011746530436334314, 0.29333333333333333, 0.4742857142835429, 0.0014667384877461351, 0.2866666666666667, 0.39999999999934, 0.004882278855274617, 0.20666666666666667, 0.4728571428563143, 0.003735993276726695, 0.29333333333333333, 0.75142857142848, 0.005228569277877371, 0.2866666666666667, 0.9057142857138172, 0.004299117769788352, 0.2866666666666667, 0.9399999999995485, 0.004461860398297855, 0.28, 0.99428571428472, 0.0032212707579531243, 0.2733333333333333, 0.47428571428561145, 0.042499642035366055, 0.28, 0.26714285714232, 0.0025964553092095925, 0.3333333333333333, 0.28, 0.001285870193510074, 0.22666666666666666, 0.22999999999999715, 0.0165686355466282, 0.26666666666666666, 0.6185714285691428, 0.0016710137868781653, 0.31333333333333335, 0.14285714285633141, 0.0024380051589110016, 0.2866666666666667, 0.9199999999996, 0.018835831823678845, 0.3333333333333333, 0.24857142857142858, 0.01826460519761248, 0.2733333333333333, 0.181428571428, 0.0005419131062726566, 0.0, 0.0, 0.0, 0.0, 0.0, 0.0, 0.0, 0.0, 0.0, 0.0, 0.0, 0.0, 0.0, 0.0, 0.0, 0.0, 0.0, 0.0, 0.0, 0.0, 0.0, 0.0, 0.0, 0.0, 0.0, 0.0, 0.0, 0.0, 0.0, 0.0, 0.0, 0.0, 0.0, 0.0, 0.0, 0.0, 0.0, 0.0, 0.0, 0.0, 0.0, 0.0, 0.0, 0.0, 0.0, 0.0, 0.0, 0.0, 0.0, 0.0, 0.0, 0.0, 0.0, 0.0, 0.0, 0.0, 0.0, 0.0, 0.0, 0.0, 0.0, 0.0, 0.0, 0.0, 0.0, 0.0, 0.0, 0.0, 0.0, 0.0, 0.0, 0.0, 0.0, 0.0, 0.0, 0.0, 0.0, 0.0, 0.0, 0.0, 0.0, 0.0, 0.0, 0.0, 0.0, 0.0, 0.0, 0.0, 0.0, 0.0, 0.0, 0.0, 0.0, 0.0, 0.0, 0.0, 0.0, 0.0, 0.0, 0.0, 0.0, 0.0, 0.0, 0.0, 0.0, 0.0, 0.0, 0.0, 0.0, 0.0, 0.0, 0.0, 0.0, 0.0, 0.0, 0.0, 0.0, 0.0, 0.0, 0.0, 0.0, 0.0, 0.0, 0.0, 0.0, 0.0, 0.0, 0.0, 0.0, 0.0, 0.0, 0.0, 0.0, 0.0, 0.0],[0, 0, 0, 0, 0, 0, 0, 0, 0, 0, 0, 0, 0, 0, 0, 0, 0, 0, 0, 0, 0, 0, 0, 0, 0, 0, 0, 0, 0, 0, 0, 0, 0, 0, 0, 0, 0, 0, 0, 0, 0, 0, 0, 0, 0, 0, 0, 0, 0, 0, 0, 0, 0, 0, 0, 0, 0, 0, 0, 0, 0, 0, 0, 0]
[0.0, 0.0, 0.0, 1.0, 1.0, 1.0, 1.0, 1.0, 1.0, 1.0, 1.0, 1.0, 1.0, 1.0, 1.0, 1.0, 1.0, 1.0, 1.0, 1.0, 1.0, 1.0, 0.0, 0.0, 1.0, 1.0, 1.0, 1.0, 0.0, 0.0, 0.0, 1.0, 0.0, 0.0, 0.0, 0.0, 0.0, 0.0, 0.0, 0.0, 0.0, 0.0, 0.0, 0.0, 0.0, 0.0, 0.0, 0.0, 0.0, 0.0, 0.0, 0.0, 0.0, 0.0, 0.0, 0.0, 0.0, 0.0, 0.0, 0.0, 0.0, 0.0, 0.0, 0.0, 0.0, 0.0, 1.0, 1.0, 1.0, 1.0, 0.0, 1.0, 1.0, 1.0, 1.0, 1.0, 1.0, 1.0, 1.0, 1.0, 1.0, 0.0, 0.0, 0.0, 0.0, 0.0, 0.0, 0.0, 0.0, 0.0, 0.0, 0.0, 0.0, 0.0, 0.0, 0.0, 0.0, 0.0, 0.0, 0.0, 0.0, 0.0, 0.0, 0.0, 0.0, 0.0, 0.0, 0.0, 0.0, 0.0, 0.0, 0.0, 0.0, 0.0, 0.0, 0.0, 0.0, 0.0, 0.0, 0.0, 0.0, 0.0, 0.0, 0.0, 0.0, 0.0, 0.0, 0.0, 0.0, 0.0, 0.0, 0.0, 0.0, 0.0, 0.0, 0.0, 0.0, 0.0, 0.0, 0.0, 0.0, 0.0, 0.0, 0.0, 0.0, 0.0, 0.0, 1.0, 1.0, 1.0, 0.26666666666666666, 0.45714285714285713, 0.008514672527722356, 0.31333333333333335, 0.40999999999842857, 0.0021366029557734942, 0.28, 0.80571428571384, 0.011746530436334314, 0.29333333333333333, 0.4742857142835429, 0.0014667384877461351, 0.2866666666666667, 0.39999999999934, 0.004882278855274617, 0.20666666666666667, 0.4728571428563143, 0.003735993276726695, 0.29333333333333333, 0.75142857142848, 0.005228569277877371, 0.2866666666666667, 0.9057142857138172, 0.004299117769788352, 0.2866666666666667, 0.9399999999995485, 0.004461860398297855, 0.28, 0.99428571428472, 0.0032212707579531243, 0.2733333333333333, 0.47428571428561145, 0.042499642035366055, 0.28, 0.26714285714232, 0.0025964553092095925, 0.3333333333333333, 0.28, 0.001285870193510074, 0.22666666666666666, 0.22999999999999715, 0.0165686355466282, 0.26666666666666666, 0.6185714285691428, 0.0016710137868781653, 0.31333333333333335, 0.14285714285633141, 0.0024380051589110016, 0.2866666666666667, 0.9199999999996, 0.018835831823678845, 0.3333333333333333, 0.24857142857142858, 0.01826460519761248, 0.2733333333333333, 0.181428571428, 0.0005419131062726566, 0.0, 0.0, 0.0, 0.0, 0.0, 0.0, 0.0, 0.0, 0.0, 0.0, 0.0, 0.0, 0.0, 0.0, 0.0, 0.0, 0.0, 0.0, 0.0, 0.0, 0.0, 0.0, 0.0, 0.0, 0.0, 0.0, 0.0, 0.0, 0.0, 0.0, 0.0, 0.0, 0.0, 0.0, 0.0, 0.0, 0.0, 0.0, 0.0, 0.0, 0.0, 0.0, 0.0, 0.0, 0.0, 0.0, 0.0, 0.0, 0.0, 0.0, 0.0, 0.0, 0.0, 0.0, 0.0, 0.0, 0.0, 0.0, 0.0, 0.0, 0.0, 0.0, 0.0, 0.0, 0.0, 0.0, 0.0, 0.0, 0.0, 0.0, 0.0, 0.0, 0.0, 0.0, 0.0, 0.0, 0.0, 0.0, 0.0, 0.0, 0.0, 0.0, 0.0, 0.0, 0.0, 0.0, 0.0, 0.0, 0.0, 0.0, 0.0, 0.0, 0.0, 0.0, 0.0, 0.0, 0.0, 0.0, 0.0, 0.0, 0.0, 0.0, 0.0, 0.0, 0.0, 0.0, 0.0, 0.0, 0.0, 0.0, 0.0, 0.0, 0.0, 0.0, 0.0, 0.0, 0.0, 0.0, 0.0, 0.0, 0.0, 0.0, 0.0, 0.0, 0.0, 0.0, 0.0, 0.0, 0.0, 0.0, 0.0, 0.0, 0.0, 0.0, 0.0],[1, 0, 0, 0, 0, 0, 0, 0, 0, 0, 0, 0, 0, 0, 0, 0, 0, 0, 0, 0, 0, 0, 0, 0, 0, 0, 0, 0, 0, 0, 0, 0, 0, 0, 0, 0, 0, 0, 0, 0, 0, 0, 0, 0, 0, 0, 0, 0, 0, 0, 0, 0, 0, 0, 0, 0, 0, 0, 0, 0, 0, 0, 0, 0]
[0.0, 0.0, 0.0, 0.0, 0.0, 0.0, 0.0, 0.0, 0.0, 0.0, 0.0, 0.0, 0.0, 0.0, 0.0, 0.0, 0.0, 0.0, 0.0, 0.0, 0.0, 0.0, 0.0, 0.0, 0.0, 0.0, 0.0, 0.0, 0.0, 0.0, 0.0, 0.0, 0.0, 0.0, 0.0, 0.0, 0.0, 0.0, 0.0, 0.0, 0.0, 0.0, 0.0, 0.0, 0.0, 0.0, 0.0, 0.0, 0.0, 0.0, 0.0, 0.0, 0.0, 0.0, 0.0, 0.0, 0.0, 0.0, 0.0, 0.0, 0.0, 0.0, 0.0, 0.0, 0.0, 0.0, 0.0, 0.0, 0.0, 0.0, 0.0, 0.0, 0.0, 0.0, 0.0, 0.0, 0.0, 0.0, 0.0, 0.0, 0.0, 0.0, 0.0, 0.0, 0.0, 0.0, 0.0, 0.0, 0.0, 0.0, 0.0, 0.0, 0.0, 0.0, 0.0, 0.0, 0.0, 0.0, 0.0, 0.0, 0.0, 0.0, 0.0, 0.0, 0.0, 0.0, 0.0, 0.0, 0.0, 0.0, 0.0, 0.0, 0.0, 0.0, 0.0, 0.0, 0.0, 0.0, 0.0, 0.0, 0.0, 0.0, 0.0, 0.0, 0.0, 0.0, 0.0, 0.0, 0.0, 0.0, 0.0, 0.0, 0.0, 0.0, 0.0, 0.0, 0.0, 0.0, 0.0, 0.0, 0.0, 0.0, 0.0, 0.0, 0.0, 0.0, 0.0, 0.0, 0.0, 1.0, 0.31333333333333335, 0.40999999999842857, 0.0021366029557734942, 0.28, 0.80571428571384, 0.011746530436334314, 0.29333333333333333, 0.4742857142835429, 0.0014667384877461351, 0.2866666666666667, 0.39999999999934, 0.004882278855274617, 0.20666666666666667, 0.4728571428563143, 0.003735993276726695, 0.29333333333333333, 0.75142857142848, 0.005228569277877371, 0.2866666666666667, 0.9057142857138172, 0.004299117769788352, 0.2866666666666667, 0.9399999999995485, 0.004461860398297855, 0.28, 0.99428571428472, 0.0032212707579531243, 0.2733333333333333, 0.47428571428561145, 0.042499642035366055, 0.28, 0.26714285714232, 0.0025964553092095925, 0.3333333333333333, 0.28, 0.001285870193510074, 0.22666666666666666, 0.22999999999999715, 0.0165686355466282, 0.26666666666666666, 0.6185714285691428, 0.0016710137868781653, 0.31333333333333335, 0.14285714285633141, 0.0024380051589110016, 0.2866666666666667, 0.9199999999996, 0.018835831823678845, 0.3333333333333333, 0.24857142857142858, 0.01826460519761248, 0.2733333333333333, 0.181428571428, 0.0005419131062726566, 0.0, 0.0, 0.0, 0.0, 0.0, 0.0, 0.0, 0.0, 0.0, 0.0, 0.0, 0.0, 0.0, 0.0, 0.0, 0.0, 0.0, 0.0, 0.0, 0.0, 0.0, 0.0, 0.0, 0.0, 0.0, 0.0, 0.0, 0.0, 0.0, 0.0, 0.0, 0.0, 0.0, 0.0, 0.0, 0.0, 0.0, 0.0, 0.0, 0.0, 0.0, 0.0, 0.0, 0.0, 0.0, 0.0, 0.0, 0.0, 0.0, 0.0, 0.0, 0.0, 0.0, 0.0, 0.0, 0.0, 0.0, 0.0, 0.0, 0.0, 0.0, 0.0, 0.0, 0.0, 0.0, 0.0, 0.0, 0.0, 0.0, 0.0, 0.0, 0.0, 0.0, 0.0, 0.0, 0.0, 0.0, 0.0, 0.0, 0.0, 0.0, 0.0, 0.0, 0.0, 0.0, 0.0, 0.0, 0.0, 0.0, 0.0, 0.0, 0.0, 0.0, 0.0, 0.0, 0.0, 0.0, 0.0, 0.0, 0.0, 0.0, 0.0, 0.0, 0.0, 0.0, 0.0, 0.0, 0.0, 0.0, 0.0, 0.0, 0.0, 0.0, 0.0, 0.0, 0.0, 0.0, 0.0, 0.0, 0.0, 0.0, 0.0, 0.0, 0.0, 0.0, 0.0, 0.0, 0.0, 0.0, 0.0, 0.0, 0.0, 0.0, 0.0, 0.0, 0.0, 0.0, 0.0],[0, 0, 0, 0, 0, 0, 0, 0, 0, 0, 0, 0, 0, 0, 0, 0, 0, 0, 0, 0, 0, 0, 0, 0, 0, 0, 0, 0, 0, 0, 0, 0, 0, 0, 0, 0, 0, 0, 0, 0, 0, 0, 0, 0, 0, 0, 0, 0, 0, 0, 0, 0, 0, 0, 0, 0, 0, 0, 0, 0, 0, 0, 0, 0]
[0.0, 0.0, 0.0, 0.0, 0.0, 0.0, 0.0, 0.0, 0.0, 0.0, 0.0, 0.0, 0.0, 0.0, 0.0, 0.0, 0.0, 0.0, 0.0, 0.0, 0.0, 0.0, 0.0, 0.0, 0.0, 0.0, 0.0, 0.0, 0.0, 0.0, 1.0, 0.0, 0.0, 0.0, 0.0, 0.0, 0.0, 0.0, 0.0, 0.0, 0.0, 0.0, 0.0, 0.0, 0.0, 0.0, 0.0, 0.0, 0.0, 0.0, 0.0, 1.0, 1.0, 1.0, 0.0, 0.0, 0.0, 0.0, 0.0, 0.0, 0.0, 0.0, 0.0, 0.0, 0.0, 0.0, 0.0, 0.0, 0.0, 0.0, 0.0, 0.0, 0.0, 0.0, 0.0, 0.0, 0.0, 0.0, 0.0, 0.0, 0.0, 0.0, 0.0, 0.0, 0.0, 0.0, 0.0, 0.0, 0.0, 0.0, 0.0, 0.0, 0.0, 0.0, 0.0, 0.0, 0.0, 0.0, 0.0, 0.0, 0.0, 0.0, 0.0, 0.0, 0.0, 0.0, 0.0, 0.0, 0.0, 0.0, 0.0, 0.0, 0.0, 0.0, 0.0, 0.0, 0.0, 0.0, 0.0, 0.0, 0.0, 0.0, 0.0, 0.0, 0.0, 0.0, 0.0, 0.0, 0.0, 0.0, 0.0, 0.0, 0.0, 0.0, 0.0, 0.0, 0.0, 0.0, 0.0, 0.0, 0.0, 0.0, 0.0, 0.0, 0.0, 0.0, 0.0, 0.0, 0.0, 1.0, 0.31333333333333335, 0.40999999999842857, 0.0021366029557734942, 0.28, 0.80571428571384, 0.011746530436334314, 0.29333333333333333, 0.4742857142835429, 0.0014667384877461351, 0.2866666666666667, 0.39999999999934, 0.004882278855274617, 0.20666666666666667, 0.4728571428563143, 0.003735993276726695, 0.29333333333333333, 0.75142857142848, 0.005228569277877371, 0.2866666666666667, 0.9057142857138172, 0.004299117769788352, 0.2866666666666667, 0.9399999999995485, 0.004461860398297855, 0.28, 0.99428571428472, 0.0032212707579531243, 0.2733333333333333, 0.47428571428561145, 0.042499642035366055, 0.28, 0.26714285714232, 0.0025964553092095925, 0.3333333333333333, 0.28, 0.001285870193510074, 0.22666666666666666, 0.22999999999999715, 0.0165686355466282, 0.26666666666666666, 0.6185714285691428, 0.0016710137868781653, 0.31333333333333335, 0.14285714285633141, 0.0024380051589110016, 0.2866666666666667, 0.9199999999996, 0.018835831823678845, 0.3333333333333333, 0.24857142857142858, 0.01826460519761248, 0.2733333333333333, 0.181428571428, 0.0005419131062726566, 0.0, 0.0, 0.0, 0.0, 0.0, 0.0, 0.0, 0.0, 0.0, 0.0, 0.0, 0.0, 0.0, 0.0, 0.0, 0.0, 0.0, 0.0, 0.0, 0.0, 0.0, 0.0, 0.0, 0.0, 0.0, 0.0, 0.0, 0.0, 0.0, 0.0, 0.0, 0.0, 0.0, 0.0, 0.0, 0.0, 0.0, 0.0, 0.0, 0.0, 0.0, 0.0, 0.0, 0.0, 0.0, 0.0, 0.0, 0.0, 0.0, 0.0, 0.0, 0.0, 0.0, 0.0, 0.0, 0.0, 0.0, 0.0, 0.0, 0.0, 0.0, 0.0, 0.0, 0.0, 0.0, 0.0, 0.0, 0.0, 0.0, 0.0, 0.0, 0.0, 0.0, 0.0, 0.0, 0.0, 0.0, 0.0, 0.0, 0.0, 0.0, 0.0, 0.0, 0.0, 0.0, 0.0, 0.0, 0.0, 0.0, 0.0, 0.0, 0.0, 0.0, 0.0, 0.0, 0.0, 0.0, 0.0, 0.0, 0.0, 0.0, 0.0, 0.0, 0.0, 0.0, 0.0, 0.0, 0.0, 0.0, 0.0, 0.0, 0.0, 0.0, 0.0, 0.0, 0.0, 0.0, 0.0, 0.0, 0.0, 0.0, 0.0, 0.0, 0.0, 0.0, 0.0, 0.0, 0.0, 0.0, 0.0, 0.0, 0.0, 0.0, 0.0, 0.0, 0.0, 0.0, 0.0],[0, 0, 0, 0, 0, 0, 0, 0, 0, 0, 0, 0, 0, 0, 0, 0, 0, 0, 0, 0, 0, 0, 0, 0, 0, 0, 0, 0, 0, 0, 0, 0, 0, 0, 0, 0, 0, 0, 0, 0, 0, 0, 0, 0, 0, 0, 0, 0, 0, 0, 0, 0, 0, 0, 0, 0, 0, 0, 0, 0, 0, 0, 0, 0]
[0.0, 0.0, 0.0, 0.0, 0.0, 0.0, 0.0, 0.0, 0.0, 0.0, 0.0, 0.0, 0.0, 0.0, 0.0, 0.0, 0.0, 0.0, 0.0, 0.0, 0.0, 0.0, 1.0, 1.0, 0.0, 0.0, 0.0, 0.0, 1.0, 1.0, 1.0, 0.0, 1.0, 1.0, 1.0, 1.0, 0.0, 0.0, 0.0, 0.0, 0.0, 1.0, 1.0, 1.0, 1.0, 1.0, 1.0, 1.0, 1.0, 1.0, 1.0, 1.0, 1.0, 1.0, 1.0, 1.0, 1.0, 1.0, 1.0, 1.0, 0.0, 0.0, 0.0, 0.0, 0.0, 0.0, 0.0, 0.0, 0.0, 0.0, 0.0, 0.0, 0.0, 0.0, 0.0, 0.0, 0.0, 0.0, 0.0, 0.0, 0.0, 0.0, 0.0, 0.0, 0.0, 0.0, 0.0, 0.0, 0.0, 0.0, 0.0, 0.0, 0.0, 0.0, 0.0, 0.0, 0.0, 0.0, 0.0, 0.0, 0.0, 0.0, 0.0, 0.0, 0.0, 0.0, 0.0, 0.0, 0.0, 0.0, 0.0, 0.0, 0.0, 0.0, 0.0, 0.0, 0.0, 0.0, 0.0, 0.0, 0.0, 0.0, 0.0, 0.0, 0.0, 0.0, 0.0, 0.0, 0.0, 0.0, 0.0, 0.0, 0.0, 0.0, 0.0, 0.0, 0.0, 0.0, 0.0, 0.0, 0.0, 0.0, 0.0, 0.0, 0.0, 0.0, 0.0, 0.0, 0.0, 1.0, 0.25333333333333335, 0.24142857142745142, 0.07182102340209795, 0.16, 0.5599999999995429, 0.016136933982910436, 0.31333333333333335, 0.40999999999842857, 0.0021366029557734942, 0.28, 0.80571428571384, 0.011746530436334314, 0.29333333333333333, 0.4742857142835429, 0.0014667384877461351, 0.2866666666666667, 0.39999999999934, 0.004882278855274617, 0.20666666666666667, 0.4728571428563143, 0.003735993276726695, 0.29333333333333333, 0.75142857142848, 0.005228569277877371, 0.2866666666666667, 0.9057142857138172, 0.004299117769788352, 0.2866666666666667, 0.9399999999995485, 0.004461860398297855, 0.28, 0.99428571428472, 0.0032212707579531243, 0.2733333333333333, 0.47428571428561145, 0.042499642035366055, 0.28, 0.26714285714232, 0.0025964553092095925, 0.3333333333333333, 0.28, 0.001285870193510074, 0.22666666666666666, 0.22999999999999715, 0.0165686355466282, 0.26666666666666666, 0.6185714285691428, 0.0016710137868781653, 0.31333333333333335, 0.14285714285633141, 0.0024380051589110016, 0.2866666666666667, 0.9199999999996, 0.018835831823678845, 0.3333333333333333, 0.24857142857142858, 0.01826460519761248, 0.2733333333333333, 0.181428571428, 0.0005419131062726566, 0.0, 0.0, 0.0, 0.0, 0.0, 0.0, 0.0, 0.0, 0.0, 0.0, 0.0, 0.0, 0.0, 0.0, 0.0, 0.0, 0.0, 0.0, 0.0, 0.0, 0.0, 0.0, 0.0, 0.0, 0.0, 0.0, 0.0, 0.0, 0.0, 0.0, 0.0, 0.0, 0.0, 0.0, 0.0, 0.0, 0.0, 0.0, 0.0, 0.0, 0.0, 0.0, 0.0, 0.0, 0.0, 0.0, 0.0, 0.0, 0.0, 0.0, 0.0, 0.0, 0.0, 0.0, 0.0, 0.0, 0.0, 0.0, 0.0, 0.0, 0.0, 0.0, 0.0, 0.0, 0.0, 0.0, 0.0, 0.0, 0.0, 0.0, 0.0, 0.0, 0.0, 0.0, 0.0, 0.0, 0.0, 0.0, 0.0, 0.0, 0.0, 0.0, 0.0, 0.0, 0.0, 0.0, 0.0, 0.0, 0.0, 0.0, 0.0, 0.0, 0.0, 0.0, 0.0, 0.0, 0.0, 0.0, 0.0, 0.0, 0.0, 0.0, 0.0, 0.0, 0.0, 0.0, 0.0, 0.0, 0.0, 0.0, 0.0, 0.0, 0.0, 0.0, 0.0, 0.0, 0.0, 0.0, 0.0, 0.0, 0.0, 0.0, 0.0, 0.0, 0.0, 0.0, 0.0, 0.0, 0.0, 0.0, 0.0, 0.0],[0, 1, 0, 0, 0, 0, 0, 0, 0, 0, 0, 0, 0, 0, 0, 0, 0, 0, 0, 0, 0, 0, 0, 0, 0, 0, 0, 0, 0, 0, 0, 0, 0, 0, 0, 0, 0, 0, 0, 0, 0, 0, 0, 0, 0, 0, 0, 0, 0, 0, 0, 0, 0, 0, 0, 0, 0, 0, 0, 0, 0, 0, 0, 0]
[0.0, 0.0, 0.0, 0.0, 0.0, 0.0, 0.0, 0.0, 0.0, 0.0, 0.0, 0.0, 0.0, 0.0, 0.0, 0.0, 0.0, 0.0, 0.0, 0.0, 0.0, 0.0, 0.0, 0.0, 0.0, 0.0, 0.0, 0.0, 0.0, 0.0, 0.0, 0.0, 0.0, 0.0, 0.0, 0.0, 0.0, 0.0, 0.0, 0.0, 0.0, 0.0, 0.0, 0.0, 0.0, 0.0, 0.0, 0.0, 0.0, 0.0, 0.0, 0.0, 0.0, 0.0, 0.0, 0.0, 1.0, 1.0, 1.0, 1.0, 0.0, 0.0, 0.0, 0.0, 0.0, 0.0, 0.0, 0.0, 0.0, 0.0, 0.0, 0.0, 0.0, 0.0, 0.0, 0.0, 0.0, 0.0, 0.0, 0.0, 0.0, 0.0, 0.0, 0.0, 0.0, 0.0, 0.0, 0.0, 0.0, 0.0, 0.0, 0.0, 0.0, 0.0, 0.0, 0.0, 0.0, 0.0, 0.0, 0.0, 0.0, 0.0, 0.0, 0.0, 0.0, 0.0, 0.0, 0.0, 0.0, 0.0, 0.0, 0.0, 0.0, 0.0, 0.0, 0.0, 0.0, 0.0, 0.0, 0.0, 0.0, 0.0, 0.0, 0.0, 0.0, 0.0, 0.0, 0.0, 0.0, 0.0, 0.0, 0.0, 0.0, 0.0, 0.0, 0.0, 0.0, 0.0, 0.0, 0.0, 0.0, 0.0, 0.0, 0.0, 0.0, 0.0, 0.0, 0.0, 0.0, 1.0, 0.25333333333333335, 0.24142857142745142, 0.07182102340209795, 0.31333333333333335, 0.40999999999842857, 0.0021366029557734942, 0.28, 0.80571428571384, 0.011746530436334314, 0.29333333333333333, 0.4742857142835429, 0.0014667384877461351, 0.2866666666666667, 0.39999999999934, 0.004882278855274617, 0.20666666666666667, 0.4728571428563143, 0.003735993276726695, 0.29333333333333333, 0.75142857142848, 0.005228569277877371, 0.2866666666666667, 0.9057142857138172, 0.004299117769788352, 0.2866666666666667, 0.9399999999995485, 0.004461860398297855, 0.28, 0.99428571428472, 0.0032212707579531243, 0.2733333333333333, 0.47428571428561145, 0.042499642035366055, 0.28, 0.26714285714232, 0.0025964553092095925, 0.3333333333333333, 0.28, 0.001285870193510074, 0.22666666666666666, 0.22999999999999715, 0.0165686355466282, 0.26666666666666666, 0.6185714285691428, 0.0016710137868781653, 0.31333333333333335, 0.14285714285633141, 0.0024380051589110016, 0.2866666666666667, 0.9199999999996, 0.018835831823678845, 0.3333333333333333, 0.24857142857142858, 0.01826460519761248, 0.2733333333333333, 0.181428571428, 0.0005419131062726566, 0.0, 0.0, 0.0, 0.0, 0.0, 0.0, 0.0, 0.0, 0.0, 0.0, 0.0, 0.0, 0.0, 0.0, 0.0, 0.0, 0.0, 0.0, 0.0, 0.0, 0.0, 0.0, 0.0, 0.0, 0.0, 0.0, 0.0, 0.0, 0.0, 0.0, 0.0, 0.0, 0.0, 0.0, 0.0, 0.0, 0.0, 0.0, 0.0, 0.0, 0.0, 0.0, 0.0, 0.0, 0.0, 0.0, 0.0, 0.0, 0.0, 0.0, 0.0, 0.0, 0.0, 0.0, 0.0, 0.0, 0.0, 0.0, 0.0, 0.0, 0.0, 0.0, 0.0, 0.0, 0.0, 0.0, 0.0, 0.0, 0.0, 0.0, 0.0, 0.0, 0.0, 0.0, 0.0, 0.0, 0.0, 0.0, 0.0, 0.0, 0.0, 0.0, 0.0, 0.0, 0.0, 0.0, 0.0, 0.0, 0.0, 0.0, 0.0, 0.0, 0.0, 0.0, 0.0, 0.0, 0.0, 0.0, 0.0, 0.0, 0.0, 0.0, 0.0, 0.0, 0.0, 0.0, 0.0, 0.0, 0.0, 0.0, 0.0, 0.0, 0.0, 0.0, 0.0, 0.0, 0.0, 0.0, 0.0, 0.0, 0.0, 0.0, 0.0, 0.0, 0.0, 0.0, 0.0, 0.0, 0.0, 0.0, 0.0, 0.0, 0.0, 0.0, 0.0],[0, 0, 0, 0, 0, 0, 0, 0, 0, 0, 0, 0, 0, 0, 0, 0, 0, 0, 0, 0, 0, 0, 0, 0, 0, 0, 0, 0, 0, 0, 0, 0, 0, 0, 0, 0, 0, 0, 0, 0, 0, 0, 0, 0, 0, 0, 0, 0, 0, 0, 0, 0, 0, 0, 0, 0, 0, 0, 0, 0, 0, 0, 0, 0]
[0.0, 0.0, 0.0, 1.0, 1.0, 1.0, 1.0, 1.0, 1.0, 1.0, 1.0, 1.0, 1.0, 1.0, 1.0, 1.0, 1.0, 1.0, 1.0, 1.0, 1.0, 1.0, 0.0, 0.0, 1.0, 1.0, 1.0, 1.0, 0.0, 0.0, 0.0, 1.0, 0.0, 0.0, 0.0, 0.0, 0.0, 0.0, 0.0, 0.0, 0.0, 0.0, 0.0, 0.0, 0.0, 0.0, 0.0, 0.0, 0.0, 0.0, 0.0, 0.0, 0.0, 0.0, 0.0, 0.0, 1.0, 1.0, 1.0, 1.0, 0.0, 0.0, 0.0, 0.0, 0.0, 0.0, 1.0, 1.0, 1.0, 1.0, 0.0, 1.0, 1.0, 1.0, 1.0, 1.0, 1.0, 1.0, 1.0, 1.0, 1.0, 0.0, 0.0, 0.0, 0.0, 0.0, 0.0, 0.0, 0.0, 0.0, 0.0, 0.0, 0.0, 0.0, 0.0, 0.0, 0.0, 0.0, 0.0, 0.0, 0.0, 0.0, 0.0, 0.0, 0.0, 0.0, 0.0, 0.0, 0.0, 0.0, 0.0, 0.0, 0.0, 0.0, 0.0, 0.0, 0.0, 0.0, 0.0, 0.0, 0.0, 0.0, 0.0, 0.0, 0.0, 0.0, 0.0, 0.0, 0.0, 0.0, 0.0, 0.0, 0.0, 0.0, 0.0, 0.0, 0.0, 0.0, 0.0, 0.0, 0.0, 0.0, 0.0, 0.0, 0.0, 0.0, 0.0, 1.0, 1.0, 1.0, 0.25333333333333335, 0.24142857142745142, 0.07182102340209795, 0.04666666666666667, 0.57285714285696, 0.012527549747263729, 0.09333333333333334, 0.57714285714176, 0.016924688467775867, 0.31333333333333335, 0.40999999999842857, 0.0021366029557734942, 0.28, 0.80571428571384, 0.011746530436334314, 0.29333333333333333, 0.4742857142835429, 0.0014667384877461351, 0.2866666666666667, 0.39999999999934, 0.004882278855274617, 0.20666666666666667, 0.4728571428563143, 0.003735993276726695, 0.29333333333333333, 0.75142857142848, 0.005228569277877371, 0.2866666666666667, 0.9057142857138172, 0.004299117769788352, 0.2866666666666667, 0.9399999999995485, 0.004461860398297855, 0.28, 0.99428571428472, 0.0032212707579531243, 0.2733333333333333, 0.47428571428561145, 0.042499642035366055, 0.28, 0.26714285714232, 0.0025964553092095925, 0.3333333333333333, 0.28, 0.001285870193510074, 0.22666666666666666, 0.22999999999999715, 0.0165686355466282, 0.26666666666666666, 0.6185714285691428, 0.0016710137868781653, 0.31333333333333335, 0.14285714285633141, 0.0024380051589110016, 0.2866666666666667, 0.9199999999996, 0.018835831823678845, 0.3333333333333333, 0.24857142857142858, 0.01826460519761248, 0.2733333333333333, 0.181428571428, 0.0005419131062726566, 0.0, 0.0, 0.0, 0.0, 0.0, 0.0, 0.0, 0.0, 0.0, 0.0, 0.0, 0.0, 0.0, 0.0, 0.0, 0.0, 0.0, 0.0, 0.0, 0.0, 0.0, 0.0, 0.0, 0.0, 0.0, 0.0, 0.0, 0.0, 0.0, 0.0, 0.0, 0.0, 0.0, 0.0, 0.0, 0.0, 0.0, 0.0, 0.0, 0.0, 0.0, 0.0, 0.0, 0.0, 0.0, 0.0, 0.0, 0.0, 0.0, 0.0, 0.0, 0.0, 0.0, 0.0, 0.0, 0.0, 0.0, 0.0, 0.0, 0.0, 0.0, 0.0, 0.0, 0.0, 0.0, 0.0, 0.0, 0.0, 0.0, 0.0, 0.0, 0.0, 0.0, 0.0, 0.0, 0.0, 0.0, 0.0, 0.0, 0.0, 0.0, 0.0, 0.0, 0.0, 0.0, 0.0, 0.0, 0.0, 0.0, 0.0, 0.0, 0.0, 0.0, 0.0, 0.0, 0.0, 0.0, 0.0, 0.0, 0.0, 0.0, 0.0, 0.0, 0.0, 0.0, 0.0, 0.0, 0.0, 0.0, 0.0, 0.0, 0.0, 0.0, 0.0, 0.0, 0.0, 0.0, 0.0, 0.0, 0.0, 0.0, 0.0, 0.0, 0.0, 0.0, 0.0, 0.0, 0.0, 0.0],[1, 1, 0, 0, 0, 0, 0, 0, 0, 0, 0, 0, 0, 0, 0, 0, 0, 0, 0, 0, 0, 0, 0, 0, 0, 0, 0, 0, 0, 0, 0, 0, 0, 0, 0, 0, 0, 0, 0, 0, 0, 0, 0, 0, 0, 0, 0, 0, 0, 0, 0, 0, 0, 0, 0, 0, 0, 0, 0, 0, 0, 0, 0, 0]
[0.0, 0.0, 0.0, 0.0, 0.0, 0.0, 0.0, 0.0, 0.0, 0.0, 0.0, 0.0, 0.0, 0.0, 0.0, 0.0, 0.0, 0.0, 0.0, 0.0, 0.0, 0.0, 0.0, 0.0, 0.0, 0.0, 0.0, 0.0, 0.0, 0.0, 0.0, 0.0, 0.0, 0.0, 0.0, 0.0, 0.0, 0.0, 0.0, 0.0, 0.0, 0.0, 0.0, 0.0, 0.0, 0.0, 0.0, 0.0, 0.0, 0.0, 0.0, 0.0, 0.0, 0.0, 0.0, 0.0, 0.0, 0.0, 0.0, 0.0, 0.0, 0.0, 0.0, 0.0, 0.0, 0.0, 0.0, 0.0, 0.0, 0.0, 0.0, 0.0, 0.0, 0.0, 0.0, 0.0, 0.0, 0.0, 0.0, 0.0, 0.0, 0.0, 0.0, 0.0, 0.0, 0.0, 0.0, 0.0, 0.0, 0.0, 0.0, 0.0, 0.0, 0.0, 0.0, 0.0, 0.0, 0.0, 0.0, 0.0, 0.0, 0.0, 0.0, 0.0, 0.0, 0.0, 0.0, 0.0, 0.0, 0.0, 0.0, 0.0, 0.0, 0.0, 0.0, 0.0, 0.0, 0.0, 0.0, 0.0, 0.0, 0.0, 0.0, 0.0, 0.0, 0.0, 0.0, 0.0, 0.0, 0.0, 0.0, 0.0, 0.0, 0.0, 0.0, 0.0, 0.0, 0.0, 0.0, 0.0, 0.0, 0.0, 0.0, 0.0, 0.0, 0.0, 0.0, 0.0, 0.0, 0.0, 0.09333333333333334, 0.57714285714176, 0.016924688467775867, 0.31333333333333335, 0.40999999999842857, 0.0021366029557734942, 0.28, 0.80571428571384, 0.011746530436334314, 0.29333333333333333, 0.4742857142835429, 0.0014667384877461351, 0.2866666666666667, 0.39999999999934, 0.004882278855274617, 0.20666666666666667, 0.4728571428563143, 0.003735993276726695, 0.29333333333333333, 0.75142857142848, 0.005228569277877371, 0.2866666666666667, 0.9057142857138172, 0.004299117769788352, 0.2866666666666667, 0.9399999999995485, 0.004461860398297855, 0.28, 0.99428571428472, 0.0032212707579531243, 0.2733333333333333, 0.47428571428561145, 0.042499642035366055, 0.28, 0.26714285714232, 0.0025964553092095925, 0.3333333333333333, 0.28, 0.001285870193510074, 0.22666666666666666, 0.22999999999999715, 0.0165686355466282, 0.26666666666666666, 0.6185714285691428, 0.0016710137868781653, 0.31333333333333335, 0.14285714285633141, 0.0024380051589110016, 0.2866666666666667, 0.9199999999996, 0.018835831823678845, 0.3333333333333333, 0.24857142857142858, 0.01826460519761248, 0.2733333333333333, 0.181428571428, 0.0005419131062726566, 0.0, 0.0, 0.0, 0.0, 0.0, 0.0, 0.0, 0.0, 0.0, 0.0, 0.0, 0.0, 0.0, 0.0, 0.0, 0.0, 0.0, 0.0, 0.0, 0.0, 0.0, 0.0, 0.0, 0.0, 0.0, 0.0, 0.0, 0.0, 0.0, 0.0, 0.0, 0.0, 0.0, 0.0, 0.0, 0.0, 0.0, 0.0, 0.0, 0.0, 0.0, 0.0, 0.0, 0.0, 0.0, 0.0, 0.0, 0.0, 0.0, 0.0, 0.0, 0.0, 0.0, 0.0, 0.0, 0.0, 0.0, 0.0, 0.0, 0.0, 0.0, 0.0, 0.0, 0.0, 0.0, 0.0, 0.0, 0.0, 0.0, 0.0, 0.0, 0.0, 0.0, 0.0, 0.0, 0.0, 0.0, 0.0, 0.0, 0.0, 0.0, 0.0, 0.0, 0.0, 0.0, 0.0, 0.0, 0.0, 0.0, 0.0, 0.0, 0.0, 0.0, 0.0, 0.0, 0.0, 0.0, 0.0, 0.0, 0.0, 0.0, 0.0, 0.0, 0.0, 0.0, 0.0, 0.0, 0.0, 0.0, 0.0, 0.0, 0.0, 0.0, 0.0, 0.0, 0.0, 0.0, 0.0, 0.0, 0.0, 0.0, 0.0, 0.0, 0.0, 0.0, 0.0, 0.0, 0.0, 0.0, 0.0, 0.0, 0.0, 0.0, 0.0, 0.0],[0, 0, 0, 0, 0, 0, 0, 0, 0, 0, 0, 0, 0, 0, 0, 0, 0, 0, 0, 0, 0, 0, 0, 0, 0, 0, 0, 0, 0, 0, 0, 0, 0, 0, 0, 0, 0, 0, 0, 0, 0, 0, 0, 0, 0, 0, 0, 0, 0, 0, 0, 0, 0, 0, 0, 0, 0, 0, 0, 0, 0, 0, 0, 0]
[0.0, 0.0, 0.0, 1.0, 1.0, 1.0, 1.0, 1.0, 1.0, 1.0, 1.0, 1.0, 1.0, 1.0, 1.0, 1.0, 1.0, 1.0, 1.0, 1.0, 1.0, 1.0, 0.0, 0.0, 1.0, 1.0, 1.0, 1.0, 0.0, 0.0, 0.0, 1.0, 0.0, 0.0, 0.0, 0.0, 0.0, 0.0, 0.0, 0.0, 0.0, 0.0, 0.0, 0.0, 0.0, 0.0, 0.0, 0.0, 0.0, 0.0, 0.0, 0.0, 0.0, 0.0, 0.0, 0.0, 1.0, 1.0, 1.0, 1.0, 0.0, 0.0, 0.0, 0.0, 0.0, 0.0, 1.0, 1.0, 1.0, 1.0, 0.0, 1.0, 1.0, 1.0, 1.0, 1.0, 1.0, 0.0, 0.0, 0.0, 0.0, 0.0, 0.0, 0.0, 0.0, 0.0, 0.0, 0.0, 0.0, 0.0, 0.0, 0.0, 0.0, 0.0, 0.0, 0.0, 0.0, 0.0, 0.0, 0.0, 0.0, 0.0, 0.0, 0.0, 0.0, 0.0, 0.0, 0.0, 0.0, 0.0, 0.0, 0.0, 0.0, 0.0, 0.0, 0.0, 0.0, 0.0, 0.0, 0.0, 0.0, 0.0, 0.0, 0.0, 0.0, 0.0, 0.0, 0.0, 0.0, 0.0, 0.0, 0.0, 0.0, 0.0, 0.0, 0.0, 0.0, 0.0, 0.0, 0.0, 0.0, 0.0, 0.0, 0.0, 0.0, 0.0, 0.0, 0.0, 0.0, 0.0, 0.3, 0.555714285714, 0.0244620389730855, 0.02666666666666667, 0.8514285714285714, 0.267990569480811, 0.09333333333333334, 0.57714285714176, 0.016924688467775867, 0.31333333333333335, 0.40999999999842857, 0.0021366029557734942, 0.1, 0.4285714285713857, 0.0569267628216221, 0.28, 0.80571428571384, 0.011746530436334314, 0.29333333333333333, 0.4742857142835429, 0.0014667384877461351, 0.2866666666666667, 0.39999999999934, 0.004882278855274617, 0.20666666666666667, 0.4728571428563143, 0.003735993276726695, 0.29333333333333333, 0.75142857142848, 0.005228569277877371, 0.2866666666666667, 0.9057142857138172, 0.004299117769788352, 0.2866666666666667, 0.9399999999995485, 0.004461860398297855, 0.28, 0.99428571428472, 0.0032212707579531243, 0.2733333333333333, 0.47428571428561145, 0.042499642035366055, 0.28, 0.26714285714232, 0.0025964553092095925, 0.3333333333333333, 0.28, 0.001285870193510074, 0.22666666666666666, 0.22999999999999715, 0.0165686355466282, 0.26666666666666666, 0.6185714285691428, 0.0016710137868781653, 0.31333333333333335, 0.14285714285633141, 0.0024380051589110016, 0.2866666666666667, 0.9199999999996, 0.018835831823678845, 0.3333333333333333, 0.24857142857142858, 0.01826460519761248, 0.2733333333333333, 0.181428571428, 0.0005419131062726566, 0.0, 0.0, 0.0, 0.0, 0.0, 0.0, 0.0, 0.0, 0.0, 0.0, 0.0, 0.0, 0.0, 0.0, 0.0, 0.0, 0.0, 0.0, 0.0, 0.0, 0.0, 0.0, 0.0, 0.0, 0.0, 0.0, 0.0, 0.0, 0.0, 0.0, 0.0, 0.0, 0.0, 0.0, 0.0, 0.0, 0.0, 0.0, 0.0, 0.0, 0.0, 0.0, 0.0, 0.0, 0.0, 0.0, 0.0, 0.0, 0.0, 0.0, 0.0, 0.0, 0.0, 0.0, 0.0, 0.0, 0.0, 0.0, 0.0, 0.0, 0.0, 0.0, 0.0, 0.0, 0.0, 0.0, 0.0, 0.0, 0.0, 0.0, 0.0, 0.0, 0.0, 0.0, 0.0, 0.0, 0.0, 0.0, 0.0, 0.0, 0.0, 0.0, 0.0, 0.0, 0.0, 0.0, 0.0, 0.0, 0.0, 0.0, 0.0, 0.0, 0.0, 0.0, 0.0, 0.0, 0.0, 0.0, 0.0, 0.0, 0.0, 0.0, 0.0, 0.0, 0.0, 0.0, 0.0, 0.0, 0.0, 0.0, 0.0, 0.0, 0.0, 0.0, 0.0, 0.0, 0.0, 0.0, 0.0, 0.0, 0.0, 0.0, 0.0, 0.0, 0.0, 0.0],[0, 1, 1, 0, 1, 0, 0, 0, 0, 0, 0, 0, 0, 0, 0, 0, 0, 0, 0, 0, 0, 0, 0, 0, 0, 0, 0, 0, 0, 0, 0, 0, 0, 0, 0, 0, 0, 0, 0, 0, 0, 0, 0, 0, 0, 0, 0, 0, 0, 0, 0, 0, 0, 0, 0, 0, 0, 0, 0, 0, 0, 0, 0, 0]
[0.0, 0.0, 0.0, 0.0, 0.0, 0.0, 0.0, 0.0, 0.0, 0.0, 0.0, 0.0, 0.0, 0.0, 0.0, 0.0, 0.0, 0.0, 0.0, 0.0, 0.0, 0.0, 0.0, 0.0, 0.0, 0.0, 0.0, 0.0, 0.0, 0.0, 0.0, 0.0, 0.0, 0.0, 0.0, 0.0, 0.0, 0.0, 0.0, 0.0, 0.0, 0.0, 0.0, 0.0, 0.0, 0.0, 0.0, 0.0, 0.0, 0.0, 0.0, 0.0, 0.0, 0.0, 0.0, 0.0, 0.0, 0.0, 0.0, 0.0, 0.0, 0.0, 0.0, 0.0, 0.0, 0.0, 0.0, 0.0, 0.0, 0.0, 0.0, 0.0, 1.0, 1.0, 1.0, 1.0, 1.0, 0.0, 0.0, 0.0, 0.0, 0.0, 0.0, 0.0, 0.0, 0.0, 0.0, 0.0, 0.0, 0.0, 0.0, 0.0, 0.0, 0.0, 0.0, 0.0, 0.0, 0.0, 0.0, 0.0, 0.0, 0.0, 0.0, 0.0, 0.0, 0.0, 0.0, 0.0, 0.0, 0.0, 0.0, 0.0, 0.0, 0.0, 0.0, 0.0, 0.0, 0.0, 0.0, 0.0, 0.0, 0.0, 0.0, 0.0, 0.0, 0.0, 0.0, 0.0, 0.0, 0.0, 0.0, 0.0, 0.0, 0.0, 0.0, 0.0, 0.0, 0.0, 0.0, 0.0, 0.0, 0.0, 0.0, 0.0, 0.0, 0.0, 0.0, 0.0, 0.0, 0.0, 0.3, 0.555714285714, 0.0244620389730855, 0.31333333333333335, 0.40999999999842857, 0.0021366029557734942, 0.28, 0.80571428571384, 0.011746530436334314, 0.29333333333333333, 0.4742857142835429, 0.0014667384877461351, 0.2866666666666667, 0.39999999999934, 0.004882278855274617, 0.20666666666666667, 0.4728571428563143, 0.003735993276726695, 0.29333333333333333, 0.75142857142848, 0.005228569277877371, 0.2866666666666667, 0.9057142857138172, 0.004299117769788352, 0.2866666666666667, 0.9399999999995485, 0.004461860398297855, 0.28, 0.99428571428472, 0.0032212707579531243, 0.2733333333333333, 0.47428571428561145, 0.042499642035366055, 0.28, 0.26714285714232, 0.0025964553092095925, 0.3333333333333333, 0.28, 0.001285870193510074, 0.22666666666666666, 0.22999999999999715, 0.0165686355466282, 0.26666666666666666, 0.6185714285691428, 0.0016710137868781653, 0.31333333333333335, 0.14285714285633141, 0.0024380051589110016, 0.2866666666666667, 0.9199999999996, 0.018835831823678845, 0.3333333333333333, 0.24857142857142858, 0.01826460519761248, 0.2733333333333333, 0.181428571428, 0.0005419131062726566, 0.0, 0.0, 0.0, 0.0, 0.0, 0.0, 0.0, 0.0, 0.0, 0.0, 0.0, 0.0, 0.0, 0.0, 0.0, 0.0, 0.0, 0.0, 0.0, 0.0, 0.0, 0.0, 0.0, 0.0, 0.0, 0.0, 0.0, 0.0, 0.0, 0.0, 0.0, 0.0, 0.0, 0.0, 0.0, 0.0, 0.0, 0.0, 0.0, 0.0, 0.0, 0.0, 0.0, 0.0, 0.0, 0.0, 0.0, 0.0, 0.0, 0.0, 0.0, 0.0, 0.0, 0.0, 0.0, 0.0, 0.0, 0.0, 0.0, 0.0, 0.0, 0.0, 0.0, 0.0, 0.0, 0.0, 0.0, 0.0, 0.0, 0.0, 0.0, 0.0, 0.0, 0.0, 0.0, 0.0, 0.0, 0.0, 0.0, 0.0, 0.0, 0.0, 0.0, 0.0, 0.0, 0.0, 0.0, 0.0, 0.0, 0.0, 0.0, 0.0, 0.0, 0.0, 0.0, 0.0, 0.0, 0.0, 0.0, 0.0, 0.0, 0.0, 0.0, 0.0, 0.0, 0.0, 0.0, 0.0, 0.0, 0.0, 0.0, 0.0, 0.0, 0.0, 0.0, 0.0, 0.0, 0.0, 0.0, 0.0, 0.0, 0.0, 0.0, 0.0, 0.0, 0.0, 0.0, 0.0, 0.0, 0.0, 0.0, 0.0, 0.0, 0.0, 0.0],[0, 0, 0, 0, 0, 0, 0, 0, 0, 0, 0, 0, 0, 0, 0, 0, 0, 0, 0, 0, 0, 0, 0, 0, 0, 0, 0, 0, 0, 0, 0, 0, 0, 0, 0, 0, 0, 0, 0, 0, 0, 0, 0, 0, 0, 0, 0, 0, 0, 0, 0, 0, 0, 0, 0, 0, 0, 0, 0, 0, 0, 0, 0, 0]
[0.0, 0.0, 0.0, 0.0, 0.0, 0.0, 0.0, 0.0, 0.0, 0.0, 0.0, 0.0, 0.0, 0.0, 0.0, 0.0, 0.0, 0.0, 0.0, 0.0, 0.0, 0.0, 0.0, 0.0, 0.0, 0.0, 0.0, 0.0, 0.0, 0.0, 0.0, 0.0, 0.0, 0.0, 0.0, 0.0, 0.0, 0.0, 0.0, 0.0, 0.0, 0.0, 0.0, 0.0, 0.0, 0.0, 0.0, 0.0, 0.0, 0.0, 0.0, 0.0, 0.0, 0.0, 0.0, 0.0, 0.0, 0.0, 0.0, 0.0, 1.0, 1.0, 1.0, 1.0, 1.0, 1.0, 0.0, 0.0, 0.0, 0.0, 1.0, 0.0, 1.0, 1.0, 1.0, 1.0, 1.0, 0.0, 0.0, 0.0, 0.0, 0.0, 0.0, 1.0, 1.0, 1.0, 1.0, 1.0, 1.0, 1.0, 1.0, 1.0, 1.0, 1.0, 1.0, 1.0, 1.0, 1.0, 1.0, 1.0, 1.0, 1.0, 1.0, 1.0, 1.0, 0.0, 0.0, 0.0, 0.0, 0.0, 0.0, 1.0, 1.0, 1.0, 1.0, 0.0, 0.0, 0.0, 0.0, 0.0, 0.0, 0.0, 0.0, 0.0, 0.0, 0.0, 0.0, 0.0, 0.0, 0.0, 0.0, 0.0, 0.0, 0.0, 0.0, 0.0, 0.0, 0.0, 0.0, 0.0, 0.0, 0.0, 0.0, 1.0, 1.0, 0.0, 1.0, 0.0, 0.0, 0.0, 0.3, 0.555714285714, 0.0244620389730855, 0.31333333333333335, 0.40999999999842857, 0.0021366029557734942, 0.28, 0.80571428571384, 0.011746530436334314, 0.29333333333333333, 0.4742857142835429, 0.0014667384877461351, 0.2866666666666667, 0.39999999999934, 0.004882278855274617, 0.20666666666666667, 0.4728571428563143, 0.003735993276726695, 0.29333333333333333, 0.75142857142848, 0.005228569277877371, 0.2866666666666667, 0.9057142857138172, 0.004299117769788352, 0.2866666666666667, 0.9399999999995485, 0.004461860398297855, 0.28, 0.99428571428472, 0.0032212707579531243, 0.2733333333333333, 0.47428571428561145, 0.042499642035366055, 0.28, 0.26714285714232, 0.0025964553092095925, 0.3333333333333333, 0.28, 0.001285870193510074, 0.22666666666666666, 0.22999999999999715, 0.0165686355466282, 0.26666666666666666, 0.6185714285691428, 0.0016710137868781653, 0.31333333333333335, 0.14285714285633141, 0.0024380051589110016, 0.2866666666666667, 0.9199999999996, 0.018835831823678845, 0.3333333333333333, 0.24857142857142858, 0.01826460519761248, 0.2733333333333333, 0.181428571428, 0.0005419131062726566, 0.0, 0.0, 0.0, 0.0, 0.0, 0.0, 0.0, 0.0, 0.0, 0.0, 0.0, 0.0, 0.0, 0.0, 0.0, 0.0, 0.0, 0.0, 0.0, 0.0, 0.0, 0.0, 0.0, 0.0, 0.0, 0.0, 0.0, 0.0, 0.0, 0.0, 0.0, 0.0, 0.0, 0.0, 0.0, 0.0, 0.0, 0.0, 0.0, 0.0, 0.0, 0.0, 0.0, 0.0, 0.0, 0.0, 0.0, 0.0, 0.0, 0.0, 0.0, 0.0, 0.0, 0.0, 0.0, 0.0, 0.0, 0.0, 0.0, 0.0, 0.0, 0.0, 0.0, 0.0, 0.0, 0.0, 0.0, 0.0, 0.0, 0.0, 0.0, 0.0, 0.0, 0.0, 0.0, 0.0, 0.0, 0.0, 0.0, 0.0, 0.0, 0.0, 0.0, 0.0, 0.0, 0.0, 0.0, 0.0, 0.0, 0.0, 0.0, 0.0, 0.0, 0.0, 0.0, 0.0, 0.0, 0.0, 0.0, 0.0, 0.0, 0.0, 0.0, 0.0, 0.0, 0.0, 0.0, 0.0, 0.0, 0.0, 0.0, 0.0, 0.0, 0.0, 0.0, 0.0, 0.0, 0.0, 0.0, 0.0, 0.0, 0.0, 0.0, 0.0, 0.0, 0.0, 0.0, 0.0, 0.0, 0.0, 0.0, 0.0, 0.0, 0.0, 0.0],[0, 0, 0, 0, 0, 1, 0, 0, 0, 0, 0, 0, 0, 0, 0, 0, 0, 0, 0, 0, 0, 0, 0, 0, 0, 0, 0, 0, 0, 0, 0, 0, 0, 0, 0, 0, 0, 0, 0, 0, 0, 0, 0, 0, 0, 0, 0, 0, 0, 0, 0, 0, 0, 0, 0, 0, 0, 0, 0, 0, 0, 0, 0, 0]
[0.0, 0.0, 0.0, 0.0, 0.0, 0.0, 0.0, 0.0, 0.0, 0.0, 0.0, 0.0, 0.0, 0.0, 0.0, 0.0, 0.0, 0.0, 0.0, 0.0, 0.0, 0.0, 0.0, 0.0, 0.0, 0.0, 0.0, 0.0, 0.0, 0.0, 0.0, 0.0, 0.0, 0.0, 0.0, 0.0, 0.0, 0.0, 0.0, 0.0, 0.0, 0.0, 0.0, 0.0, 0.0, 0.0, 0.0, 0.0, 0.0, 0.0, 0.0, 0.0, 0.0, 0.0, 0.0, 0.0, 0.0, 0.0, 0.0, 0.0, 0.0, 0.0, 0.0, 0.0, 0.0, 0.0, 0.0, 0.0, 0.0, 0.0, 0.0, 0.0, 0.0, 0.0, 0.0, 0.0, 0.0, 0.0, 0.0, 0.0, 0.0, 0.0, 0.0, 0.0, 0.0, 0.0, 0.0, 0.0, 0.0, 0.0, 0.0, 0.0, 0.0, 0.0, 0.0, 0.0, 0.0, 0.0, 0.0, 0.0, 0.0, 0.0, 1.0, 1.0, 1.0, 0.0, 0.0, 0.0, 0.0, 0.0, 0.0, 1.0, 1.0, 1.0, 1.0, 0.0, 0.0, 0.0, 0.0, 0.0, 0.0, 0.0, 0.0, 0.0, 0.0, 0.0, 0.0, 0.0, 0.0, 0.0, 0.0, 0.0, 0.0, 0.0, 0.0, 0.0, 0.0, 0.0, 0.0, 0.0, 0.0, 0.0, 0.0, 1.0, 1.0, 0.0, 1.0, 0.0, 0.0, 0.0, 0.3, 0.555714285714, 0.0244620389730855, 0.31333333333333335, 0.40999999999842857, 0.0021366029557734942, 0.28, 0.80571428571384, 0.011746530436334314, 0.29333333333333333, 0.4742857142835429, 0.0014667384877461351, 0.2866666666666667, 0.39999999999934, 0.004882278855274617, 0.29333333333333333, 0.75142857142848, 0.005228569277877371, 0.2866666666666667, 0.9057142857138172, 0.004299117769788352, 0.2866666666666667, 0.9399999999995485, 0.004461860398297855, 0.28, 0.99428571428472, 0.0032212707579531243, 0.2733333333333333, 0.47428571428561145, 0.042499642035366055, 0.28, 0.26714285714232, 0.0025964553092095925, 0.3333333333333333, 0.28, 0.001285870193510074, 0.22666666666666666, 0.22999999999999715, 0.0165686355466282, 0.26666666666666666, 0.6185714285691428, 0.0016710137868781653, 0.31333333333333335, 0.14285714285633141, 0.0024380051589110016, 0.2866666666666667, 0.9199999999996, 0.018835831823678845, 0.3333333333333333, 0.24857142857142858, 0.01826460519761248, 0.2733333333333333, 0.181428571428, 0.0005419131062726566, 0.0, 0.0, 0.0, 0.0, 0.0, 0.0, 0.0, 0.0, 0.0, 0.0, 0.0, 0.0, 0.0, 0.0, 0.0, 0.0, 0.0, 0.0, 0.0, 0.0, 0.0, 0.0, 0.0, 0.0, 0.0, 0.0, 0.0, 0.0, 0.0, 0.0, 0.0, 0.0, 0.0, 0.0, 0.0, 0.0, 0.0, 0.0, 0.0, 0.0, 0.0, 0.0, 0.0, 0.0, 0.0, 0.0, 0.0, 0.0, 0.0, 0.0, 0.0, 0.0, 0.0, 0.0, 0.0, 0.0, 0.0, 0.0, 0.0, 0.0, 0.0, 0.0, 0.0, 0.0, 0.0, 0.0, 0.0, 0.0, 0.0, 0.0, 0.0, 0.0, 0.0, 0.0, 0.0, 0.0, 0.0, 0.0, 0.0, 0.0, 0.0, 0.0, 0.0, 0.0, 0.0, 0.0, 0.0, 0.0, 0.0, 0.0, 0.0, 0.0, 0.0, 0.0, 0.0, 0.0, 0.0, 0.0, 0.0, 0.0, 0.0, 0.0, 0.0, 0.0, 0.0, 0.0, 0.0, 0.0, 0.0, 0.0, 0.0, 0.0, 0.0, 0.0, 0.0, 0.0, 0.0, 0.0, 0.0, 0.0, 0.0, 0.0, 0.0, 0.0, 0.0, 0.0, 0.0, 0.0, 0.0, 0.0, 0.0, 0.0, 0.0, 0.0, 0.0, 0.0, 0.0, 0.0],[0, 0, 0, 0, 0, 0, 0, 0, 0, 0, 0, 0, 0, 0, 0, 0, 0, 0, 0, 0, 0, 0, 0, 0, 0, 0, 0, 0, 0, 0, 0, 0, 0, 0, 0, 0, 0, 0, 0, 0, 0, 0, 0, 0, 0, 0, 0, 0, 0, 0, 0, 0, 0, 0, 0, 0, 0, 0, 0, 0, 0, 0, 0, 0]
[1.0, 1.0, 1.0, 0.0, 0.0, 0.0, 0.0, 0.0, 0.0, 0.0, 0.0, 0.0, 0.0, 0.0, 0.0, 0.0, 0.0, 0.0, 0.0, 0.0, 0.0, 0.0, 0.0, 0.0, 0.0, 0.0, 0.0, 0.0, 0.0, 0.0, 0.0, 0.0, 0.0, 0.0, 0.0, 0.0, 0.0, 0.0, 0.0, 0.0, 0.0, 0.0, 0.0, 0.0, 0.0, 0.0, 0.0, 0.0, 0.0, 0.0, 0.0, 0.0, 0.0, 0.0, 0.0, 0.0, 0.0, 0.0, 0.0, 0.0, 0.0, 0.0, 0.0, 0.0, 0.0, 0.0, 0.0, 0.0, 0.0, 0.0, 0.0, 0.0, 0.0, 0.0, 0.0, 0.0, 0.0, 0.0, 0.0, 0.0, 0.0, 1.0, 1.0, 0.0, 0.0, 0.0, 0.0, 0.0, 0.0, 0.0, 0.0, 0.0, 0.0, 0.0, 0.0, 0.0, 0.0, 0.0, 0.0, 0.0, 0.0, 0.0, 1.0, 1.0, 1.0, 0.0, 0.0, 0.0, 0.0, 0.0, 0.0, 1.0, 1.0, 1.0, 1.0, 0.0, 0.0, 0.0, 0.0, 0.0, 0.0, 0.0, 0.0, 0.0, 0.0, 0.0, 0.0, 0.0, 0.0, 0.0, 0.0, 0.0, 0.0, 0.0, 0.0, 0.0, 0.0, 0.0, 0.0, 0.0, 0.0, 0.0, 0.0, 1.0, 1.0, 0.0, 1.0, 0.0, 0.0, 0.0, 0.3, 0.555714285714, 0.0244620389730855, 0.3, 0.8557142857133143, 0.009987452124528827, 0.23333333333333334, 0.7128571428567, 0.007490688676290484, 0.10666666666666667, 0.5214285714285715, 0.0037415706364092556, 0.02666666666666667, 0.8828571428571429, 0.20272137234419024, 0.31333333333333335, 0.40999999999842857, 0.0021366029557734942, 0.28, 0.80571428571384, 0.011746530436334314, 0.29333333333333333, 0.4742857142835429, 0.0014667384877461351, 0.2866666666666667, 0.39999999999934, 0.004882278855274617, 0.29333333333333333, 0.75142857142848, 0.005228569277877371, 0.2866666666666667, 0.9057142857138172, 0.004299117769788352, 0.2866666666666667, 0.9399999999995485, 0.004461860398297855, 0.28, 0.99428571428472, 0.0032212707579531243, 0.2733333333333333, 0.47428571428561145, 0.042499642035366055, 0.28, 0.26714285714232, 0.0025964553092095925, 0.3333333333333333, 0.28, 0.001285870193510074, 0.22666666666666666, 0.22999999999999715, 0.0165686355466282, 0.26666666666666666, 0.6185714285691428, 0.0016710137868781653, 0.31333333333333335, 0.14285714285633141, 0.0024380051589110016, 0.2866666666666667, 0.9199999999996, 0.018835831823678845, 0.3333333333333333, 0.24857142857142858, 0.01826460519761248, 0.2733333333333333, 0.181428571428, 0.0005419131062726566, 0.0, 0.0, 0.0, 0.0, 0.0, 0.0, 0.0, 0.0, 0.0, 0.0, 0.0, 0.0, 0.0, 0.0, 0.0, 0.0, 0.0, 0.0, 0.0, 0.0, 0.0, 0.0, 0.0, 0.0, 0.0, 0.0, 0.0, 0.0, 0.0, 0.0, 0.0, 0.0, 0.0, 0.0, 0.0, 0.0, 0.0, 0.0, 0.0, 0.0, 0.0, 0.0, 0.0, 0.0, 0.0, 0.0, 0.0, 0.0, 0.0, 0.0, 0.0, 0.0, 0.0, 0.0, 0.0, 0.0, 0.0, 0.0, 0.0, 0.0, 0.0, 0.0, 0.0, 0.0, 0.0, 0.0, 0.0, 0.0, 0.0, 0.0, 0.0, 0.0, 0.0, 0.0, 0.0, 0.0, 0.0, 0.0, 0.0, 0.0, 0.0, 0.0, 0.0, 0.0, 0.0, 0.0, 0.0, 0.0, 0.0, 0.0, 0.0, 0.0, 0.0, 0.0, 0.0, 0.0, 0.0, 0.0, 0.0, 0.0, 0.0, 0.0, 0.0, 0.0, 0.0, 0.0, 0.0, 0.0, 0.0, 0.0, 0.0, 0.0, 0.0, 0.0, 0.0, 0.0, 0.0, 0.0, 0.0, 0.0, 0.0, 0.0, 0.0, 0.0, 0.0, 0.0],[0, 0, 0, 0, 1, 0, 0, 0, 0, 0, 0, 0, 0, 0, 0, 0, 0, 0, 0, 0, 0, 0, 0, 0, 0, 0, 0, 0, 0, 0, 0, 0, 0, 0, 0, 0, 0, 0, 0, 0, 0, 0, 0, 0, 0, 0, 0, 0, 0, 0, 0, 0, 0, 0, 0, 0, 0, 0, 0, 0, 0, 0, 0, 0]
[0.0, 0.0, 0.0, 0.0, 0.0, 0.0, 0.0, 0.0, 0.0, 0.0, 0.0, 0.0, 0.0, 0.0, 0.0, 0.0, 0.0, 0.0, 0.0, 0.0, 0.0, 0.0, 0.0, 0.0, 0.0, 0.0, 0.0, 0.0, 0.0, 0.0, 0.0, 0.0, 0.0, 0.0, 0.0, 0.0, 0.0, 0.0, 0.0, 0.0, 0.0, 0.0, 0.0, 0.0, 0.0, 0.0, 0.0, 0.0, 0.0, 0.0, 0.0, 0.0, 0.0, 0.0, 0.0, 0.0, 0.0, 0.0, 0.0, 0.0, 0.0, 0.0, 0.0, 0.0, 0.0, 0.0, 0.0, 0.0, 0.0, 0.0, 0.0, 0.0, 0.0, 0.0, 0.0, 0.0, 0.0, 0.0, 0.0, 0.0, 0.0, 0.0, 1.0, 0.0, 0.0, 0.0, 0.0, 0.0, 0.0, 0.0, 0.0, 0.0, 0.0, 0.0, 0.0, 0.0, 0.0, 0.0, 0.0, 0.0, 0.0, 0.0, 1.0, 1.0, 1.0, 0.0, 0.0, 0.0, 0.0, 0.0, 0.0, 1.0, 1.0, 1.0, 1.0, 0.0, 0.0, 0.0, 0.0, 0.0, 0.0, 0.0, 0.0, 0.0, 0.0, 0.0, 0.0, 0.0, 0.0, 0.0, 0.0, 0.0, 0.0, 0.0, 0.0, 0.0, 0.0, 0.0, 0.0, 0.0, 0.0, 0.0, 0.0, 1.0, 1.0, 0.0, 1.0, 0.0, 0.0, 0.0, 0.3, 0.555714285714, 0.0244620389730855, 0.3, 0.8557142857133143, 0.009987452124528827, 0.23333333333333334, 0.7128571428567, 0.007490688676290484, 0.10666666666666667, 0.5214285714285715, 0.0037415706364092556, 0.31333333333333335, 0.40999999999842857, 0.0021366029557734942, 0.28, 0.80571428571384, 0.011746530436334314, 0.29333333333333333, 0.4742857142835429, 0.0014667384877461351, 0.2866666666666667, 0.39999999999934, 0.004882278855274617, 0.29333333333333333, 0.75142857142848, 0.005228569277877371, 0.2866666666666667, 0.9057142857138172, 0.004299117769788352, 0.2866666666666667, 0.9399999999995485, 0.004461860398297855, 0.28, 0.99428571428472, 0.0032212707579531243, 0.2733333333333333, 0.47428571428561145, 0.042499642035366055, 0.28, 0.26714285714232, 0.0025964553092095925, 0.3333333333333333, 0.28, 0.001285870193510074, 0.22666666666666666, 0.22999999999999715, 0.0165686355466282, 0.26666666666666666, 0.6185714285691428, 0.0016710137868781653, 0.31333333333333335, 0.14285714285633141, 0.0024380051589110016, 0.2866666666666667, 0.9199999999996, 0.018835831823678845, 0.3333333333333333, 0.24857142857142858, 0.01826460519761248, 0.2733333333333333, 0.181428571428, 0.0005419131062726566, 0.0, 0.0, 0.0, 0.0, 0.0, 0.0, 0.0, 0.0, 0.0, 0.0, 0.0, 0.0, 0.0, 0.0, 0.0, 0.0, 0.0, 0.0, 0.0, 0.0, 0.0, 0.0, 0.0, 0.0, 0.0, 0.0, 0.0, 0.0, 0.0, 0.0, 0.0, 0.0, 0.0, 0.0, 0.0, 0.0, 0.0, 0.0, 0.0, 0.0, 0.0, 0.0, 0.0, 0.0, 0.0, 0.0, 0.0, 0.0, 0.0, 0.0, 0.0, 0.0, 0.0, 0.0, 0.0, 0.0, 0.0, 0.0, 0.0, 0.0, 0.0, 0.0, 0.0, 0.0, 0.0, 0.0, 0.0, 0.0, 0.0, 0.0, 0.0, 0.0, 0.0, 0.0, 0.0, 0.0, 0.0, 0.0, 0.0, 0.0, 0.0, 0.0, 0.0, 0.0, 0.0, 0.0, 0.0, 0.0, 0.0, 0.0, 0.0, 0.0, 0.0, 0.0, 0.0, 0.0, 0.0, 0.0, 0.0, 0.0, 0.0, 0.0, 0.0, 0.0, 0.0, 0.0, 0.0, 0.0, 0.0, 0.0, 0.0, 0.0, 0.0, 0.0, 0.0, 0.0, 0.0, 0.0, 0.0, 0.0, 0.0, 0.0, 0.0, 0.0, 0.0, 0.0, 0.0, 0.0, 0.0],[0, 0, 0, 0, 0, 0, 0, 0, 0, 0, 0, 0, 0, 0, 0, 0, 0, 0, 0, 0, 0, 0, 0, 0, 0, 0, 0, 0, 0, 0, 0, 0, 0, 0, 0, 0, 0, 0, 0, 0, 0, 0, 0, 0, 0, 0, 0, 0, 0, 0, 0, 0, 0, 0, 0, 0, 0, 0, 0, 0, 0, 0, 0, 0]
[0.0, 0.0, 0.0, 0.0, 0.0, 0.0, 0.0, 0.0, 0.0, 0.0, 0.0, 0.0, 0.0, 0.0, 0.0, 0.0, 0.0, 0.0, 0.0, 0.0, 0.0, 0.0, 1.0, 1.0, 0.0, 0.0, 0.0, 0.0, 1.0, 1.0, 1.0, 0.0, 1.0, 1.0, 1.0, 1.0, 0.0, 0.0, 0.0, 0.0, 0.0, 1.0, 1.0, 1.0, 1.0, 1.0, 1.0, 1.0, 1.0, 1.0, 1.0, 1.0, 1.0, 1.0, 1.0, 1.0, 0.0, 0.0, 0.0, 0.0, 0.0, 0.0, 0.0, 0.0, 0.0, 0.0, 0.0, 0.0, 0.0, 0.0, 0.0, 0.0, 0.0, 0.0, 0.0, 0.0, 0.0, 0.0, 0.0, 0.0, 0.0, 0.0, 1.0, 0.0, 0.0, 0.0, 0.0, 0.0, 0.0, 0.0, 0.0, 0.0, 0.0, 0.0, 0.0, 0.0, 0.0, 0.0, 0.0, 0.0, 0.0, 0.0, 1.0, 1.0, 1.0, 0.0, 0.0, 0.0, 0.0, 0.0, 0.0, 1.0, 1.0, 1.0, 1.0, 0.0, 0.0, 0.0, 0.0, 0.0, 0.0, 0.0, 0.0, 0.0, 0.0, 0.0, 0.0, 0.0, 0.0, 0.0, 0.0, 0.0, 0.0, 0.0, 0.0, 0.0, 0.0, 0.0, 0.0, 0.0, 0.0, 0.0, 0.0, 1.0, 1.0, 0.0, 1.0, 0.0, 0.0, 0.0, 0.3, 0.555714285714, 0.0244620389730855, 0.3, 0.8557142857133143, 0.009987452124528827, 0.23333333333333334, 0.7128571428567, 0.007490688676290484, 0.10666666666666667, 0.5214285714285715, 0.0037415706364092556, 0.31333333333333335, 0.40999999999842857, 0.0021366029557734942, 0.28, 0.80571428571384, 0.011746530436334314, 0.29333333333333333, 0.4742857142835429, 0.0014667384877461351, 0.2866666666666667, 0.39999999999934, 0.004882278855274617, 0.32666666666666666, 0.21999999999936, 0.003137499205192424, 0.29333333333333333, 0.75142857142848, 0.005228569277877371, 0.2866666666666667, 0.9057142857138172, 0.004299117769788352, 0.2866666666666667, 0.9399999999995485, 0.004461860398297855, 0.28, 0.99428571428472, 0.0032212707579531243, 0.2733333333333333, 0.47428571428561145, 0.042499642035366055, 0.28, 0.26714285714232, 0.0025964553092095925, 0.3333333333333333, 0.28, 0.001285870193510074, 0.22666666666666666, 0.22999999999999715, 0.0165686355466282, 0.26666666666666666, 0.6185714285691428, 0.0016710137868781653, 0.31333333333333335, 0.14285714285633141, 0.0024380051589110016, 0.2866666666666667, 0.9199999999996, 0.018835831823678845, 0.22, 0.33857142857104283, 0.007538682396080158, 0.3333333333333333, 0.24857142857142858, 0.01826460519761248, 0.2733333333333333, 0.181428571428, 0.0005419131062726566, 0.0, 0.0, 0.0, 0.0, 0.0, 0.0, 0.0, 0.0, 0.0, 0.0, 0.0, 0.0, 0.0, 0.0, 0.0, 0.0, 0.0, 0.0, 0.0, 0.0, 0.0, 0.0, 0.0, 0.0, 0.0, 0.0, 0.0, 0.0, 0.0, 0.0, 0.0, 0.0, 0.0, 0.0, 0.0, 0.0, 0.0, 0.0, 0.0, 0.0, 0.0, 0.0, 0.0, 0.0, 0.0, 0.0, 0.0, 0.0, 0.0, 0.0, 0.0, 0.0, 0.0, 0.0, 0.0, 0.0, 0.0, 0.0, 0.0, 0.0, 0.0, 0.0, 0.0, 0.0, 0.0, 0.0, 0.0, 0.0, 0.0, 0.0, 0.0, 0.0, 0.0, 0.0, 0.0, 0.0, 0.0, 0.0, 0.0, 0.0, 0.0, 0.0, 0.0, 0.0, 0.0, 0.0, 0.0, 0.0, 0.0, 0.0, 0.0, 0.0, 0.0, 0.0, 0.0, 0.0, 0.0, 0.0, 0.0, 0.0, 0.0, 0.0, 0.0, 0.0, 0.0, 0.0, 0.0, 0.0, 0.0, 0.0, 0.0, 0.0, 0.0, 0.0, 0.0, 0.0, 0.0, 0.0, 0.0, 0.0, 0.0, 0.0, 0.0],[0, 0, 1, 0, 0, 0, 0, 0, 0, 0, 0, 0, 0, 0, 0, 0, 0, 0, 0, 0, 0, 0, 0, 0, 0, 0, 0, 0, 0, 0, 0, 0, 0, 0, 0, 0, 0, 0, 0, 0, 0, 0, 0, 0, 0, 0, 0, 0, 0, 0, 0, 0, 0, 0, 0, 0, 0, 0, 0, 0, 0, 0, 0, 0]
[0.0, 0.0, 0.0, 0.0, 0.0, 0.0, 0.0, 0.0, 0.0, 0.0, 0.0, 0.0, 0.0, 0.0, 0.0, 0.0, 0.0, 0.0, 0.0, 0.0, 0.0, 0.0, 0.0, 0.0, 0.0, 0.0, 0.0, 0.0, 0.0, 0.0, 0.0, 0.0, 0.0, 0.0, 0.0, 0.0, 0.0, 0.0, 0.0, 0.0, 0.0, 0.0, 0.0, 0.0, 0.0, 0.0, 0.0, 0.0, 0.0, 0.0, 0.0, 0.0, 0.0, 0.0, 0.0, 0.0, 0.0, 0.0, 0.0, 0.0, 0.0, 0.0, 0.0, 0.0, 0.0, 0.0, 0.0, 0.0, 0.0, 0.0, 0.0, 0.0, 0.0, 0.0, 0.0, 0.0, 0.0, 0.0, 0.0, 0.0, 0.0, 0.0, 0.0, 0.0, 0.0, 0.0, 0.0, 0.0, 0.0, 0.0, 0.0, 0.0, 0.0, 0.0, 0.0, 0.0, 0.0, 0.0, 0.0, 0.0, 0.0, 0.0, 0.0, 0.0, 0.0, 0.0, 0.0, 0.0, 0.0, 0.0, 0.0, 0.0, 0.0, 0.0, 0.0, 0.0, 0.0, 0.0, 0.0, 0.0, 0.0, 0.0, 0.0, 0.0, 0.0, 0.0, 0.0, 0.0, 0.0, 0.0, 0.0, 0.0, 0.0, 0.0, 0.0, 0.0, 0.0, 0.0, 0.0, 0.0, 0.0, 0.0, 0.0, 0.0, 0.0, 0.0, 0.0, 0.0, 0.0, 0.0, 0.3, 0.555714285714, 0.0244620389730855, 0.3, 0.8557142857133143, 0.009987452124528827, 0.10666666666666667, 0.5214285714285715, 0.0037415706364092556, 0.31333333333333335, 0.40999999999842857, 0.0021366029557734942, 0.28, 0.80571428571384, 0.011746530436334314, 0.29333333333333333, 0.4742857142835429, 0.0014667384877461351, 0.2866666666666667, 0.39999999999934, 0.004882278855274617, 0.32666666666666666, 0.21999999999936, 0.003137499205192424, 0.29333333333333333, 0.75142857142848, 0.005228569277877371, 0.2866666666666667, 0.9057142857138172, 0.004299117769788352, 0.2866666666666667, 0.9399999999995485, 0.004461860398297855, 0.28, 0.99428571428472, 0.0032212707579531243, 0.2733333333333333, 0.47428571428561145, 0.042499642035366055, 0.28, 0.26714285714232, 0.0025964553092095925, 0.3333333333333333, 0.28, 0.001285870193510074, 0.22666666666666666, 0.22999999999999715, 0.0165686355466282, 0.26666666666666666, 0.6185714285691428, 0.0016710137868781653, 0.31333333333333335, 0.14285714285633141, 0.0024380051589110016, 0.2866666666666667, 0.9199999999996, 0.018835831823678845, 0.22, 0.33857142857104283, 0.007538682396080158, 0.3333333333333333, 0.24857142857142858, 0.01826460519761248, 0.2733333333333333, 0.181428571428, 0.0005419131062726566, 0.0, 0.0, 0.0, 0.0, 0.0, 0.0, 0.0, 0.0, 0.0, 0.0, 0.0, 0.0, 0.0, 0.0, 0.0, 0.0, 0.0, 0.0, 0.0, 0.0, 0.0, 0.0, 0.0, 0.0, 0.0, 0.0, 0.0, 0.0, 0.0, 0.0, 0.0, 0.0, 0.0, 0.0, 0.0, 0.0, 0.0, 0.0, 0.0, 0.0, 0.0, 0.0, 0.0, 0.0, 0.0, 0.0, 0.0, 0.0, 0.0, 0.0, 0.0, 0.0, 0.0, 0.0, 0.0, 0.0, 0.0, 0.0, 0.0, 0.0, 0.0, 0.0, 0.0, 0.0, 0.0, 0.0, 0.0, 0.0, 0.0, 0.0, 0.0, 0.0, 0.0, 0.0, 0.0, 0.0, 0.0, 0.0, 0.0, 0.0, 0.0, 0.0, 0.0, 0.0, 0.0, 0.0, 0.0, 0.0, 0.0, 0.0, 0.0, 0.0, 0.0, 0.0, 0.0, 0.0, 0.0, 0.0, 0.0, 0.0, 0.0, 0.0, 0.0, 0.0, 0.0, 0.0, 0.0, 0.0, 0.0, 0.0, 0.0, 0.0, 0.0, 0.0, 0.0, 0.0, 0.0, 0.0, 0.0, 0.0, 0.0, 0.0, 0.0, 0.0, 0.0, 0.0],[0, 0, 0, 0, 0, 0, 0, 0, 0, 0, 0, 0, 0, 0, 0, 0, 0, 0, 0, 0, 0, 0, 0, 0, 0, 0, 0, 0, 0, 0, 0, 0, 0, 0, 0, 0, 0, 0, 0, 0, 0, 0, 0, 0, 0, 0, 0, 0, 0, 0, 0, 0, 0, 0, 0, 0, 0, 0, 0, 0, 0, 0, 0, 0]
[0.0, 0.0, 0.0, 0.0, 0.0, 0.0, 0.0, 0.0, 0.0, 0.0, 0.0, 0.0, 0.0, 0.0, 0.0, 0.0, 0.0, 0.0, 0.0, 0.0, 0.0, 0.0, 0.0, 0.0, 0.0, 0.0, 0.0, 0.0, 0.0, 0.0, 0.0, 0.0, 0.0, 0.0, 0.0, 0.0, 0.0, 0.0, 0.0, 0.0, 0.0, 0.0, 0.0, 0.0, 0.0, 0.0, 0.0, 0.0, 0.0, 0.0, 0.0, 0.0, 0.0, 0.0, 0.0, 0.0, 0.0, 0.0, 0.0, 0.0, 1.0, 1.0, 1.0, 1.0, 1.0, 1.0, 0.0, 0.0, 0.0, 0.0, 1.0, 0.0, 1.0, 1.0, 1.0, 1.0, 1.0, 0.0, 0.0, 0.0, 0.0, 0.0, 0.0, 1.0, 1.0, 1.0, 1.0, 1.0, 1.0, 1.0, 1.0, 1.0, 1.0, 1.0, 1.0, 1.0, 1.0, 1.0, 1.0, 1.0, 1.0, 1.0, 0.0, 0.0, 0.0, 0.0, 0.0, 0.0, 0.0, 0.0, 0.0, 0.0, 0.0, 0.0, 0.0, 0.0, 0.0, 0.0, 0.0, 0.0, 0.0, 0.0, 0.0, 0.0, 0.0, 0.0, 0.0, 0.0, 0.0, 0.0, 0.0, 0.0, 0.0, 0.0, 0.0, 0.0, 0.0, 0.0, 0.0, 0.0, 0.0, 0.0, 0.0, 0.0, 0.0, 0.0, 0.0, 0.0, 0.0, 0.0, 0.3, 0.555714285714, 0.0244620389730855, 0.3, 0.8557142857133143, 0.009987452124528827, 0.10666666666666667, 0.5214285714285715, 0.0037415706364092556, 0.31333333333333335, 0.40999999999842857, 0.0021366029557734942, 0.28, 0.80571428571384, 0.011746530436334314, 0.29333333333333333, 0.4742857142835429, 0.0014667384877461351, 0.2866666666666667, 0.39999999999934, 0.004882278855274617, 0.32666666666666666, 0.21999999999936, 0.003137499205192424, 0.29333333333333333, 0.75142857142848, 0.005228569277877371, 0.2866666666666667, 0.9057142857138172, 0.004299117769788352, 0.2866666666666667, 0.9399999999995485, 0.004461860398297855, 0.28, 0.99428571428472, 0.0032212707579531243, 0.2733333333333333, 0.47428571428561145, 0.042499642035366055, 0.28, 0.26714285714232, 0.0025964553092095925, 0.3333333333333333, 0.28, 0.001285870193510074, 0.22666666666666666, 0.22999999999999715, 0.0165686355466282, 0.26666666666666666, 0.6185714285691428, 0.0016710137868781653, 0.31333333333333335, 0.14285714285633141, 0.0024380051589110016, 0.2866666666666667, 0.9199999999996, 0.018835831823678845, 0.22, 0.33857142857104283, 0.007538682396080158, 0.3333333333333333, 0.24857142857142858, 0.01826460519761248, 0.2733333333333333, 0.181428571428, 0.0005419131062726566, 0.0, 0.0, 0.0, 0.0, 0.0, 0.0, 0.0, 0.0, 0.0, 0.0, 0.0, 0.0, 0.0, 0.0, 0.0, 0.0, 0.0, 0.0, 0.0, 0.0, 0.0, 0.0, 0.0, 0.0, 0.0, 0.0, 0.0, 0.0, 0.0, 0.0, 0.0, 0.0, 0.0, 0.0, 0.0, 0.0, 0.0, 0.0, 0.0, 0.0, 0.0, 0.0, 0.0, 0.0, 0.0, 0.0, 0.0, 0.0, 0.0, 0.0, 0.0, 0.0, 0.0, 0.0, 0.0, 0.0, 0.0, 0.0, 0.0, 0.0, 0.0, 0.0, 0.0, 0.0, 0.0, 0.0, 0.0, 0.0, 0.0, 0.0, 0.0, 0.0, 0.0, 0.0, 0.0, 0.0, 0.0, 0.0, 0.0, 0.0, 0.0, 0.0, 0.0, 0.0, 0.0, 0.0, 0.0, 0.0, 0.0, 0.0, 0.0, 0.0, 0.0, 0.0, 0.0, 0.0, 0.0, 0.0, 0.0, 0.0, 0.0, 0.0, 0.0, 0.0, 0.0, 0.0, 0.0, 0.0, 0.0, 0.0, 0.0, 0.0, 0.0, 0.0, 0.0, 0.0, 0.0, 0.0, 0.0, 0.0, 0.0, 0.0, 0.0, 0.0, 0.0, 0.0],[0, 0, 1, 0, 0, 0, 0, 0, 0, 0, 0, 0, 0, 0, 0, 0, 0, 0, 0, 0, 0, 0, 0, 0, 0, 0, 0, 0, 0, 0, 0, 0, 0, 0, 0, 0, 0, 0, 0, 0, 0, 0, 0, 0, 0, 0, 0, 0, 0, 0, 0, 0, 0, 0, 0, 0, 0, 0, 0, 0, 0, 0, 0, 0]
[0.0, 0.0, 0.0, 0.0, 0.0, 0.0, 0.0, 0.0, 0.0, 0.0, 0.0, 0.0, 0.0, 0.0, 0.0, 0.0, 0.0, 0.0, 0.0, 0.0, 0.0, 0.0, 0.0, 0.0, 0.0, 0.0, 0.0, 0.0, 0.0, 0.0, 0.0, 0.0, 0.0, 0.0, 0.0, 0.0, 0.0, 0.0, 0.0, 0.0, 0.0, 0.0, 0.0, 0.0, 0.0, 0.0, 0.0, 0.0, 0.0, 0.0, 0.0, 0.0, 0.0, 0.0, 0.0, 0.0, 0.0, 0.0, 0.0, 0.0, 0.0, 0.0, 0.0, 0.0, 0.0, 0.0, 0.0, 0.0, 0.0, 0.0, 0.0, 0.0, 0.0, 0.0, 0.0, 0.0, 0.0, 0.0, 0.0, 0.0, 0.0, 0.0, 0.0, 0.0, 0.0, 0.0, 0.0, 1.0, 1.0, 1.0, 1.0, 1.0, 1.0, 1.0, 1.0, 1.0, 1.0, 1.0, 1.0, 1.0, 1.0, 1.0, 0.0, 0.0, 0.0, 0.0, 0.0, 0.0, 0.0, 0.0, 0.0, 0.0, 0.0, 0.0, 0.0, 0.0, 0.0, 0.0, 0.0, 0.0, 0.0, 0.0, 0.0, 0.0, 0.0, 0.0, 0.0, 0.0, 0.0, 0.0, 0.0, 0.0, 0.0, 0.0, 0.0, 0.0, 0.0, 0.0, 0.0, 0.0, 0.0, 0.0, 0.0, 0.0, 0.0, 0.0, 0.0, 0.0, 0.0, 0.0, 0.3, 0.555714285714, 0.0244620389730855, 0.3, 0.8557142857133143, 0.009987452124528827, 0.31333333333333335, 0.40999999999842857, 0.0021366029557734942, 0.28, 0.80571428571384, 0.011746530436334314, 0.29333333333333333, 0.4742857142835429, 0.0014667384877461351, 0.2866666666666667, 0.39999999999934, 0.004882278855274617, 0.32666666666666666, 0.21999999999936, 0.003137499205192424, 0.29333333333333333, 0.75142857142848, 0.005228569277877371, 0.2866666666666667, 0.9057142857138172, 0.004299117769788352, 0.2866666666666667, 0.9399999999995485, 0.004461860398297855, 0.28, 0.99428571428472, 0.0032212707579531243, 0.2733333333333333, 0.47428571428561145, 0.042499642035366055, 0.28, 0.26714285714232, 0.0025964553092095925, 0.3333333333333333, 0.28, 0.001285870193510074, 0.22666666666666666, 0.22999999999999715, 0.0165686355466282, 0.26666666666666666, 0.6185714285691428, 0.0016710137868781653, 0.31333333333333335, 0.14285714285633141, 0.0024380051589110016, 0.2866666666666667, 0.9199999999996, 0.018835831823678845, 0.22, 0.33857142857104283, 0.007538682396080158, 0.3333333333333333, 0.24857142857142858, 0.01826460519761248, 0.2733333333333333, 0.181428571428, 0.0005419131062726566, 0.0, 0.0, 0.0, 0.0, 0.0, 0.0, 0.0, 0.0, 0.0, 0.0, 0.0, 0.0, 0.0, 0.0, 0.0, 0.0, 0.0, 0.0, 0.0, 0.0, 0.0, 0.0, 0.0, 0.0, 0.0, 0.0, 0.0, 0.0, 0.0, 0.0, 0.0, 0.0, 0.0, 0.0, 0.0, 0.0, 0.0, 0.0, 0.0, 0.0, 0.0, 0.0, 0.0, 0.0, 0.0, 0.0, 0.0, 0.0, 0.0, 0.0, 0.0, 0.0, 0.0, 0.0, 0.0, 0.0, 0.0, 0.0, 0.0, 0.0, 0.0, 0.0, 0.0, 0.0, 0.0, 0.0, 0.0, 0.0, 0.0, 0.0, 0.0, 0.0, 0.0, 0.0, 0.0, 0.0, 0.0, 0.0, 0.0, 0.0, 0.0, 0.0, 0.0, 0.0, 0.0, 0.0, 0.0, 0.0, 0.0, 0.0, 0.0, 0.0, 0.0, 0.0, 0.0, 0.0, 0.0, 0.0, 0.0, 0.0, 0.0, 0.0, 0.0, 0.0, 0.0, 0.0, 0.0, 0.0, 0.0, 0.0, 0.0, 0.0, 0.0, 0.0, 0.0, 0.0, 0.0, 0.0, 0.0, 0.0, 0.0, 0.0, 0.0, 0.0, 0.0, 0.0, 0.0, 0.0, 0.0],[0, 0, 0, 0, 0, 0, 0, 0, 0, 0, 0, 0, 0, 0, 0, 0, 0, 0, 0, 0, 0, 0, 0, 0, 0, 0, 0, 0, 0, 0, 0, 0, 0, 0, 0, 0, 0, 0, 0, 0, 0, 0, 0, 0, 0, 0, 0, 0, 0, 0, 0, 0, 0, 0, 0, 0, 0, 0, 0, 0, 0, 0, 0, 0]
[0.0, 0.0, 0.0, 0.0, 0.0, 0.0, 0.0, 0.0, 0.0, 0.0, 0.0, 0.0, 0.0, 0.0, 0.0, 0.0, 0.0, 0.0, 0.0, 0.0, 0.0, 0.0, 0.0, 0.0, 0.0, 0.0, 0.0, 0.0, 0.0, 0.0, 0.0, 0.0, 0.0, 0.0, 0.0, 0.0, 0.0, 0.0, 0.0, 0.0, 0.0, 0.0, 0.0, 0.0, 0.0, 0.0, 0.0, 0.0, 0.0, 0.0, 0.0, 0.0, 0.0, 0.0, 0.0, 0.0, 0.0, 0.0, 0.0, 0.0, 0.0, 0.0, 0.0, 0.0, 0.0, 0.0, 0.0, 0.0, 0.0, 0.0, 0.0, 0.0, 0.0, 0.0, 0.0, 0.0, 0.0, 0.0, 0.0, 0.0, 0.0, 0.0, 0.0, 0.0, 0.0, 0.0, 0.0, 1.0, 1.0, 1.0, 1.0, 1.0, 1.0, 1.0, 1.0, 1.0, 1.0, 1.0, 1.0, 1.0, 1.0, 1.0, 0.0, 0.0, 0.0, 1.0, 1.0, 1.0, 1.0, 1.0, 1.0, 0.0, 0.0, 0.0, 0.0, 1.0, 1.0, 1.0, 1.0, 1.0, 1.0, 1.0, 1.0, 0.0, 0.0, 1.0, 1.0, 1.0, 1.0, 1.0, 1.0, 1.0, 1.0, 1.0, 1.0, 1.0, 1.0, 1.0, 1.0, 1.0, 0.0, 1.0, 1.0, 0.0, 0.0, 0.0, 0.0, 0.0, 0.0, 0.0, 0.3, 0.555714285714, 0.0244620389730855, 0.3, 0.8557142857133143, 0.009987452124528827, 0.31333333333333335, 0.40999999999842857, 0.0021366029557734942, 0.28, 0.80571428571384, 0.011746530436334314, 0.29333333333333333, 0.4742857142835429, 0.0014667384877461351, 0.2866666666666667, 0.39999999999934, 0.004882278855274617, 0.32666666666666666, 0.21999999999936, 0.003137499205192424, 0.29333333333333333, 0.75142857142848, 0.005228569277877371, 0.2866666666666667, 0.9057142857138172, 0.004299117769788352, 0.2866666666666667, 0.9399999999995485, 0.004461860398297855, 0.28, 0.99428571428472, 0.0032212707579531243, 0.2733333333333333, 0.47428571428561145, 0.042499642035366055, 0.28, 0.26714285714232, 0.0025964553092095925, 0.3333333333333333, 0.28, 0.001285870193510074, 0.22666666666666666, 0.22999999999999715, 0.0165686355466282, 0.26666666666666666, 0.6185714285691428, 0.0016710137868781653, 0.31333333333333335, 0.14285714285633141, 0.0024380051589110016, 0.2866666666666667, 0.9199999999996, 0.018835831823678845, 0.22, 0.33857142857104283, 0.007538682396080158, 0.3333333333333333, 0.24857142857142858, 0.01826460519761248, 0.2733333333333333, 0.181428571428, 0.0005419131062726566, 0.0, 0.0, 0.0, 0.0, 0.0, 0.0, 0.0, 0.0, 0.0, 0.0, 0.0, 0.0, 0.0, 0.0, 0.0, 0.0, 0.0, 0.0, 0.0, 0.0, 0.0, 0.0, 0.0, 0.0, 0.0, 0.0, 0.0, 0.0, 0.0, 0.0, 0.0, 0.0, 0.0, 0.0, 0.0, 0.0, 0.0, 0.0, 0.0, 0.0, 0.0, 0.0, 0.0, 0.0, 0.0, 0.0, 0.0, 0.0, 0.0, 0.0, 0.0, 0.0, 0.0, 0.0, 0.0, 0.0, 0.0, 0.0, 0.0, 0.0, 0.0, 0.0, 0.0, 0.0, 0.0, 0.0, 0.0, 0.0, 0.0, 0.0, 0.0, 0.0, 0.0, 0.0, 0.0, 0.0, 0.0, 0.0, 0.0, 0.0, 0.0, 0.0, 0.0, 0.0, 0.0, 0.0, 0.0, 0.0, 0.0, 0.0, 0.0, 0.0, 0.0, 0.0, 0.0, 0.0, 0.0, 0.0, 0.0, 0.0, 0.0, 0.0, 0.0, 0.0, 0.0, 0.0, 0.0, 0.0, 0.0, 0.0, 0.0, 0.0, 0.0, 0.0, 0.0, 0.0, 0.0, 0.0, 0.0, 0.0, 0.0, 0.0, 0.0, 0.0, 0.0, 0.0, 0.0, 0.0, 0.0],[1, 0, 0, 0, 0, 0, 0, 0, 0, 0, 0, 0, 0, 0, 0, 0, 0, 0, 0, 0, 0, 0, 0, 0, 0, 0, 0, 0, 0, 0, 0, 0, 0, 0, 0, 0, 0, 0, 0, 0, 0, 0, 0, 0, 0, 0, 0, 0, 0, 0, 0, 0, 0, 0, 0, 0, 0, 0, 0, 0, 0, 0, 0, 0]
[0.0, 0.0, 0.0, 0.0, 0.0, 0.0, 0.0, 0.0, 0.0, 0.0, 0.0, 0.0, 0.0, 0.0, 0.0, 0.0, 0.0, 0.0, 0.0, 0.0, 0.0, 0.0, 0.0, 0.0, 0.0, 0.0, 0.0, 0.0, 0.0, 0.0, 0.0, 0.0, 0.0, 0.0, 0.0, 0.0, 0.0, 0.0, 0.0, 0.0, 0.0, 0.0, 0.0, 0.0, 0.0, 0.0, 0.0, 0.0, 0.0, 0.0, 0.0, 0.0, 0.0, 0.0, 0.0, 0.0, 0.0, 0.0, 0.0, 0.0, 0.0, 0.0, 0.0, 0.0, 0.0, 0.0, 0.0, 0.0, 0.0, 0.0, 0.0, 0.0, 0.0, 0.0, 0.0, 0.0, 0.0, 0.0, 0.0, 0.0, 0.0, 0.0, 0.0, 0.0, 0.0, 0.0, 0.0, 0.0, 0.0, 0.0, 0.0, 0.0, 0.0, 0.0, 0.0, 0.0, 0.0, 0.0, 0.0, 0.0, 0.0, 0.0, 0.0, 0.0, 0.0, 0.0, 0.0, 0.0, 0.0, 0.0, 0.0, 0.0, 0.0, 0.0, 0.0, 0.0, 0.0, 0.0, 0.0, 0.0, 0.0, 0.0, 0.0, 0.0, 0.0, 0.0, 0.0, 0.0, 0.0, 0.0, 0.0, 0.0, 0.0, 0.0, 0.0, 0.0, 0.0, 0.0, 0.0, 0.0, 0.0, 0.0, 1.0, 0.0, 0.0, 0.0, 0.0, 0.0, 0.0, 0.0, 0.3, 0.8557142857133143, 0.009987452124528827, 0.31333333333333335, 0.40999999999842857, 0.0021366029557734942, 0.28, 0.80571428571384, 0.011746530436334314, 0.29333333333333333, 0.4742857142835429, 0.0014667384877461351, 0.2866666666666667, 0.39999999999934, 0.004882278855274617, 0.32666666666666666, 0.21999999999936, 0.003137499205192424, 0.29333333333333333, 0.75142857142848, 0.005228569277877371, 0.2866666666666667, 0.9057142857138172, 0.004299117769788352, 0.2866666666666667, 0.9399999999995485, 0.004461860398297855, 0.28, 0.99428571428472, 0.0032212707579531243, 0.2733333333333333, 0.47428571428561145, 0.042499642035366055, 0.28, 0.26714285714232, 0.0025964553092095925, 0.3333333333333333, 0.28, 0.001285870193510074, 0.22666666666666666, 0.22999999999999715, 0.0165686355466282, 0.26666666666666666, 0.6185714285691428, 0.0016710137868781653, 0.31333333333333335, 0.14285714285633141, 0.0024380051589110016, 0.2866666666666667, 0.9199999999996, 0.018835831823678845, 0.22, 0.33857142857104283, 0.007538682396080158, 0.3333333333333333, 0.24857142857142858, 0.01826460519761248, 0.2733333333333333, 0.181428571428, 0.0005419131062726566, 0.0, 0.0, 0.0, 0.0, 0.0, 0.0, 0.0, 0.0, 0.0, 0.0, 0.0, 0.0, 0.0, 0.0, 0.0, 0.0, 0.0, 0.0, 0.0, 0.0, 0.0, 0.0, 0.0, 0.0, 0.0, 0.0, 0.0, 0.0, 0.0, 0.0, 0.0, 0.0, 0.0, 0.0, 0.0, 0.0, 0.0, 0.0, 0.0, 0.0, 0.0, 0.0, 0.0, 0.0, 0.0, 0.0, 0.0, 0.0, 0.0, 0.0, 0.0, 0.0, 0.0, 0.0, 0.0, 0.0, 0.0, 0.0, 0.0, 0.0, 0.0, 0.0, 0.0, 0.0, 0.0, 0.0, 0.0, 0.0, 0.0, 0.0, 0.0, 0.0, 0.0, 0.0, 0.0, 0.0, 0.0, 0.0, 0.0, 0.0, 0.0, 0.0, 0.0, 0.0, 0.0, 0.0, 0.0, 0.0, 0.0, 0.0, 0.0, 0.0, 0.0, 0.0, 0.0, 0.0, 0.0, 0.0, 0.0, 0.0, 0.0, 0.0, 0.0, 0.0, 0.0, 0.0, 0.0, 0.0, 0.0, 0.0, 0.0, 0.0, 0.0, 0.0, 0.0, 0.0, 0.0, 0.0, 0.0, 0.0, 0.0, 0.0, 0.0, 0.0, 0.0, 0.0, 0.0, 0.0, 0.0, 0.0, 0.0, 0.0],[0, 0, 0, 0, 0, 0, 0, 0, 0, 0, 0, 0, 0, 0, 0, 0, 0, 0, 0, 0, 0, 0, 0, 0, 0, 0, 0, 0, 0, 0, 0, 0, 0, 0, 0, 0, 0, 0, 0, 0, 0, 0, 0, 0, 0, 0, 0, 0, 0, 0, 0, 0, 0, 0, 0, 0, 0, 0, 0, 0, 0, 0, 0, 0]
[0.0, 0.0, 0.0, 0.0, 0.0, 0.0, 0.0, 0.0, 0.0, 0.0, 0.0, 0.0, 0.0, 0.0, 0.0, 0.0, 0.0, 0.0, 0.0, 0.0, 0.0, 0.0, 1.0, 1.0, 0.0, 0.0, 0.0, 0.0, 1.0, 1.0, 1.0, 0.0, 1.0, 1.0, 1.0, 1.0, 0.0, 0.0, 0.0, 0.0, 0.0, 1.0, 1.0, 1.0, 1.0, 1.0, 1.0, 1.0, 1.0, 1.0, 1.0, 1.0, 1.0, 1.0, 1.0, 1.0, 0.0, 0.0, 0.0, 0.0, 0.0, 0.0, 0.0, 0.0, 0.0, 0.0, 0.0, 0.0, 0.0, 0.0, 0.0, 0.0, 0.0, 0.0, 0.0, 0.0, 0.0, 0.0, 0.0, 0.0, 0.0, 0.0, 1.0, 0.0, 0.0, 0.0, 0.0, 0.0, 0.0, 0.0, 0.0, 0.0, 0.0, 0.0, 0.0, 0.0, 0.0, 0.0, 0.0, 0.0, 0.0, 0.0, 1.0, 1.0, 1.0, 0.0, 0.0, 0.0, 0.0, 0.0, 0.0, 1.0, 1.0, 1.0, 1.0, 0.0, 0.0, 0.0, 0.0, 0.0, 0.0, 0.0, 0.0, 0.0, 0.0, 0.0, 0.0, 0.0, 0.0, 0.0, 0.0, 0.0, 0.0, 0.0, 0.0, 0.0, 0.0, 0.0, 0.0, 0.0, 0.0, 0.0, 1.0, 1.0, 1.0, 0.0, 1.0, 0.0, 0.0, 0.0, 0.3, 0.8557142857133143, 0.009987452124528827, 0.20666666666666667, 0.24142857142831428, 0.016136128749177914, 0.23333333333333334, 0.2842857142856, 0.0074602964579709, 0.31333333333333335, 0.40999999999842857, 0.0021366029557734942, 0.28, 0.80571428571384, 0.011746530436334314, 0.29333333333333333, 0.4742857142835429, 0.0014667384877461351, 0.2866666666666667, 0.39999999999934, 0.004882278855274617, 0.32666666666666666, 0.21999999999936, 0.003137499205192424, 0.29333333333333333, 0.75142857142848, 0.005228569277877371, 0.2866666666666667, 0.9057142857138172, 0.004299117769788352, 0.2866666666666667, 0.9399999999995485, 0.004461860398297855, 0.28, 0.99428571428472, 0.0032212707579531243, 0.2733333333333333, 0.47428571428561145, 0.042499642035366055, 0.28, 0.26714285714232, 0.0025964553092095925, 0.3333333333333333, 0.28, 0.001285870193510074, 0.22666666666666666, 0.22999999999999715, 0.0165686355466282, 0.26666666666666666, 0.6185714285691428, 0.0016710137868781653, 0.31333333333333335, 0.14285714285633141, 0.0024380051589110016, 0.2866666666666667, 0.9199999999996, 0.018835831823678845, 0.22, 0.33857142857104283, 0.007538682396080158, 0.3333333333333333, 0.24857142857142858, 0.01826460519761248, 0.2733333333333333, 0.181428571428, 0.0005419131062726566, 0.0, 0.0, 0.0, 0.0, 0.0, 0.0, 0.0, 0.0, 0.0, 0.0, 0.0, 0.0, 0.0, 0.0, 0.0, 0.0, 0.0, 0.0, 0.0, 0.0, 0.0, 0.0, 0.0, 0.0, 0.0, 0.0, 0.0, 0.0, 0.0, 0.0, 0.0, 0.0, 0.0, 0.0, 0.0, 0.0, 0.0, 0.0, 0.0, 0.0, 0.0, 0.0, 0.0, 0.0, 0.0, 0.0, 0.0, 0.0, 0.0, 0.0, 0.0, 0.0, 0.0, 0.0, 0.0, 0.0, 0.0, 0.0, 0.0, 0.0, 0.0, 0.0, 0.0, 0.0, 0.0, 0.0, 0.0, 0.0, 0.0, 0.0, 0.0, 0.0, 0.0, 0.0, 0.0, 0.0, 0.0, 0.0, 0.0, 0.0, 0.0, 0.0, 0.0, 0.0, 0.0, 0.0, 0.0, 0.0, 0.0, 0.0, 0.0, 0.0, 0.0, 0.0, 0.0, 0.0, 0.0, 0.0, 0.0, 0.0, 0.0, 0.0, 0.0, 0.0, 0.0, 0.0, 0.0, 0.0, 0.0, 0.0, 0.0, 0.0, 0.0, 0.0, 0.0, 0.0, 0.0, 0.0, 0.0, 0.0, 0.0, 0.0, 0.0, 0.0, 0.0, 0.0],[0, 1, 0, 0, 0, 0, 0, 0, 0, 0, 0, 0, 0, 0, 0, 0, 0, 0, 0, 0, 0, 0, 0, 0, 0, 0, 0, 0, 0, 0, 0, 0, 0, 0, 0, 0, 0, 0, 0, 0, 0, 0, 0, 0, 0, 0, 0, 0, 0, 0, 0, 0, 0, 0, 0, 0, 0, 0, 0, 0, 0, 0, 0, 0]
[0.0, 0.0, 0.0, 0.0, 0.0, 0.0, 0.0, 0.0, 0.0, 0.0, 0.0, 0.0, 0.0, 0.0, 0.0, 0.0, 0.0, 0.0, 0.0, 0.0, 0.0, 0.0, 0.0, 0.0, 0.0, 0.0, 0.0, 0.0, 0.0, 0.0, 0.0, 0.0, 0.0, 0.0, 0.0, 0.0, 0.0, 0.0, 0.0, 0.0, 0.0, 0.0, 0.0, 0.0, 0.0, 0.0, 0.0, 0.0, 0.0, 0.0, 0.0, 0.0, 0.0, 0.0, 0.0, 0.0, 0.0, 0.0, 0.0, 0.0, 0.0, 0.0, 0.0, 0.0, 0.0, 0.0, 0.0, 0.0, 0.0, 0.0, 0.0, 0.0, 0.0, 0.0, 0.0, 0.0, 0.0, 0.0, 0.0, 0.0, 0.0, 0.0, 0.0, 0.0, 0.0, 0.0, 0.0, 0.0, 0.0, 0.0, 0.0, 0.0, 0.0, 0.0, 0.0, 0.0, 0.0, 0.0, 0.0, 0.0, 0.0, 0.0, 0.0, 0.0, 0.0, 0.0, 0.0, 0.0, 0.0, 0.0, 0.0, 0.0, 0.0, 0.0, 1.0, 0.0, 0.0, 0.0, 0.0, 0.0, 0.0, 0.0, 0.0, 0.0, 0.0, 0.0, 0.0, 0.0, 0.0, 0.0, 0.0, 0.0, 0.0, 0.0, 0.0, 0.0, 0.0, 0.0, 0.0, 0.0, 0.0, 0.0, 1.0, 1.0, 1.0, 0.0, 1.0, 0.0, 0.0, 0.0, 0.3, 0.8557142857133143, 0.009987452124528827, 0.23333333333333334, 0.2842857142856, 0.0074602964579709, 0.31333333333333335, 0.40999999999842857, 0.0021366029557734942, 0.28, 0.80571428571384, 0.011746530436334314, 0.29333333333333333, 0.4742857142835429, 0.0014667384877461351, 0.2866666666666667, 0.39999999999934, 0.004882278855274617, 0.32666666666666666, 0.21999999999936, 0.003137499205192424, 0.29333333333333333, 0.75142857142848, 0.005228569277877371, 0.2866666666666667, 0.9057142857138172, 0.004299117769788352, 0.2866666666666667, 0.9399999999995485, 0.004461860398297855, 0.28, 0.99428571428472, 0.0032212707579531243, 0.2733333333333333, 0.47428571428561145, 0.042499642035366055, 0.28, 0.26714285714232, 0.0025964553092095925, 0.3333333333333333, 0.28, 0.001285870193510074, 0.22666666666666666, 0.22999999999999715, 0.0165686355466282, 0.26666666666666666, 0.6185714285691428, 0.0016710137868781653, 0.31333333333333335, 0.14285714285633141, 0.0024380051589110016, 0.2866666666666667, 0.9199999999996, 0.018835831823678845, 0.22, 0.33857142857104283, 0.007538682396080158, 0.3333333333333333, 0.24857142857142858, 0.01826460519761248, 0.2733333333333333, 0.181428571428, 0.0005419131062726566, 0.0, 0.0, 0.0, 0.0, 0.0, 0.0, 0.0, 0.0, 0.0, 0.0, 0.0, 0.0, 0.0, 0.0, 0.0, 0.0, 0.0, 0.0, 0.0, 0.0, 0.0, 0.0, 0.0, 0.0, 0.0, 0.0, 0.0, 0.0, 0.0, 0.0, 0.0, 0.0, 0.0, 0.0, 0.0, 0.0, 0.0, 0.0, 0.0, 0.0, 0.0, 0.0, 0.0, 0.0, 0.0, 0.0, 0.0, 0.0, 0.0, 0.0, 0.0, 0.0, 0.0, 0.0, 0.0, 0.0, 0.0, 0.0, 0.0, 0.0, 0.0, 0.0, 0.0, 0.0, 0.0, 0.0, 0.0, 0.0, 0.0, 0.0, 0.0, 0.0, 0.0, 0.0, 0.0, 0.0, 0.0, 0.0, 0.0, 0.0, 0.0, 0.0, 0.0, 0.0, 0.0, 0.0, 0.0, 0.0, 0.0, 0.0, 0.0, 0.0, 0.0, 0.0, 0.0, 0.0, 0.0, 0.0, 0.0, 0.0, 0.0, 0.0, 0.0, 0.0, 0.0, 0.0, 0.0, 0.0, 0.0, 0.0, 0.0, 0.0, 0.0, 0.0, 0.0, 0.0, 0.0, 0.0, 0.0, 0.0, 0.0, 0.0, 0.0, 0.0, 0.0, 0.0, 0.0, 0.0, 0.0],[0, 0, 0, 0, 0, 0, 0, 0, 0, 0, 0, 0, 0, 0, 0, 0, 0, 0, 0, 0, 0, 0, 0, 0, 0, 0, 0, 0, 0, 0, 0, 0, 0, 0, 0, 0, 0, 0, 0, 0, 0, 0, 0, 0, 0, 0, 0, 0, 0, 0, 0, 0, 0, 0, 0, 0, 0, 0, 0, 0, 0, 0, 0, 0]
[0.0, 0.0, 0.0, 0.0, 0.0, 0.0, 0.0, 0.0, 0.0, 0.0, 0.0, 0.0, 0.0, 0.0, 0.0, 0.0, 0.0, 0.0, 0.0, 0.0, 0.0, 0.0, 0.0, 0.0, 0.0, 0.0, 0.0, 0.0, 0.0, 0.0, 0.0, 0.0, 0.0, 0.0, 0.0, 0.0, 0.0, 0.0, 0.0, 0.0, 0.0, 0.0, 0.0, 0.0, 0.0, 0.0, 0.0, 0.0, 0.0, 0.0, 0.0, 0.0, 0.0, 0.0, 0.0, 0.0, 0.0, 0.0, 0.0, 0.0, 0.0, 0.0, 0.0, 0.0, 0.0, 0.0, 0.0, 0.0, 0.0, 0.0, 0.0, 0.0, 0.0, 0.0, 0.0, 0.0, 0.0, 0.0, 0.0, 0.0, 0.0, 0.0, 0.0, 0.0, 0.0, 0.0, 0.0, 1.0, 1.0, 1.0, 1.0, 1.0, 1.0, 1.0, 1.0, 1.0, 1.0, 1.0, 1.0, 1.0, 1.0, 1.0, 0.0, 0.0, 0.0, 1.0, 1.0, 1.0, 1.0, 1.0, 1.0, 0.0, 0.0, 0.0, 1.0, 1.0, 1.0, 1.0, 1.0, 1.0, 1.0, 1.0, 1.0, 0.0, 0.0, 1.0, 1.0, 1.0, 1.0, 1.0, 1.0, 1.0, 1.0, 1.0, 1.0, 1.0, 1.0, 1.0, 1.0, 1.0, 0.0, 1.0, 1.0, 1.0, 1.0, 0.0, 1.0, 0.0, 0.0, 0.0, 0.32666666666666666, 0.42571428571392, 0.016217766031015768, 0.24666666666666667, 0.5057142857140972, 0.02687653100877226, 0.3, 0.8557142857133143, 0.009987452124528827, 0.24666666666666667, 0.6314285714282571, 0.01044961620759643, 0.23333333333333334, 0.2842857142856, 0.0074602964579709, 0.31333333333333335, 0.40999999999842857, 0.0021366029557734942, 0.28, 0.80571428571384, 0.011746530436334314, 0.29333333333333333, 0.4742857142835429, 0.0014667384877461351, 0.2866666666666667, 0.39999999999934, 0.004882278855274617, 0.14, 0.8814285714285, 0.020879548692555774, 0.12666666666666668, 0.4685714285707543, 0.002516800474225429, 0.32666666666666666, 0.21999999999936, 0.003137499205192424, 0.29333333333333333, 0.75142857142848, 0.005228569277877371, 0.2866666666666667, 0.9057142857138172, 0.004299117769788352, 0.2866666666666667, 0.9399999999995485, 0.004461860398297855, 0.28, 0.99428571428472, 0.0032212707579531243, 0.2733333333333333, 0.47428571428561145, 0.042499642035366055, 0.28, 0.26714285714232, 0.0025964553092095925, 0.3333333333333333, 0.28, 0.001285870193510074, 0.22666666666666666, 0.22999999999999715, 0.0165686355466282, 0.26666666666666666, 0.6185714285691428, 0.0016710137868781653, 0.31333333333333335, 0.14285714285633141, 0.0024380051589110016, 0.2866666666666667, 0.9199999999996, 0.018835831823678845, 0.22, 0.33857142857104283, 0.007538682396080158, 0.3333333333333333, 0.24857142857142858, 0.01826460519761248, 0.2733333333333333, 0.181428571428, 0.0005419131062726566, 0.0, 0.0, 0.0, 0.0, 0.0, 0.0, 0.0, 0.0, 0.0, 0.0, 0.0, 0.0, 0.0, 0.0, 0.0, 0.0, 0.0, 0.0, 0.0, 0.0, 0.0, 0.0, 0.0, 0.0, 0.0, 0.0, 0.0, 0.0, 0.0, 0.0, 0.0, 0.0, 0.0, 0.0, 0.0, 0.0, 0.0, 0.0, 0.0, 0.0, 0.0, 0.0, 0.0, 0.0, 0.0, 0.0, 0.0, 0.0, 0.0, 0.0, 0.0, 0.0, 0.0, 0.0, 0.0, 0.0, 0.0, 0.0, 0.0, 0.0, 0.0, 0.0, 0.0, 0.0, 0.0, 0.0, 0.0, 0.0, 0.0, 0.0, 0.0, 0.0, 0.0, 0.0, 0.0, 0.0, 0.0, 0.0, 0.0, 0.0, 0.0, 0.0, 0.0, 0.0, 0.0, 0.0, 0.0, 0.0, 0.0, 0.0, 0.0, 0.0, 0.0, 0.0, 0.0, 0.0, 0.0, 0.0, 0.0, 0.0, 0.0, 0.0, 0.0, 0.0, 0.0, 0.0, 0.0, 0.0, 0.0, 0.0, 0.0, 0.0, 0.0, 0.0],[1, 0, 0, 0, 0, 0, 0, 0, 0, 0, 0, 0, 0, 0, 0, 0, 0, 0, 0, 0, 0, 0, 0, 0, 0, 0, 0, 0, 0, 0, 0, 0, 0, 0, 0, 0, 0, 0, 0, 0, 0, 0, 0, 0, 0, 0, 0, 0, 0, 0, 0, 0, 0, 0, 0, 0, 0, 0, 0, 0, 0, 0, 0, 0]
[0.0, 0.0, 0.0, 0.0, 0.0, 0.0, 0.0, 0.0, 0.0, 0.0, 0.0, 0.0, 0.0, 0.0, 0.0, 0.0, 0.0, 0.0, 0.0, 0.0, 0.0, 0.0, 0.0, 0.0, 0.0, 0.0, 0.0, 0.0, 0.0, 0.0, 0.0, 0.0, 0.0, 0.0, 0.0, 0.0, 0.0, 0.0, 0.0, 0.0, 0.0, 0.0, 0.0, 0.0, 0.0, 0.0, 0.0, 0.0, 0.0, 0.0, 0.0, 0.0, 0.0, 0.0, 0.0, 0.0, 0.0, 0.0, 0.0, 0.0, 0.0, 0.0, 0.0, 0.0, 0.0, 0.0, 0.0, 0.0, 0.0, 0.0, 0.0, 0.0, 0.0, 0.0, 0.0, 0.0, 0.0, 0.0, 0.0, 0.0, 0.0, 0.0, 0.0, 0.0, 0.0, 0.0, 0.0, 0.0, 0.0, 0.0, 0.0, 0.0, 0.0, 0.0, 0.0, 0.0, 0.0, 0.0, 0.0, 0.0, 0.0, 0.0, 0.0, 0.0, 0.0, 0.0, 0.0, 0.0, 0.0, 0.0, 0.0, 0.0, 0.0, 0.0, 0.0, 0.0, 0.0, 0.0, 0.0, 0.0, 0.0, 0.0, 0.0, 0.0, 0.0, 0.0, 0.0, 0.0, 0.0, 0.0, 0.0, 0.0, 0.0, 0.0, 0.0, 0.0, 0.0, 0.0, 0.0, 0.0, 0.0, 0.0, 0.0, 0.0, 0.0, 0.0, 1.0, 0.0, 0.0, 0.0, 0.24666666666666667, 0.5057142857140972, 0.02687653100877226, 0.3, 0.8557142857133143, 0.009987452124528827, 0.24666666666666667, 0.6314285714282571, 0.01044961620759643, 0.23333333333333334, 0.2842857142856, 0.0074602964579709, 0.31333333333333335, 0.40999999999842857, 0.0021366029557734942, 0.28, 0.80571428571384, 0.011746530436334314, 0.29333333333333333, 0.4742857142835429, 0.0014667384877461351, 0.2866666666666667, 0.39999999999934, 0.004882278855274617, 0.14, 0.8814285714285, 0.020879548692555774, 0.12666666666666668, 0.4685714285707543, 0.002516800474225429, 0.32666666666666666, 0.21999999999936, 0.003137499205192424, 0.29333333333333333, 0.75142857142848, 0.005228569277877371, 0.2866666666666667, 0.9057142857138172, 0.004299117769788352, 0.2866666666666667, 0.9399999999995485, 0.004461860398297855, 0.28, 0.99428571428472, 0.0032212707579531243, 0.2733333333333333, 0.47428571428561145, 0.042499642035366055, 0.28, 0.26714285714232, 0.0025964553092095925, 0.3333333333333333, 0.28, 0.001285870193510074, 0.22666666666666666, 0.22999999999999715, 0.0165686355466282, 0.26666666666666666, 0.6185714285691428, 0.0016710137868781653, 0.31333333333333335, 0.14285714285633141, 0.0024380051589110016, 0.2866666666666667, 0.9199999999996, 0.018835831823678845, 0.22, 0.33857142857104283, 0.007538682396080158, 0.3333333333333333, 0.24857142857142858, 0.01826460519761248, 0.2733333333333333, 0.181428571428, 0.0005419131062726566, 0.0, 0.0, 0.0, 0.0, 0.0, 0.0, 0.0, 0.0, 0.0, 0.0, 0.0, 0.0, 0.0, 0.0, 0.0, 0.0, 0.0, 0.0, 0.0, 0.0, 0.0, 0.0, 0.0, 0.0, 0.0, 0.0, 0.0, 0.0, 0.0, 0.0, 0.0, 0.0, 0.0, 0.0, 0.0, 0.0, 0.0, 0.0, 0.0, 0.0, 0.0, 0.0, 0.0, 0.0, 0.0, 0.0, 0.0, 0.0, 0.0, 0.0, 0.0, 0.0, 0.0, 0.0, 0.0, 0.0, 0.0, 0.0, 0.0, 0.0, 0.0, 0.0, 0.0, 0.0, 0.0, 0.0, 0.0, 0.0, 0.0, 0.0, 0.0, 0.0, 0.0, 0.0, 0.0, 0.0, 0.0, 0.0, 0.0, 0.0, 0.0, 0.0, 0.0, 0.0, 0.0, 0.0, 0.0, 0.0, 0.0, 0.0, 0.0, 0.0, 0.0, 0.0, 0.0, 0.0, 0.0, 0.0, 0.0, 0.0, 0.0, 0.0, 0.0, 0.0, 0.0, 0.0, 0.0, 0.0, 0.0, 0.0, 0.0, 0.0, 0.0, 0.0, 0.0, 0.0, 0.0],[0, 0, 0, 0, 0, 0, 0, 0, 0, 0, 0, 0, 0, 0, 0, 0, 0, 0, 0, 0, 0, 0, 0, 0, 0, 0, 0, 0, 0, 0, 0, 0, 0, 0, 0, 0, 0, 0, 0, 0, 0, 0, 0, 0, 0, 0, 0, 0, 0, 0, 0, 0, 0, 0, 0, 0, 0, 0, 0, 0, 0, 0, 0, 0]
[0.0, 0.0, 0.0, 0.0, 0.0, 0.0, 0.0, 1.0, 1.0, 1.0, 1.0, 1.0, 1.0, 1.0, 1.0, 1.0, 1.0, 1.0, 1.0, 1.0, 1.0, 0.0, 0.0, 0.0, 0.0, 0.0, 0.0, 0.0, 0.0, 0.0, 0.0, 0.0, 0.0, 0.0, 0.0, 0.0, 0.0, 0.0, 0.0, 0.0, 0.0, 0.0, 0.0, 0.0, 0.0, 0.0, 0.0, 0.0, 0.0, 0.0, 0.0, 0.0, 0.0, 0.0, 0.0, 0.0, 0.0, 0.0, 0.0, 0.0, 0.0, 0.0, 0.0, 0.0, 0.0, 0.0, 0.0, 0.0, 0.0, 0.0, 0.0, 0.0, 0.0, 0.0, 0.0, 0.0, 0.0, 0.0, 0.0, 0.0, 0.0, 0.0, 0.0, 0.0, 0.0, 0.0, 0.0, 0.0, 0.0, 0.0, 0.0, 0.0, 0.0, 0.0, 0.0, 0.0, 0.0, 0.0, 0.0, 0.0, 0.0, 0.0, 0.0, 0.0, 0.0, 0.0, 0.0, 0.0, 0.0, 0.0, 0.0, 0.0, 0.0, 0.0, 0.0, 0.0, 0.0, 0.0, 0.0, 0.0, 0.0, 0.0, 0.0, 0.0, 0.0, 0.0, 0.0, 0.0, 0.0, 0.0, 0.0, 0.0, 0.0, 0.0, 0.0, 0.0, 0.0, 0.0, 0.0, 0.0, 0.0, 0.0, 0.0, 0.0, 0.0, 0.0, 1.0, 0.0, 0.0, 0.0, 0.24666666666666667, 0.5057142857140972, 0.02687653100877226, 0.3, 0.8557142857133143, 0.009987452124528827, 0.24666666666666667, 0.6314285714282571, 0.01044961620759643, 0.23333333333333334, 0.2842857142856, 0.0074602964579709, 0.31333333333333335, 0.40999999999842857, 0.0021366029557734942, 0.28, 0.80571428571384, 0.011746530436334314, 0.29333333333333333, 0.4742857142835429, 0.0014667384877461351, 0.2866666666666667, 0.39999999999934, 0.004882278855274617, 0.14, 0.8814285714285, 0.020879548692555774, 0.12666666666666668, 0.4685714285707543, 0.002516800474225429, 0.32666666666666666, 0.21999999999936, 0.003137499205192424, 0.29333333333333333, 0.75142857142848, 0.005228569277877371, 0.2866666666666667, 0.9057142857138172, 0.004299117769788352, 0.2866666666666667, 0.9399999999995485, 0.004461860398297855, 0.28, 0.99428571428472, 0.0032212707579531243, 0.2733333333333333, 0.47428571428561145, 0.042499642035366055, 0.28, 0.26714285714232, 0.0025964553092095925, 0.3333333333333333, 0.28, 0.001285870193510074, 0.22666666666666666, 0.22999999999999715, 0.0165686355466282, 0.26666666666666666, 0.6185714285691428, 0.0016710137868781653, 0.31333333333333335, 0.14285714285633141, 0.0024380051589110016, 0.2866666666666667, 0.9199999999996, 0.018835831823678845, 0.22, 0.33857142857104283, 0.007538682396080158, 0.16, 0.15999999999984, 0.006997933025898167, 0.3333333333333333, 0.24857142857142858, 0.01826460519761248, 0.2733333333333333, 0.181428571428, 0.0005419131062726566, 0.0, 0.0, 0.0, 0.0, 0.0, 0.0, 0.0, 0.0, 0.0, 0.0, 0.0, 0.0, 0.0, 0.0, 0.0, 0.0, 0.0, 0.0, 0.0, 0.0, 0.0, 0.0, 0.0, 0.0, 0.0, 0.0, 0.0, 0.0, 0.0, 0.0, 0.0, 0.0, 0.0, 0.0, 0.0, 0.0, 0.0, 0.0, 0.0, 0.0, 0.0, 0.0, 0.0, 0.0, 0.0, 0.0, 0.0, 0.0, 0.0, 0.0, 0.0, 0.0, 0.0, 0.0, 0.0, 0.0, 0.0, 0.0, 0.0, 0.0, 0.0, 0.0, 0.0, 0.0, 0.0, 0.0, 0.0, 0.0, 0.0, 0.0, 0.0, 0.0, 0.0, 0.0, 0.0, 0.0, 0.0, 0.0, 0.0, 0.0, 0.0, 0.0, 0.0, 0.0, 0.0, 0.0, 0.0, 0.0, 0.0, 0.0, 0.0, 0.0, 0.0, 0.0, 0.0, 0.0, 0.0, 0.0, 0.0, 0.0, 0.0, 0.0, 0.0, 0.0, 0.0, 0.0, 0.0, 0.0, 0.0, 0.0, 0.0, 0.0, 0.0, 0.0],[0, 0, 0, 0, 0, 0, 0, 0, 0, 0, 0, 0, 0, 0, 0, 0, 0, 0, 0, 0, 0, 0, 0, 0, 0, 0, 0, 0, 0, 0, 0, 0, 0, 0, 0, 0, 0, 0, 0, 0, 0, 0, 0, 0, 0, 0, 0, 0, 0, 0, 0, 0, 0, 0, 0, 0, 0, 0, 0, 0, 0, 0, 0, 0]
[0.0, 0.0, 0.0, 0.0, 0.0, 0.0, 0.0, 1.0, 1.0, 1.0, 1.0, 1.0, 1.0, 1.0, 1.0, 1.0, 1.0, 1.0, 1.0, 1.0, 1.0, 0.0, 1.0, 1.0, 0.0, 0.0, 0.0, 0.0, 1.0, 1.0, 1.0, 0.0, 1.0, 1.0, 1.0, 1.0, 0.0, 0.0, 0.0, 0.0, 0.0, 1.0, 1.0, 1.0, 1.0, 1.0, 1.0, 1.0, 1.0, 1.0, 1.0, 1.0, 1.0, 1.0, 1.0, 1.0, 0.0, 0.0, 0.0, 0.0, 0.0, 0.0, 0.0, 0.0, 0.0, 0.0, 0.0, 0.0, 0.0, 0.0, 0.0, 0.0, 0.0, 0.0, 0.0, 0.0, 0.0, 0.0, 0.0, 0.0, 0.0, 0.0, 1.0, 0.0, 0.0, 0.0, 0.0, 0.0, 0.0, 0.0, 0.0, 0.0, 0.0, 0.0, 0.0, 0.0, 0.0, 0.0, 0.0, 0.0, 0.0, 0.0, 1.0, 1.0, 1.0, 0.0, 0.0, 0.0, 0.0, 0.0, 0.0, 1.0, 1.0, 1.0, 0.0, 0.0, 0.0, 0.0, 0.0, 0.0, 0.0, 0.0, 0.0, 0.0, 0.0, 0.0, 0.0, 0.0, 0.0, 0.0, 0.0, 0.0, 0.0, 0.0, 0.0, 0.0, 0.0, 0.0, 0.0, 0.0, 0.0, 0.0, 0.0, 0.0, 0.0, 0.0, 1.0, 0.0, 0.0, 0.0, 0.24666666666666667, 0.5057142857140972, 0.02687653100877226, 0.3, 0.8557142857133143, 0.009987452124528827, 0.24666666666666667, 0.6314285714282571, 0.01044961620759643, 0.18, 0.5299999999990457, 0.014070197000769613, 0.23333333333333334, 0.451428571428, 0.012912309477694521, 0.22, 0.96714285714222, 0.025085620782504967, 0.23333333333333334, 0.2842857142856, 0.0074602964579709, 0.31333333333333335, 0.40999999999842857, 0.0021366029557734942, 0.28, 0.80571428571384, 0.011746530436334314, 0.29333333333333333, 0.4742857142835429, 0.0014667384877461351, 0.2866666666666667, 0.39999999999934, 0.004882278855274617, 0.14, 0.8814285714285, 0.020879548692555774, 0.12666666666666668, 0.4685714285707543, 0.002516800474225429, 0.32666666666666666, 0.21999999999936, 0.003137499205192424, 0.29333333333333333, 0.75142857142848, 0.005228569277877371, 0.2866666666666667, 0.9057142857138172, 0.004299117769788352, 0.2866666666666667, 0.9399999999995485, 0.004461860398297855, 0.28, 0.99428571428472, 0.0032212707579531243, 0.2733333333333333, 0.47428571428561145, 0.042499642035366055, 0.28, 0.26714285714232, 0.0025964553092095925, 0.3333333333333333, 0.28, 0.001285870193510074, 0.22666666666666666, 0.22999999999999715, 0.0165686355466282, 0.26666666666666666, 0.6185714285691428, 0.0016710137868781653, 0.31333333333333335, 0.14285714285633141, 0.0024380051589110016, 0.2866666666666667, 0.9199999999996, 0.018835831823678845, 0.22, 0.33857142857104283, 0.007538682396080158, 0.16, 0.15999999999984, 0.006997933025898167, 0.3333333333333333, 0.24857142857142858, 0.01826460519761248, 0.2733333333333333, 0.181428571428, 0.0005419131062726566, 0.0, 0.0, 0.0, 0.0, 0.0, 0.0, 0.0, 0.0, 0.0, 0.0, 0.0, 0.0, 0.0, 0.0, 0.0, 0.0, 0.0, 0.0, 0.0, 0.0, 0.0, 0.0, 0.0, 0.0, 0.0, 0.0, 0.0, 0.0, 0.0, 0.0, 0.0, 0.0, 0.0, 0.0, 0.0, 0.0, 0.0, 0.0, 0.0, 0.0, 0.0, 0.0, 0.0, 0.0, 0.0, 0.0, 0.0, 0.0, 0.0, 0.0, 0.0, 0.0, 0.0, 0.0, 0.0, 0.0, 0.0, 0.0, 0.0, 0.0, 0.0, 0.0, 0.0, 0.0, 0.0, 0.0, 0.0, 0.0, 0.0, 0.0, 0.0, 0.0, 0.0, 0.0, 0.0, 0.0, 0.0, 0.0, 0.0, 0.0, 0.0, 0.0, 0.0, 0.0, 0.0, 0.0, 0.0, 0.0, 0.0, 0.0, 0.0, 0.0, 0.0, 0.0, 0.0, 0.0, 0.0, 0.0, 0.0, 0.0, 0.0, 0.0, 0.0, 0.0, 0.0],[1, 0, 0, 0, 0, 0, 0, 0, 0, 0, 0, 0, 0, 0, 0, 0, 0, 0, 0, 0, 0, 0, 0, 0, 0, 0, 0, 0, 0, 0, 0, 0, 0, 0, 0, 0, 0, 0, 0, 0, 0, 0, 0, 0, 0, 0, 0, 0, 0, 0, 0, 0, 0, 0, 0, 0, 0, 0, 0, 0, 0, 0, 0, 0]
[0.0, 0.0, 0.0, 0.0, 0.0, 0.0, 0.0, 0.0, 0.0, 0.0, 0.0, 0.0, 0.0, 0.0, 0.0, 0.0, 0.0, 0.0, 0.0, 0.0, 0.0, 0.0, 0.0, 0.0, 0.0, 0.0, 0.0, 0.0, 0.0, 0.0, 0.0, 0.0, 0.0, 0.0, 0.0, 0.0, 0.0, 0.0, 0.0, 0.0, 0.0, 0.0, 0.0, 0.0, 0.0, 0.0, 0.0, 0.0, 0.0, 0.0, 0.0, 0.0, 0.0, 0.0, 0.0, 1.0, 0.0, 0.0, 0.0, 0.0, 0.0, 0.0, 0.0, 0.0, 0.0, 0.0, 0.0, 0.0, 0.0, 0.0, 0.0, 0.0, 0.0, 0.0, 0.0, 0.0, 0.0, 0.0, 0.0, 0.0, 0.0, 0.0, 1.0, 0.0, 0.0, 0.0, 0.0, 0.0, 0.0, 0.0, 0.0, 0.0, 0.0, 0.0, 0.0, 0.0, 0.0, 0.0, 0.0, 0.0, 0.0, 0.0, 1.0, 1.0, 1.0, 0.0, 0.0, 0.0, 0.0, 0.0, 0.0, 1.0, 1.0, 1.0, 0.0, 0.0, 0.0, 0.0, 0.0, 0.0, 0.0, 0.0, 0.0, 0.0, 0.0, 0.0, 0.0, 0.0, 0.0, 0.0, 0.0, 0.0, 0.0, 0.0, 0.0, 0.0, 0.0, 0.0, 0.0, 0.0, 0.0, 0.0, 0.0, 0.0, 0.0, 0.0, 1.0, 0.0, 0.0, 0.0, 0.3, 0.8557142857133143, 0.009987452124528827, 0.24666666666666667, 0.6314285714282571, 0.01044961620759643, 0.18, 0.5299999999990457, 0.014070197000769613, 0.23333333333333334, 0.451428571428, 0.012912309477694521, 0.22, 0.96714285714222, 0.025085620782504967, 0.23333333333333334, 0.2842857142856, 0.0074602964579709, 0.31333333333333335, 0.40999999999842857, 0.0021366029557734942, 0.28, 0.80571428571384, 0.011746530436334314, 0.29333333333333333, 0.4742857142835429, 0.0014667384877461351, 0.2866666666666667, 0.39999999999934, 0.004882278855274617, 0.14, 0.8814285714285, 0.020879548692555774, 0.12666666666666668, 0.4685714285707543, 0.002516800474225429, 0.32666666666666666, 0.21999999999936, 0.003137499205192424, 0.29333333333333333, 0.75142857142848, 0.005228569277877371, 0.2866666666666667, 0.9057142857138172, 0.004299117769788352, 0.2866666666666667, 0.9399999999995485, 0.004461860398297855, 0.28, 0.99428571428472, 0.0032212707579531243, 0.2733333333333333, 0.47428571428561145, 0.042499642035366055, 0.28, 0.26714285714232, 0.0025964553092095925, 0.3333333333333333, 0.28, 0.001285870193510074, 0.22666666666666666, 0.22999999999999715, 0.0165686355466282, 0.26666666666666666, 0.6185714285691428, 0.0016710137868781653, 0.31333333333333335, 0.14285714285633141, 0.0024380051589110016, 0.2866666666666667, 0.9199999999996, 0.018835831823678845, 0.22, 0.33857142857104283, 0.007538682396080158, 0.16, 0.15999999999984, 0.006997933025898167, 0.3333333333333333, 0.24857142857142858, 0.01826460519761248, 0.2733333333333333, 0.181428571428, 0.0005419131062726566, 0.0, 0.0, 0.0, 0.0, 0.0, 0.0, 0.0, 0.0, 0.0, 0.0, 0.0, 0.0, 0.0, 0.0, 0.0, 0.0, 0.0, 0.0, 0.0, 0.0, 0.0, 0.0, 0.0, 0.0, 0.0, 0.0, 0.0, 0.0, 0.0, 0.0, 0.0, 0.0, 0.0, 0.0, 0.0, 0.0, 0.0, 0.0, 0.0, 0.0, 0.0, 0.0, 0.0, 0.0, 0.0, 0.0, 0.0, 0.0, 0.0, 0.0, 0.0, 0.0, 0.0, 0.0, 0.0, 0.0, 0.0, 0.0, 0.0, 0.0, 0.0, 0.0, 0.0, 0.0, 0.0, 0.0, 0.0, 0.0, 0.0, 0.0, 0.0, 0.0, 0.0, 0.0, 0.0, 0.0, 0.0, 0.0, 0.0, 0.0, 0.0, 0.0, 0.0, 0.0, 0.0, 0.0, 0.0, 0.0, 0.0, 0.0, 0.0, 0.0, 0.0, 0.0, 0.0, 0.0, 0.0, 0.0, 0.0, 0.0, 0.0, 0.0, 0.0, 0.0, 0.0, 0.0, 0.0, 0.0],[0, 0, 0, 0, 0, 0, 0, 0, 0, 0, 0, 0, 0, 0, 0, 0, 0, 0, 0, 0, 0, 0, 0, 0, 0, 0, 0, 0, 0, 0, 0, 0, 0, 0, 0, 0, 0, 0, 0, 0, 0, 0, 0, 0, 0, 0, 0, 0, 0, 0, 0, 0, 0, 0, 0, 0, 0, 0, 0, 0, 0, 0, 0, 0]
[0.0, 0.0, 0.0, 0.0, 0.0, 0.0, 0.0, 0.0, 0.0, 0.0, 0.0, 0.0, 0.0, 0.0, 0.0, 0.0, 0.0, 0.0, 0.0, 0.0, 0.0, 0.0, 0.0, 0.0, 0.0, 0.0, 0.0, 0.0, 0.0, 0.0, 0.0, 0.0, 0.0, 0.0, 0.0, 0.0, 0.0, 0.0, 0.0, 0.0, 0.0, 0.0, 0.0, 0.0, 0.0, 0.0, 0.0, 0.0, 0.0, 0.0, 0.0, 0.0, 0.0, 0.0, 0.0, 1.0, 0.0, 0.0, 0.0, 0.0, 1.0, 1.0, 1.0, 1.0, 1.0, 1.0, 0.0, 0.0, 0.0, 0.0, 1.0, 0.0, 1.0, 1.0, 1.0, 1.0, 1.0, 0.0, 0.0, 0.0, 0.0, 0.0, 1.0, 1.0, 1.0, 1.0, 1.0, 0.0, 0.0, 0.0, 0.0, 0.0, 0.0, 0.0, 0.0, 0.0, 0.0, 0.0, 0.0, 0.0, 0.0, 0.0, 1.0, 1.0, 1.0, 0.0, 0.0, 0.0, 0.0, 0.0, 0.0, 1.0, 1.0, 1.0, 0.0, 0.0, 0.0, 0.0, 0.0, 0.0, 0.0, 0.0, 0.0, 0.0, 0.0, 0.0, 0.0, 0.0, 0.0, 0.0, 0.0, 0.0, 0.0, 0.0, 0.0, 0.0, 0.0, 0.0, 0.0, 0.0, 0.0, 0.0, 0.0, 0.0, 0.0, 0.0, 1.0, 0.0, 0.0, 0.0, 0.3, 0.8557142857133143, 0.009987452124528827, 0.24666666666666667, 0.6314285714282571, 0.01044961620759643, 0.18, 0.5299999999990457, 0.014070197000769613, 0.23333333333333334, 0.451428571428, 0.012912309477694521, 0.22, 0.96714285714222, 0.025085620782504967, 0.23333333333333334, 0.2842857142856, 0.0074602964579709, 0.31333333333333335, 0.40999999999842857, 0.0021366029557734942, 0.28, 0.80571428571384, 0.011746530436334314, 0.29333333333333333, 0.4742857142835429, 0.0014667384877461351, 0.2866666666666667, 0.39999999999934, 0.004882278855274617, 0.14, 0.8814285714285, 0.020879548692555774, 0.12666666666666668, 0.4685714285707543, 0.002516800474225429, 0.32666666666666666, 0.21999999999936, 0.003137499205192424, 0.29333333333333333, 0.75142857142848, 0.005228569277877371, 0.2866666666666667, 0.9057142857138172, 0.004299117769788352, 0.2866666666666667, 0.9399999999995485, 0.004461860398297855, 0.28, 0.99428571428472, 0.0032212707579531243, 0.2733333333333333, 0.47428571428561145, 0.042499642035366055, 0.28, 0.26714285714232, 0.0025964553092095925, 0.3333333333333333, 0.28, 0.001285870193510074, 0.22666666666666666, 0.22999999999999715, 0.0165686355466282, 0.26666666666666666, 0.6185714285691428, 0.0016710137868781653, 0.31333333333333335, 0.14285714285633141, 0.0024380051589110016, 0.2866666666666667, 0.9199999999996, 0.018835831823678845, 0.22, 0.33857142857104283, 0.007538682396080158, 0.16, 0.15999999999984, 0.006997933025898167, 0.3333333333333333, 0.24857142857142858, 0.01826460519761248, 0.2733333333333333, 0.181428571428, 0.0005419131062726566, 0.0, 0.0, 0.0, 0.0, 0.0, 0.0, 0.0, 0.0, 0.0, 0.0, 0.0, 0.0, 0.0, 0.0, 0.0, 0.0, 0.0, 0.0, 0.0, 0.0, 0.0, 0.0, 0.0, 0.0, 0.0, 0.0, 0.0, 0.0, 0.0, 0.0, 0.0, 0.0, 0.0, 0.0, 0.0, 0.0, 0.0, 0.0, 0.0, 0.0, 0.0, 0.0, 0.0, 0.0, 0.0, 0.0, 0.0, 0.0, 0.0, 0.0, 0.0, 0.0, 0.0, 0.0, 0.0, 0.0, 0.0, 0.0, 0.0, 0.0, 0.0, 0.0, 0.0, 0.0, 0.0, 0.0, 0.0, 0.0, 0.0, 0.0, 0.0, 0.0, 0.0, 0.0, 0.0, 0.0, 0.0, 0.0, 0.0, 0.0, 0.0, 0.0, 0.0, 0.0, 0.0, 0.0, 0.0, 0.0, 0.0, 0.0, 0.0, 0.0, 0.0, 0.0, 0.0, 0.0, 0.0, 0.0, 0.0, 0.0, 0.0, 0.0, 0.0, 0.0, 0.0, 0.0, 0.0, 0.0],[0, 0, 0, 0, 0, 0, 0, 0, 0, 0, 1, 0, 0, 0, 0, 0, 0, 0, 0, 0, 0, 0, 0, 0, 0, 0, 0, 0, 0, 0, 0, 0, 0, 0, 0, 0, 0, 0, 0, 0, 0, 0, 0, 0, 0, 0, 0, 0, 0, 0, 0, 0, 0, 0, 0, 0, 0, 0, 0, 0, 0, 0, 0, 0]
[0.0, 0.0, 0.0, 0.0, 0.0, 0.0, 0.0, 0.0, 0.0, 0.0, 0.0, 0.0, 0.0, 0.0, 0.0, 0.0, 0.0, 0.0, 0.0, 0.0, 0.0, 0.0, 0.0, 0.0, 0.0, 0.0, 0.0, 0.0, 0.0, 0.0, 0.0, 0.0, 0.0, 0.0, 0.0, 0.0, 0.0, 0.0, 0.0, 0.0, 0.0, 0.0, 0.0, 0.0, 0.0, 0.0, 0.0, 0.0, 0.0, 0.0, 0.0, 0.0, 0.0, 0.0, 0.0, 0.0, 0.0, 0.0, 0.0, 0.0, 0.0, 0.0, 0.0, 0.0, 0.0, 0.0, 0.0, 0.0, 0.0, 0.0, 0.0, 0.0, 0.0, 0.0, 0.0, 0.0, 0.0, 0.0, 0.0, 0.0, 0.0, 0.0, 0.0, 0.0, 0.0, 0.0, 0.0, 0.0, 0.0, 0.0, 0.0, 0.0, 0.0, 0.0, 0.0, 0.0, 0.0, 0.0, 0.0, 0.0, 0.0, 0.0, 0.0, 0.0, 0.0, 0.0, 0.0, 0.0, 0.0, 0.0, 0.0, 1.0, 1.0, 1.0, 0.0, 0.0, 0.0, 0.0, 0.0, 0.0, 0.0, 0.0, 0.0, 0.0, 0.0, 0.0, 0.0, 0.0, 0.0, 0.0, 0.0, 0.0, 0.0, 0.0, 0.0, 0.0, 0.0, 0.0, 0.0, 0.0, 0.0, 0.0, 0.0, 0.0, 0.0, 0.0, 1.0, 0.0, 0.0, 0.0, 0.3, 0.8557142857133143, 0.009987452124528827, 0.24666666666666667, 0.6314285714282571, 0.01044961620759643, 0.18, 0.5299999999990457, 0.014070197000769613, 0.23333333333333334, 0.451428571428, 0.012912309477694521, 0.22, 0.96714285714222, 0.025085620782504967, 0.23333333333333334, 0.2842857142856, 0.0074602964579709, 0.31333333333333335, 0.40999999999842857, 0.0021366029557734942, 0.28, 0.80571428571384, 0.011746530436334314, 0.29333333333333333, 0.4742857142835429, 0.0014667384877461351, 0.2866666666666667, 0.39999999999934, 0.004882278855274617, 0.12666666666666668, 0.4685714285707543, 0.002516800474225429, 0.32666666666666666, 0.21999999999936, 0.003137499205192424, 0.29333333333333333, 0.75142857142848, 0.005228569277877371, 0.2866666666666667, 0.9057142857138172, 0.004299117769788352, 0.2866666666666667, 0.9399999999995485, 0.004461860398297855, 0.28, 0.99428571428472, 0.0032212707579531243, 0.2733333333333333, 0.47428571428561145, 0.042499642035366055, 0.28, 0.26714285714232, 0.0025964553092095925, 0.3333333333333333, 0.28, 0.001285870193510074, 0.22666666666666666, 0.22999999999999715, 0.0165686355466282, 0.26666666666666666, 0.6185714285691428, 0.0016710137868781653, 0.31333333333333335, 0.14285714285633141, 0.0024380051589110016, 0.2866666666666667, 0.9199999999996, 0.018835831823678845, 0.22, 0.33857142857104283, 0.007538682396080158, 0.16, 0.15999999999984, 0.006997933025898167, 0.3333333333333333, 0.24857142857142858, 0.01826460519761248, 0.2733333333333333, 0.181428571428, 0.0005419131062726566, 0.0, 0.0, 0.0, 0.0, 0.0, 0.0, 0.0, 0.0, 0.0, 0.0, 0.0, 0.0, 0.0, 0.0, 0.0, 0.0, 0.0, 0.0, 0.0, 0.0, 0.0, 0.0, 0.0, 0.0, 0.0, 0.0, 0.0, 0.0, 0.0, 0.0, 0.0, 0.0, 0.0, 0.0, 0.0, 0.0, 0.0, 0.0, 0.0, 0.0, 0.0, 0.0, 0.0, 0.0, 0.0, 0.0, 0.0, 0.0, 0.0, 0.0, 0.0, 0.0, 0.0, 0.0, 0.0, 0.0, 0.0, 0.0, 0.0, 0.0, 0.0, 0.0, 0.0, 0.0, 0.0, 0.0, 0.0, 0.0, 0.0, 0.0, 0.0, 0.0, 0.0, 0.0, 0.0, 0.0, 0.0, 0.0, 0.0, 0.0, 0.0, 0.0, 0.0, 0.0, 0.0, 0.0, 0.0, 0.0, 0.0, 0.0, 0.0, 0.0, 0.0, 0.0, 0.0, 0.0, 0.0, 0.0, 0.0, 0.0, 0.0, 0.0, 0.0, 0.0, 0.0, 0.0, 0.0, 0.0, 0.0, 0.0, 0.0],[0, 0, 0, 0, 0, 0, 0, 0, 0, 0, 0, 0, 0, 0, 0, 0, 0, 0, 0, 0, 0, 0, 0, 0, 0, 0, 0, 0, 0, 0, 0, 0, 0, 0, 0, 0, 0, 0, 0, 0, 0, 0, 0, 0, 0, 0, 0, 0, 0, 0, 0, 0, 0, 0, 0, 0, 0, 0, 0, 0, 0, 0, 0, 0]
[0.0, 0.0, 0.0, 0.0, 0.0, 0.0, 0.0, 0.0, 0.0, 0.0, 0.0, 0.0, 0.0, 0.0, 0.0, 0.0, 0.0, 0.0, 0.0, 0.0, 0.0, 0.0, 0.0, 0.0, 0.0, 0.0, 0.0, 0.0, 0.0, 0.0, 0.0, 0.0, 0.0, 0.0, 0.0, 0.0, 0.0, 0.0, 0.0, 0.0, 0.0, 0.0, 0.0, 0.0, 0.0, 0.0, 0.0, 0.0, 0.0, 0.0, 0.0, 0.0, 0.0, 0.0, 0.0, 0.0, 0.0, 0.0, 0.0, 0.0, 0.0, 0.0, 0.0, 0.0, 0.0, 0.0, 0.0, 0.0, 0.0, 0.0, 0.0, 0.0, 0.0, 0.0, 0.0, 0.0, 0.0, 0.0, 0.0, 0.0, 0.0, 0.0, 0.0, 0.0, 0.0, 0.0, 0.0, 1.0, 1.0, 1.0, 1.0, 1.0, 1.0, 1.0, 1.0, 1.0, 1.0, 1.0, 1.0, 1.0, 1.0, 1.0, 0.0, 0.0, 0.0, 1.0, 1.0, 1.0, 1.0, 1.0, 1.0, 1.0, 1.0, 1.0, 1.0, 1.0, 1.0, 1.0, 1.0, 1.0, 1.0, 1.0, 1.0, 0.0, 0.0, 1.0, 1.0, 1.0, 1.0, 1.0, 1.0, 1.0, 1.0, 1.0, 1.0, 1.0, 1.0, 1.0, 1.0, 1.0, 0.0, 1.0, 1.0, 1.0, 1.0, 0.0, 1.0, 0.0, 0.0, 0.0, 0.24666666666666667, 0.9557142857127485, 0.0059439957222204454, 0.3, 0.8557142857133143, 0.009987452124528827, 0.05333333333333334, 0.54285714285696, 0.02052992912911149, 0.24666666666666667, 0.6314285714282571, 0.01044961620759643, 0.18, 0.5299999999990457, 0.014070197000769613, 0.23333333333333334, 0.451428571428, 0.012912309477694521, 0.22, 0.96714285714222, 0.025085620782504967, 0.23333333333333334, 0.2842857142856, 0.0074602964579709, 0.31333333333333335, 0.40999999999842857, 0.0021366029557734942, 0.28, 0.80571428571384, 0.011746530436334314, 0.29333333333333333, 0.4742857142835429, 0.0014667384877461351, 0.2866666666666667, 0.39999999999934, 0.004882278855274617, 0.12666666666666668, 0.4685714285707543, 0.002516800474225429, 0.32666666666666666, 0.21999999999936, 0.003137499205192424, 0.29333333333333333, 0.75142857142848, 0.005228569277877371, 0.2866666666666667, 0.9057142857138172, 0.004299117769788352, 0.2866666666666667, 0.9399999999995485, 0.004461860398297855, 0.28, 0.99428571428472, 0.0032212707579531243, 0.2733333333333333, 0.47428571428561145, 0.042499642035366055, 0.28, 0.26714285714232, 0.0025964553092095925, 0.20666666666666667, 0.30285714285628573, 0.014715975934143316, 0.3333333333333333, 0.28, 0.001285870193510074, 0.22666666666666666, 0.22999999999999715, 0.0165686355466282, 0.26666666666666666, 0.6185714285691428, 0.0016710137868781653, 0.31333333333333335, 0.14285714285633141, 0.0024380051589110016, 0.2866666666666667, 0.9199999999996, 0.018835831823678845, 0.22, 0.33857142857104283, 0.007538682396080158, 0.16, 0.15999999999984, 0.006997933025898167, 0.3333333333333333, 0.24857142857142858, 0.01826460519761248, 0.2733333333333333, 0.181428571428, 0.0005419131062726566, 0.0, 0.0, 0.0, 0.0, 0.0, 0.0, 0.0, 0.0, 0.0, 0.0, 0.0, 0.0, 0.0, 0.0, 0.0, 0.0, 0.0, 0.0, 0.0, 0.0, 0.0, 0.0, 0.0, 0.0, 0.0, 0.0, 0.0, 0.0, 0.0, 0.0, 0.0, 0.0, 0.0, 0.0, 0.0, 0.0, 0.0, 0.0, 0.0, 0.0, 0.0, 0.0, 0.0, 0.0, 0.0, 0.0, 0.0, 0.0, 0.0, 0.0, 0.0, 0.0, 0.0, 0.0, 0.0, 0.0, 0.0, 0.0, 0.0, 0.0, 0.0, 0.0, 0.0, 0.0, 0.0, 0.0, 0.0, 0.0, 0.0, 0.0, 0.0, 0.0, 0.0, 0.0, 0.0, 0.0, 0.0, 0.0, 0.0, 0.0, 0.0, 0.0, 0.0, 0.0, 0.0, 0.0, 0.0, 0.0, 0.0, 0.0, 0.0, 0.0, 0.0, 0.0, 0.0, 0.0, 0.0, 0.0, 0.0, 0.0, 0.0, 0.0],[1, 0, 1, 0, 0, 0, 0, 0, 0, 0, 0, 0, 0, 0, 0, 0, 0, 0, 0, 0, 0, 0, 0, 0, 0, 0, 0, 0, 0, 0, 0, 0, 0, 0, 0, 0, 0, 0, 0, 0, 0, 0, 0, 0, 0, 0, 0, 0, 0, 0, 0, 0, 0, 0, 0, 0, 0, 0, 0, 0, 0, 0, 0, 0]
[0.0, 0.0, 0.0, 0.0, 0.0, 0.0, 0.0, 0.0, 0.0, 0.0, 0.0, 0.0, 0.0, 0.0, 0.0, 0.0, 0.0, 0.0, 0.0, 0.0, 0.0, 0.0, 0.0, 0.0, 0.0, 0.0, 0.0, 0.0, 0.0, 0.0, 0.0, 0.0, 0.0, 0.0, 0.0, 0.0, 0.0, 0.0, 0.0, 0.0, 0.0, 0.0, 0.0, 0.0, 0.0, 0.0, 0.0, 0.0, 0.0, 0.0, 0.0, 0.0, 0.0, 0.0, 0.0, 0.0, 0.0, 0.0, 0.0, 0.0, 0.0, 0.0, 0.0, 0.0, 0.0, 0.0, 0.0, 0.0, 0.0, 0.0, 0.0, 0.0, 0.0, 0.0, 0.0, 0.0, 0.0, 0.0, 0.0, 0.0, 0.0, 0.0, 0.0, 0.0, 0.0, 0.0, 0.0, 0.0, 0.0, 0.0, 0.0, 0.0, 0.0, 0.0, 0.0, 0.0, 0.0, 0.0, 0.0, 0.0, 0.0, 0.0, 0.0, 0.0, 0.0, 0.0, 0.0, 0.0, 0.0, 0.0, 0.0, 0.0, 0.0, 0.0, 0.0, 0.0, 0.0, 0.0, 0.0, 0.0, 0.0, 0.0, 0.0, 0.0, 0.0, 0.0, 0.0, 0.0, 0.0, 0.0, 0.0, 0.0, 0.0, 0.0, 0.0, 0.0, 0.0, 1.0, 1.0, 1.0, 0.0, 1.0, 1.0, 1.0, 1.0, 0.0, 1.0, 0.0, 0.0, 0.0, 0.3, 0.8557142857133143, 0.009987452124528827, 0.24666666666666667, 0.6314285714282571, 0.01044961620759643, 0.18, 0.5299999999990457, 0.014070197000769613, 0.23333333333333334, 0.451428571428, 0.012912309477694521, 0.22, 0.96714285714222, 0.025085620782504967, 0.23333333333333334, 0.2842857142856, 0.0074602964579709, 0.31333333333333335, 0.40999999999842857, 0.0021366029557734942, 0.28, 0.80571428571384, 0.011746530436334314, 0.29333333333333333, 0.4742857142835429, 0.0014667384877461351, 0.2866666666666667, 0.39999999999934, 0.004882278855274617, 0.12666666666666668, 0.4685714285707543, 0.002516800474225429, 0.32666666666666666, 0.21999999999936, 0.003137499205192424, 0.29333333333333333, 0.75142857142848, 0.005228569277877371, 0.2866666666666667, 0.9057142857138172, 0.004299117769788352, 0.2866666666666667, 0.9399999999995485, 0.004461860398297855, 0.28, 0.99428571428472, 0.0032212707579531243, 0.2733333333333333, 0.47428571428561145, 0.042499642035366055, 0.28, 0.26714285714232, 0.0025964553092095925, 0.20666666666666667, 0.30285714285628573, 0.014715975934143316, 0.3333333333333333, 0.28, 0.001285870193510074, 0.22666666666666666, 0.22999999999999715, 0.0165686355466282, 0.26666666666666666, 0.6185714285691428, 0.0016710137868781653, 0.31333333333333335, 0.14285714285633141, 0.0024380051589110016, 0.2866666666666667, 0.9199999999996, 0.018835831823678845, 0.22, 0.33857142857104283, 0.007538682396080158, 0.16, 0.15999999999984, 0.006997933025898167, 0.3333333333333333, 0.24857142857142858, 0.01826460519761248, 0.2733333333333333, 0.181428571428, 0.0005419131062726566, 0.0, 0.0, 0.0, 0.0, 0.0, 0.0, 0.0, 0.0, 0.0, 0.0, 0.0, 0.0, 0.0, 0.0, 0.0, 0.0, 0.0, 0.0, 0.0, 0.0, 0.0, 0.0, 0.0, 0.0, 0.0, 0.0, 0.0, 0.0, 0.0, 0.0, 0.0, 0.0, 0.0, 0.0, 0.0, 0.0, 0.0, 0.0, 0.0, 0.0, 0.0, 0.0, 0.0, 0.0, 0.0, 0.0, 0.0, 0.0, 0.0, 0.0, 0.0, 0.0, 0.0, 0.0, 0.0, 0.0, 0.0, 0.0, 0.0, 0.0, 0.0, 0.0, 0.0, 0.0, 0.0, 0.0, 0.0, 0.0, 0.0, 0.0, 0.0, 0.0, 0.0, 0.0, 0.0, 0.0, 0.0, 0.0, 0.0, 0.0, 0.0, 0.0, 0.0, 0.0, 0.0, 0.0, 0.0, 0.0, 0.0, 0.0, 0.0, 0.0, 0.0, 0.0, 0.0, 0.0, 0.0, 0.0, 0.0, 0.0, 0.0, 0.0, 0.0, 0.0, 0.0, 0.0, 0.0, 0.0],[0, 0, 0, 0, 0, 0, 0, 0, 0, 0, 0, 0, 0, 0, 0, 0, 0, 0, 0, 0, 0, 0, 0, 0, 0, 0, 0, 0, 0, 0, 0, 0, 0, 0, 0, 0, 0, 0, 0, 0, 0, 0, 0, 0, 0, 0, 0, 0, 0, 0, 0, 0, 0, 0, 0, 0, 0, 0, 0, 0, 0, 0, 0, 0]
[0.0, 0.0, 0.0, 0.0, 0.0, 0.0, 0.0, 0.0, 0.0, 0.0, 0.0, 0.0, 0.0, 0.0, 0.0, 0.0, 0.0, 0.0, 0.0, 0.0, 0.0, 1.0, 0.0, 0.0, 1.0, 1.0, 1.0, 1.0, 0.0, 0.0, 0.0, 1.0, 0.0, 0.0, 0.0, 0.0, 0.0, 0.0, 0.0, 0.0, 0.0, 0.0, 0.0, 0.0, 0.0, 0.0, 0.0, 0.0, 0.0, 0.0, 0.0, 0.0, 0.0, 0.0, 0.0, 0.0, 1.0, 1.0, 1.0, 1.0, 0.0, 0.0, 0.0, 0.0, 0.0, 0.0, 1.0, 1.0, 1.0, 1.0, 0.0, 1.0, 0.0, 0.0, 0.0, 0.0, 0.0, 0.0, 0.0, 0.0, 0.0, 0.0, 0.0, 0.0, 0.0, 0.0, 0.0, 0.0, 0.0, 0.0, 0.0, 0.0, 0.0, 0.0, 0.0, 0.0, 0.0, 0.0, 0.0, 0.0, 0.0, 0.0, 0.0, 0.0, 0.0, 0.0, 0.0, 0.0, 0.0, 0.0, 0.0, 0.0, 0.0, 0.0, 0.0, 0.0, 0.0, 0.0, 0.0, 0.0, 0.0, 0.0, 0.0, 0.0, 0.0, 0.0, 0.0, 0.0, 0.0, 0.0, 0.0, 0.0, 0.0, 0.0, 0.0, 0.0, 0.0, 1.0, 1.0, 1.0, 0.0, 1.0, 1.0, 1.0, 1.0, 0.0, 1.0, 0.0, 0.0, 0.0, 0.3, 0.8557142857133143, 0.009987452124528827, 0.24666666666666667, 0.6314285714282571, 0.01044961620759643, 0.18, 0.5299999999990457, 0.014070197000769613, 0.23333333333333334, 0.451428571428, 0.012912309477694521, 0.22, 0.96714285714222, 0.025085620782504967, 0.23333333333333334, 0.2842857142856, 0.0074602964579709, 0.31333333333333335, 0.40999999999842857, 0.0021366029557734942, 0.28, 0.80571428571384, 0.011746530436334314, 0.29333333333333333, 0.4742857142835429, 0.0014667384877461351, 0.2733333333333333, 0.8914285714284571, 0.03993942263564875, 0.2866666666666667, 0.39999999999934, 0.004882278855274617, 0.12666666666666668, 0.4685714285707543, 0.002516800474225429, 0.32666666666666666, 0.21999999999936, 0.003137499205192424, 0.29333333333333333, 0.75142857142848, 0.005228569277877371, 0.2866666666666667, 0.9057142857138172, 0.004299117769788352, 0.2866666666666667, 0.9399999999995485, 0.004461860398297855, 0.28, 0.99428571428472, 0.0032212707579531243, 0.06666666666666667, 0.8542857142856571, 0.06974606582485014, 0.2733333333333333, 0.47428571428561145, 0.042499642035366055, 0.28, 0.26714285714232, 0.0025964553092095925, 0.20666666666666667, 0.30285714285628573, 0.014715975934143316, 0.3333333333333333, 0.28, 0.001285870193510074, 0.22666666666666666, 0.22999999999999715, 0.0165686355466282, 0.26666666666666666, 0.6185714285691428, 0.0016710137868781653, 0.31333333333333335, 0.14285714285633141, 0.0024380051589110016, 0.2866666666666667, 0.9199999999996, 0.018835831823678845, 0.22, 0.33857142857104283, 0.007538682396080158, 0.16, 0.15999999999984, 0.006997933025898167, 0.3333333333333333, 0.24857142857142858, 0.01826460519761248, 0.2733333333333333, 0.181428571428, 0.0005419131062726566, 0.0, 0.0, 0.0, 0.0, 0.0, 0.0, 0.0, 0.0, 0.0, 0.0, 0.0, 0.0, 0.0, 0.0, 0.0, 0.0, 0.0, 0.0, 0.0, 0.0, 0.0, 0.0, 0.0, 0.0, 0.0, 0.0, 0.0, 0.0, 0.0, 0.0, 0.0, 0.0, 0.0, 0.0, 0.0, 0.0, 0.0, 0.0, 0.0, 0.0, 0.0, 0.0, 0.0, 0.0, 0.0, 0.0, 0.0, 0.0, 0.0, 0.0, 0.0, 0.0, 0.0, 0.0, 0.0, 0.0, 0.0, 0.0, 0.0, 0.0, 0.0, 0.0, 0.0, 0.0, 0.0, 0.0, 0.0, 0.0, 0.0, 0.0, 0.0, 0.0, 0.0, 0.0, 0.0, 0.0, 0.0, 0.0, 0.0, 0.0, 0.0, 0.0, 0.0, 0.0, 0.0, 0.0, 0.0, 0.0, 0.0, 0.0, 0.0, 0.0, 0.0, 0.0, 0.0, 0.0, 0.0, 0.0, 0.0, 0.0, 0.0, 0.0],[0, 0, 0, 0, 0, 0, 0, 0, 0, 0, 0, 1, 0, 0, 0, 0, 0, 0, 0, 0, 0, 0, 0, 0, 0, 0, 0, 0, 0, 0, 0, 0, 0, 0, 0, 0, 0, 0, 0, 0, 0, 0, 0, 0, 0, 0, 0, 0, 0, 0, 0, 0, 0, 0, 0, 0, 0, 0, 0, 0, 0, 0, 0, 0]
[0.0, 0.0, 0.0, 0.0, 0.0, 0.0, 0.0, 0.0, 0.0, 0.0, 0.0, 0.0, 0.0, 0.0, 0.0, 0.0, 0.0, 0.0, 0.0, 0.0, 0.0, 0.0, 0.0, 0.0, 0.0, 0.0, 0.0, 0.0, 0.0, 0.0, 0.0, 0.0, 0.0, 0.0, 0.0, 0.0, 0.0, 0.0, 0.0, 0.0, 0.0, 0.0, 0.0, 0.0, 0.0, 0.0, 0.0, 0.0, 0.0, 0.0, 0.0, 0.0, 0.0, 0.0, 0.0, 0.0, 0.0, 0.0, 0.0, 0.0, 0.0, 0.0, 0.0, 0.0, 0.0, 0.0, 0.0, 0.0, 0.0, 0.0, 0.0, 0.0, 0.0, 0.0, 0.0, 0.0, 0.0, 0.0, 0.0, 0.0, 0.0, 0.0, 0.0, 0.0, 0.0, 0.0, 0.0, 0.0, 0.0, 0.0, 0.0, 0.0, 0.0, 0.0, 0.0, 0.0, 0.0, 0.0, 0.0, 0.0, 0.0, 0.0, 0.0, 0.0, 0.0, 0.0, 0.0, 0.0, 0.0, 0.0, 0.0, 0.0, 0.0, 0.0, 0.0, 0.0, 0.0, 0.0, 0.0, 0.0, 0.0, 0.0, 0.0, 0.0, 0.0, 0.0, 0.0, 0.0, 0.0, 0.0, 0.0, 0.0, 0.0, 0.0, 0.0, 0.0, 0.0, 0.0, 0.0, 0.0, 0.0, 0.0, 1.0, 1.0, 1.0, 0.0, 1.0, 0.0, 0.0, 0.0, 0.3, 0.8557142857133143, 0.009987452124528827, 0.24666666666666667, 0.6314285714282571, 0.01044961620759643, 0.18, 0.5299999999990457, 0.014070197000769613, 0.23333333333333334, 0.451428571428, 0.012912309477694521, 0.22, 0.96714285714222, 0.025085620782504967, 0.23333333333333334, 0.2842857142856, 0.0074602964579709, 0.31333333333333335, 0.40999999999842857, 0.0021366029557734942, 0.28, 0.80571428571384, 0.011746530436334314, 0.29333333333333333, 0.4742857142835429, 0.0014667384877461351, 0.2733333333333333, 0.8914285714284571, 0.03993942263564875, 0.2866666666666667, 0.39999999999934, 0.004882278855274617, 0.32666666666666666, 0.21999999999936, 0.003137499205192424, 0.29333333333333333, 0.75142857142848, 0.005228569277877371, 0.2866666666666667, 0.9057142857138172, 0.004299117769788352, 0.2866666666666667, 0.9399999999995485, 0.004461860398297855, 0.28, 0.99428571428472, 0.0032212707579531243, 0.06666666666666667, 0.8542857142856571, 0.06974606582485014, 0.2733333333333333, 0.47428571428561145, 0.042499642035366055, 0.28, 0.26714285714232, 0.0025964553092095925, 0.20666666666666667, 0.30285714285628573, 0.014715975934143316, 0.3333333333333333, 0.28, 0.001285870193510074, 0.22666666666666666, 0.22999999999999715, 0.0165686355466282, 0.26666666666666666, 0.6185714285691428, 0.0016710137868781653, 0.31333333333333335, 0.14285714285633141, 0.0024380051589110016, 0.2866666666666667, 0.9199999999996, 0.018835831823678845, 0.22, 0.33857142857104283, 0.007538682396080158, 0.16, 0.15999999999984, 0.006997933025898167, 0.3333333333333333, 0.24857142857142858, 0.01826460519761248, 0.2733333333333333, 0.181428571428, 0.0005419131062726566, 0.0, 0.0, 0.0, 0.0, 0.0, 0.0, 0.0, 0.0, 0.0, 0.0, 0.0, 0.0, 0.0, 0.0, 0.0, 0.0, 0.0, 0.0, 0.0, 0.0, 0.0, 0.0, 0.0, 0.0, 0.0, 0.0, 0.0, 0.0, 0.0, 0.0, 0.0, 0.0, 0.0, 0.0, 0.0, 0.0, 0.0, 0.0, 0.0, 0.0, 0.0, 0.0, 0.0, 0.0, 0.0, 0.0, 0.0, 0.0, 0.0, 0.0, 0.0, 0.0, 0.0, 0.0, 0.0, 0.0, 0.0, 0.0, 0.0, 0.0, 0.0, 0.0, 0.0, 0.0, 0.0, 0.0, 0.0, 0.0, 0.0, 0.0, 0.0, 0.0, 0.0, 0.0, 0.0, 0.0, 0.0, 0.0, 0.0, 0.0, 0.0, 0.0, 0.0, 0.0, 0.0, 0.0, 0.0, 0.0, 0.0, 0.0, 0.0, 0.0, 0.0, 0.0, 0.0, 0.0, 0.0, 0.0, 0.0, 0.0, 0.0, 0.0, 0.0, 0.0, 0.0],[0, 0, 0, 0, 0, 0, 0, 0, 0, 0, 0, 0, 0, 0, 0, 0, 0, 0, 0, 0, 0, 0, 0, 0, 0, 0, 0, 0, 0, 0, 0, 0, 0, 0, 0, 0, 0, 0, 0, 0, 0, 0, 0, 0, 0, 0, 0, 0, 0, 0, 0, 0, 0, 0, 0, 0, 0, 0, 0, 0, 0, 0, 0, 0]
[0.0, 0.0, 0.0, 0.0, 0.0, 0.0, 0.0, 0.0, 0.0, 0.0, 0.0, 0.0, 0.0, 0.0, 0.0, 0.0, 0.0, 0.0, 0.0, 0.0, 0.0, 0.0, 0.0, 0.0, 0.0, 0.0, 0.0, 0.0, 0.0, 0.0, 0.0, 0.0, 0.0, 0.0, 0.0, 0.0, 0.0, 0.0, 0.0, 0.0, 0.0, 0.0, 0.0, 0.0, 0.0, 0.0, 0.0, 0.0, 0.0, 0.0, 0.0, 0.0, 0.0, 0.0, 0.0, 0.0, 0.0, 0.0, 0.0, 0.0, 0.0, 0.0, 0.0, 0.0, 0.0, 0.0, 0.0, 0.0, 0.0, 0.0, 0.0, 0.0, 0.0, 0.0, 0.0, 0.0, 0.0, 1.0, 1.0, 1.0, 1.0, 0.0, 0.0, 0.0, 0.0, 0.0, 0.0, 0.0, 0.0, 0.0, 0.0, 0.0, 0.0, 0.0, 0.0, 0.0, 0.0, 0.0, 0.0, 0.0, 0.0, 0.0, 0.0, 0.0, 0.0, 0.0, 0.0, 0.0, 0.0, 0.0, 0.0, 0.0, 0.0, 0.0, 0.0, 0.0, 0.0, 0.0, 0.0, 0.0, 0.0, 0.0, 0.0, 0.0, 0.0, 0.0, 0.0, 0.0, 0.0, 0.0, 0.0, 0.0, 0.0, 0.0, 0.0, 0.0, 0.0, 0.0, 0.0, 0.0, 0.0, 0.0, 1.0, 1.0, 1.0, 0.0, 1.0, 1.0, 1.0, 1.0, 0.3, 0.8557142857133143, 0.009987452124528827, 0.24666666666666667, 0.6314285714282571, 0.01044961620759643, 0.18, 0.5299999999990457, 0.014070197000769613, 0.23333333333333334, 0.451428571428, 0.012912309477694521, 0.22, 0.96714285714222, 0.025085620782504967, 0.23333333333333334, 0.2842857142856, 0.0074602964579709, 0.31333333333333335, 0.40999999999842857, 0.0021366029557734942, 0.28, 0.80571428571384, 0.011746530436334314, 0.29333333333333333, 0.4742857142835429, 0.0014667384877461351, 0.2733333333333333, 0.8914285714284571, 0.03993942263564875, 0.2866666666666667, 0.39999999999934, 0.004882278855274617, 0.32666666666666666, 0.21999999999936, 0.003137499205192424, 0.29333333333333333, 0.75142857142848, 0.005228569277877371, 0.2866666666666667, 0.9057142857138172, 0.004299117769788352, 0.2866666666666667, 0.9399999999995485, 0.004461860398297855, 0.28, 0.99428571428472, 0.0032212707579531243, 0.06666666666666667, 0.8542857142856571, 0.06974606582485014, 0.2733333333333333, 0.47428571428561145, 0.042499642035366055, 0.28, 0.26714285714232, 0.0025964553092095925, 0.20666666666666667, 0.30285714285628573, 0.014715975934143316, 0.3333333333333333, 0.28, 0.001285870193510074, 0.22666666666666666, 0.22999999999999715, 0.0165686355466282, 0.26666666666666666, 0.6185714285691428, 0.0016710137868781653, 0.31333333333333335, 0.14285714285633141, 0.0024380051589110016, 0.2866666666666667, 0.9199999999996, 0.018835831823678845, 0.22, 0.33857142857104283, 0.007538682396080158, 0.16, 0.15999999999984, 0.006997933025898167, 0.3333333333333333, 0.24857142857142858, 0.01826460519761248, 0.2733333333333333, 0.181428571428, 0.0005419131062726566, 0.0, 0.0, 0.0, 0.0, 0.0, 0.0, 0.0, 0.0, 0.0, 0.0, 0.0, 0.0, 0.0, 0.0, 0.0, 0.0, 0.0, 0.0, 0.0, 0.0, 0.0, 0.0, 0.0, 0.0, 0.0, 0.0, 0.0, 0.0, 0.0, 0.0, 0.0, 0.0, 0.0, 0.0, 0.0, 0.0, 0.0, 0.0, 0.0, 0.0, 0.0, 0.0, 0.0, 0.0, 0.0, 0.0, 0.0, 0.0, 0.0, 0.0, 0.0, 0.0, 0.0, 0.0, 0.0, 0.0, 0.0, 0.0, 0.0, 0.0, 0.0, 0.0, 0.0, 0.0, 0.0, 0.0, 0.0, 0.0, 0.0, 0.0, 0.0, 0.0, 0.0, 0.0, 0.0, 0.0, 0.0, 0.0, 0.0, 0.0, 0.0, 0.0, 0.0, 0.0, 0.0, 0.0, 0.0, 0.0, 0.0, 0.0, 0.0, 0.0, 0.0, 0.0, 0.0, 0.0, 0.0, 0.0, 0.0, 0.0, 0.0, 0.0, 0.0, 0.0, 0.0],[0, 0, 0, 0, 0, 0, 0, 0, 0, 0, 0, 0, 0, 0, 0, 0, 1, 0, 0, 0, 0, 0, 0, 0, 0, 0, 0, 0, 0, 0, 0, 0, 0, 0, 0, 0, 0, 0, 0, 0, 0, 0, 0, 0, 0, 0, 0, 0, 0, 0, 0, 0, 0, 0, 0, 0, 0, 0, 0, 0, 0, 0, 0, 0]
[0.0, 0.0, 0.0, 0.0, 0.0, 0.0, 0.0, 0.0, 0.0, 0.0, 0.0, 0.0, 0.0, 0.0, 0.0, 0.0, 0.0, 0.0, 0.0, 0.0, 0.0, 0.0, 0.0, 0.0, 0.0, 0.0, 0.0, 0.0, 0.0, 0.0, 0.0, 0.0, 0.0, 0.0, 0.0, 0.0, 0.0, 0.0, 0.0, 0.0, 0.0, 0.0, 0.0, 0.0, 0.0, 0.0, 0.0, 0.0, 0.0, 0.0, 0.0, 0.0, 0.0, 0.0, 0.0, 0.0, 0.0, 0.0, 0.0, 0.0, 0.0, 0.0, 0.0, 0.0, 0.0, 0.0, 0.0, 0.0, 0.0, 0.0, 0.0, 0.0, 0.0, 0.0, 0.0, 0.0, 0.0, 0.0, 0.0, 0.0, 0.0, 0.0, 0.0, 0.0, 0.0, 0.0, 0.0, 0.0, 0.0, 0.0, 0.0, 0.0, 0.0, 0.0, 0.0, 0.0, 0.0, 0.0, 0.0, 0.0, 0.0, 0.0, 0.0, 0.0, 0.0, 0.0, 0.0, 0.0, 0.0, 0.0, 0.0, 0.0, 0.0, 0.0, 0.0, 0.0, 0.0, 0.0, 0.0, 0.0, 0.0, 0.0, 0.0, 0.0, 0.0, 0.0, 0.0, 0.0, 0.0, 0.0, 0.0, 0.0, 0.0, 0.0, 0.0, 0.0, 0.0, 0.0, 0.0, 0.0, 0.0, 0.0, 0.0, 0.0, 0.0, 0.0, 0.0, 0.0, 0.0, 1.0, 0.3, 0.8557142857133143, 0.009987452124528827, 0.24666666666666667, 0.6314285714282571, 0.01044961620759643, 0.18, 0.5299999999990457, 0.014070197000769613, 0.23333333333333334, 0.451428571428, 0.012912309477694521, 0.22, 0.96714285714222, 0.025085620782504967, 0.23333333333333334, 0.2842857142856, 0.0074602964579709, 0.31333333333333335, 0.40999999999842857, 0.0021366029557734942, 0.28, 0.80571428571384, 0.011746530436334314, 0.29333333333333333, 0.4742857142835429, 0.0014667384877461351, 0.2733333333333333, 0.8914285714284571, 0.03993942263564875, 0.2866666666666667, 0.39999999999934, 0.004882278855274617, 0.32666666666666666, 0.21999999999936, 0.003137499205192424, 0.29333333333333333, 0.75142857142848, 0.005228569277877371, 0.2866666666666667, 0.9057142857138172, 0.004299117769788352, 0.2866666666666667, 0.9399999999995485, 0.004461860398297855, 0.28, 0.99428571428472, 0.0032212707579531243, 0.2733333333333333, 0.47428571428561145, 0.042499642035366055, 0.28, 0.26714285714232, 0.0025964553092095925, 0.20666666666666667, 0.30285714285628573, 0.014715975934143316, 0.3333333333333333, 0.28, 0.001285870193510074, 0.22666666666666666, 0.22999999999999715, 0.0165686355466282, 0.26666666666666666, 0.6185714285691428, 0.0016710137868781653, 0.31333333333333335, 0.14285714285633141, 0.0024380051589110016, 0.2866666666666667, 0.9199999999996, 0.018835831823678845, 0.22, 0.33857142857104283, 0.007538682396080158, 0.16, 0.15999999999984, 0.006997933025898167, 0.3333333333333333, 0.24857142857142858, 0.01826460519761248, 0.2733333333333333, 0.181428571428, 0.0005419131062726566, 0.0, 0.0, 0.0, 0.0, 0.0, 0.0, 0.0, 0.0, 0.0, 0.0, 0.0, 0.0, 0.0, 0.0, 0.0, 0.0, 0.0, 0.0, 0.0, 0.0, 0.0, 0.0, 0.0, 0.0, 0.0, 0.0, 0.0, 0.0, 0.0, 0.0, 0.0, 0.0, 0.0, 0.0, 0.0, 0.0, 0.0, 0.0, 0.0, 0.0, 0.0, 0.0, 0.0, 0.0, 0.0, 0.0, 0.0, 0.0, 0.0, 0.0, 0.0, 0.0, 0.0, 0.0, 0.0, 0.0, 0.0, 0.0, 0.0, 0.0, 0.0, 0.0, 0.0, 0.0, 0.0, 0.0, 0.0, 0.0, 0.0, 0.0, 0.0, 0.0, 0.0, 0.0, 0.0, 0.0, 0.0, 0.0, 0.0, 0.0, 0.0, 0.0, 0.0, 0.0, 0.0, 0.0, 0.0, 0.0, 0.0, 0.0, 0.0, 0.0, 0.0, 0.0, 0.0, 0.0, 0.0, 0.0, 0.0, 0.0, 0.0, 0.0, 0.0, 0.0, 0.0, 0.0, 0.0, 0.0],[0, 0, 0, 0, 0, 0, 0, 0, 0, 0, 0, 0, 0, 0, 0, 0, 0, 0, 0, 0, 0, 0, 0, 0, 0, 0, 0, 0, 0, 0, 0, 0, 0, 0, 0, 0, 0, 0, 0, 0, 0, 0, 0, 0, 0, 0, 0, 0, 0, 0, 0, 0, 0, 0, 0, 0, 0, 0, 0, 0, 0, 0, 0, 0]
[0.0, 0.0, 0.0, 0.0, 0.0, 0.0, 0.0, 0.0, 0.0, 0.0, 0.0, 0.0, 0.0, 0.0, 0.0, 0.0, 0.0, 0.0, 0.0, 0.0, 0.0, 0.0, 0.0, 0.0, 0.0, 0.0, 0.0, 0.0, 0.0, 0.0, 0.0, 0.0, 0.0, 0.0, 0.0, 0.0, 0.0, 0.0, 0.0, 0.0, 0.0, 0.0, 0.0, 0.0, 0.0, 0.0, 0.0, 0.0, 0.0, 0.0, 0.0, 0.0, 0.0, 0.0, 0.0, 0.0, 0.0, 0.0, 0.0, 0.0, 0.0, 0.0, 0.0, 0.0, 0.0, 0.0, 0.0, 0.0, 0.0, 0.0, 0.0, 0.0, 0.0, 0.0, 0.0, 0.0, 0.0, 0.0, 0.0, 0.0, 0.0, 0.0, 0.0, 0.0, 0.0, 0.0, 0.0, 1.0, 1.0, 1.0, 1.0, 1.0, 1.0, 1.0, 1.0, 1.0, 1.0, 1.0, 1.0, 1.0, 1.0, 1.0, 0.0, 0.0, 0.0, 1.0, 1.0, 1.0, 1.0, 1.0, 1.0, 1.0, 1.0, 1.0, 1.0, 1.0, 1.0, 1.0, 1.0, 1.0, 1.0, 1.0, 1.0, 0.0, 0.0, 1.0, 1.0, 1.0, 1.0, 0.0, 0.0, 0.0, 0.0, 0.0, 0.0, 0.0, 0.0, 0.0, 0.0, 0.0, 0.0, 0.0, 0.0, 0.0, 0.0, 0.0, 0.0, 0.0, 0.0, 1.0, 0.3, 0.8557142857133143, 0.009987452124528827, 0.24666666666666667, 0.3857142857142171, 0.008152331831358557, 0.24666666666666667, 0.6314285714282571, 0.01044961620759643, 0.18, 0.5299999999990457, 0.014070197000769613, 0.23333333333333334, 0.451428571428, 0.012912309477694521, 0.22, 0.96714285714222, 0.025085620782504967, 0.23333333333333334, 0.2842857142856, 0.0074602964579709, 0.31333333333333335, 0.40999999999842857, 0.0021366029557734942, 0.28, 0.80571428571384, 0.011746530436334314, 0.29333333333333333, 0.4742857142835429, 0.0014667384877461351, 0.2733333333333333, 0.8914285714284571, 0.03993942263564875, 0.2866666666666667, 0.39999999999934, 0.004882278855274617, 0.32666666666666666, 0.21999999999936, 0.003137499205192424, 0.29333333333333333, 0.75142857142848, 0.005228569277877371, 0.2866666666666667, 0.9057142857138172, 0.004299117769788352, 0.2866666666666667, 0.9399999999995485, 0.004461860398297855, 0.28, 0.99428571428472, 0.0032212707579531243, 0.2733333333333333, 0.47428571428561145, 0.042499642035366055, 0.28, 0.26714285714232, 0.0025964553092095925, 0.20666666666666667, 0.30285714285628573, 0.014715975934143316, 0.3333333333333333, 0.28, 0.001285870193510074, 0.22666666666666666, 0.22999999999999715, 0.0165686355466282, 0.26666666666666666, 0.6185714285691428, 0.0016710137868781653, 0.31333333333333335, 0.14285714285633141, 0.0024380051589110016, 0.2866666666666667, 0.9199999999996, 0.018835831823678845, 0.22, 0.33857142857104283, 0.007538682396080158, 0.16, 0.15999999999984, 0.006997933025898167, 0.3333333333333333, 0.24857142857142858, 0.01826460519761248, 0.2733333333333333, 0.181428571428, 0.0005419131062726566, 0.0, 0.0, 0.0, 0.0, 0.0, 0.0, 0.0, 0.0, 0.0, 0.0, 0.0, 0.0, 0.0, 0.0, 0.0, 0.0, 0.0, 0.0, 0.0, 0.0, 0.0, 0.0, 0.0, 0.0, 0.0, 0.0, 0.0, 0.0, 0.0, 0.0, 0.0, 0.0, 0.0, 0.0, 0.0, 0.0, 0.0, 0.0, 0.0, 0.0, 0.0, 0.0, 0.0, 0.0, 0.0, 0.0, 0.0, 0.0, 0.0, 0.0, 0.0, 0.0, 0.0, 0.0, 0.0, 0.0, 0.0, 0.0, 0.0, 0.0, 0.0, 0.0, 0.0, 0.0, 0.0, 0.0, 0.0, 0.0, 0.0, 0.0, 0.0, 0.0, 0.0, 0.0, 0.0, 0.0, 0.0, 0.0, 0.0, 0.0, 0.0, 0.0, 0.0, 0.0, 0.0, 0.0, 0.0, 0.0, 0.0, 0.0, 0.0, 0.0, 0.0, 0.0, 0.0, 0.0, 0.0, 0.0, 0.0, 0.0, 0.0, 0.0, 0.0, 0.0, 0.0],[0, 1, 0, 0, 0, 0, 0, 0, 0, 0, 0, 0, 0, 0, 0, 0, 0, 0, 0, 0, 0, 0, 0, 0, 0, 0, 0, 0, 0, 0, 0, 0, 0, 0, 0, 0, 0, 0, 0, 0, 0, 0, 0, 0, 0, 0, 0, 0, 0, 0, 0, 0, 0, 0, 0, 0, 0, 0, 0, 0, 0, 0, 0, 0]
[0.0, 0.0, 0.0, 0.0, 0.0, 0.0, 0.0, 0.0, 0.0, 0.0, 0.0, 0.0, 0.0, 0.0, 0.0, 0.0, 0.0, 0.0, 0.0, 0.0, 0.0, 0.0, 0.0, 0.0, 0.0, 0.0, 0.0, 0.0, 0.0, 0.0, 0.0, 0.0, 0.0, 0.0, 0.0, 0.0, 0.0, 0.0, 0.0, 0.0, 0.0, 0.0, 0.0, 0.0, 0.0, 0.0, 0.0, 0.0, 0.0, 0.0, 0.0, 0.0, 0.0, 0.0, 0.0, 0.0, 0.0, 0.0, 0.0, 0.0, 0.0, 0.0, 0.0, 0.0, 0.0, 0.0, 0.0, 0.0, 0.0, 0.0, 0.0, 0.0, 0.0, 0.0, 0.0, 0.0, 0.0, 0.0, 0.0, 0.0, 0.0, 0.0, 0.0, 0.0, 0.0, 0.0, 0.0, 0.0, 0.0, 0.0, 0.0, 0.0, 0.0, 0.0, 0.0, 0.0, 0.0, 0.0, 0.0, 0.0, 0.0, 0.0, 0.0, 0.0, 0.0, 0.0, 0.0, 0.0, 0.0, 0.0, 0.0, 0.0, 0.0, 0.0, 0.0, 0.0, 0.0, 0.0, 0.0, 0.0, 0.0, 0.0, 0.0, 0.0, 0.0, 0.0, 0.0, 0.0, 0.0, 0.0, 0.0, 0.0, 0.0, 0.0, 0.0, 0.0, 0.0, 0.0, 0.0, 0.0, 0.0, 0.0, 0.0, 0.0, 0.0, 0.0, 0.0, 0.0, 0.0, 1.0, 0.3, 0.8557142857133143, 0.009987452124528827, 0.24666666666666667, 0.6314285714282571, 0.01044961620759643, 0.18, 0.5299999999990457, 0.014070197000769613, 0.23333333333333334, 0.451428571428, 0.012912309477694521, 0.22, 0.96714285714222, 0.025085620782504967, 0.23333333333333334, 0.2842857142856, 0.0074602964579709, 0.31333333333333335, 0.40999999999842857, 0.0021366029557734942, 0.28, 0.80571428571384, 0.011746530436334314, 0.29333333333333333, 0.4742857142835429, 0.0014667384877461351, 0.2733333333333333, 0.8914285714284571, 0.03993942263564875, 0.2866666666666667, 0.39999999999934, 0.004882278855274617, 0.32666666666666666, 0.21999999999936, 0.003137499205192424, 0.29333333333333333, 0.75142857142848, 0.005228569277877371, 0.2866666666666667, 0.9057142857138172, 0.004299117769788352, 0.2866666666666667, 0.9399999999995485, 0.004461860398297855, 0.28, 0.99428571428472, 0.0032212707579531243, 0.2733333333333333, 0.47428571428561145, 0.042499642035366055, 0.28, 0.26714285714232, 0.0025964553092095925, 0.20666666666666667, 0.30285714285628573, 0.014715975934143316, 0.3333333333333333, 0.28, 0.001285870193510074, 0.22666666666666666, 0.22999999999999715, 0.0165686355466282, 0.26666666666666666, 0.6185714285691428, 0.0016710137868781653, 0.31333333333333335, 0.14285714285633141, 0.0024380051589110016, 0.2866666666666667, 0.9199999999996, 0.018835831823678845, 0.22, 0.33857142857104283, 0.007538682396080158, 0.16, 0.15999999999984, 0.006997933025898167, 0.3333333333333333, 0.24857142857142858, 0.01826460519761248, 0.2733333333333333, 0.181428571428, 0.0005419131062726566, 0.0, 0.0, 0.0, 0.0, 0.0, 0.0, 0.0, 0.0, 0.0, 0.0, 0.0, 0.0, 0.0, 0.0, 0.0, 0.0, 0.0, 0.0, 0.0, 0.0, 0.0, 0.0, 0.0, 0.0, 0.0, 0.0, 0.0, 0.0, 0.0, 0.0, 0.0, 0.0, 0.0, 0.0, 0.0, 0.0, 0.0, 0.0, 0.0, 0.0, 0.0, 0.0, 0.0, 0.0, 0.0, 0.0, 0.0, 0.0, 0.0, 0.0, 0.0, 0.0, 0.0, 0.0, 0.0, 0.0, 0.0, 0.0, 0.0, 0.0, 0.0, 0.0, 0.0, 0.0, 0.0, 0.0, 0.0, 0.0, 0.0, 0.0, 0.0, 0.0, 0.0, 0.0, 0.0, 0.0, 0.0, 0.0, 0.0, 0.0, 0.0, 0.0, 0.0, 0.0, 0.0, 0.0, 0.0, 0.0, 0.0, 0.0, 0.0, 0.0, 0.0, 0.0, 0.0, 0.0, 0.0, 0.0, 0.0, 0.0, 0.0, 0.0, 0.0, 0.0, 0.0, 0.0, 0.0, 0.0],[0, 0, 0, 0, 0, 0, 0, 0, 0, 0, 0, 0, 0, 0, 0, 0, 0, 0, 0, 0, 0, 0, 0, 0, 0, 0, 0, 0, 0, 0, 0, 0, 0, 0, 0, 0, 0, 0, 0, 0, 0, 0, 0, 0, 0, 0, 0, 0, 0, 0, 0, 0, 0, 0, 0, 0, 0, 0, 0, 0, 0, 0, 0, 0]
[0.0, 0.0, 0.0, 0.0, 0.0, 0.0, 0.0, 0.0, 0.0, 0.0, 0.0, 0.0, 0.0, 0.0, 0.0, 0.0, 0.0, 0.0, 0.0, 0.0, 0.0, 1.0, 0.0, 0.0, 1.0, 1.0, 1.0, 1.0, 0.0, 0.0, 0.0, 1.0, 0.0, 0.0, 0.0, 0.0, 0.0, 0.0, 0.0, 0.0, 0.0, 0.0, 0.0, 0.0, 0.0, 0.0, 0.0, 0.0, 0.0, 0.0, 0.0, 0.0, 0.0, 0.0, 0.0, 0.0, 1.0, 1.0, 1.0, 1.0, 0.0, 0.0, 0.0, 0.0, 0.0, 0.0, 1.0, 1.0, 1.0, 1.0, 0.0, 1.0, 0.0, 0.0, 0.0, 0.0, 0.0, 0.0, 0.0, 0.0, 0.0, 0.0, 0.0, 0.0, 0.0, 0.0, 0.0, 0.0, 0.0, 0.0, 0.0, 0.0, 0.0, 0.0, 0.0, 0.0, 0.0, 0.0, 0.0, 0.0, 0.0, 0.0, 0.0, 0.0, 0.0, 0.0, 0.0, 0.0, 0.0, 0.0, 0.0, 0.0, 0.0, 0.0, 0.0, 0.0, 0.0, 0.0, 0.0, 0.0, 0.0, 0.0, 0.0, 0.0, 0.0, 0.0, 0.0, 0.0, 0.0, 0.0, 0.0, 0.0, 0.0, 0.0, 0.0, 0.0, 0.0, 1.0, 1.0, 1.0, 0.0, 1.0, 0.0, 0.0, 0.0, 0.0, 0.0, 0.0, 0.0, 1.0, 0.3, 0.8557142857133143, 0.009987452124528827, 0.24666666666666667, 0.6314285714282571, 0.01044961620759643, 0.18, 0.5299999999990457, 0.014070197000769613, 0.23333333333333334, 0.451428571428, 0.012912309477694521, 0.22, 0.96714285714222, 0.025085620782504967, 0.23333333333333334, 0.2842857142856, 0.0074602964579709, 0.31333333333333335, 0.40999999999842857, 0.0021366029557734942, 0.28, 0.80571428571384, 0.011746530436334314, 0.29333333333333333, 0.4742857142835429, 0.0014667384877461351, 0.2733333333333333, 0.8914285714284571, 0.03993942263564875, 0.2866666666666667, 0.39999999999934, 0.004882278855274617, 0.32666666666666666, 0.21999999999936, 0.003137499205192424, 0.29333333333333333, 0.75142857142848, 0.005228569277877371, 0.2866666666666667, 0.9057142857138172, 0.004299117769788352, 0.2866666666666667, 0.9399999999995485, 0.004461860398297855, 0.28, 0.99428571428472, 0.0032212707579531243, 0.2733333333333333, 0.47428571428561145, 0.042499642035366055, 0.28, 0.26714285714232, 0.0025964553092095925, 0.20666666666666667, 0.30285714285628573, 0.014715975934143316, 0.3333333333333333, 0.28, 0.001285870193510074, 0.22666666666666666, 0.22999999999999715, 0.0165686355466282, 0.26666666666666666, 0.6185714285691428, 0.0016710137868781653, 0.31333333333333335, 0.14285714285633141, 0.0024380051589110016, 0.2866666666666667, 0.9199999999996, 0.018835831823678845, 0.22, 0.33857142857104283, 0.007538682396080158, 0.16, 0.15999999999984, 0.006997933025898167, 0.3333333333333333, 0.24857142857142858, 0.01826460519761248, 0.2733333333333333, 0.181428571428, 0.0005419131062726566, 0.0, 0.0, 0.0, 0.0, 0.0, 0.0, 0.0, 0.0, 0.0, 0.0, 0.0, 0.0, 0.0, 0.0, 0.0, 0.0, 0.0, 0.0, 0.0, 0.0, 0.0, 0.0, 0.0, 0.0, 0.0, 0.0, 0.0, 0.0, 0.0, 0.0, 0.0, 0.0, 0.0, 0.0, 0.0, 0.0, 0.0, 0.0, 0.0, 0.0, 0.0, 0.0, 0.0, 0.0, 0.0, 0.0, 0.0, 0.0, 0.0, 0.0, 0.0, 0.0, 0.0, 0.0, 0.0, 0.0, 0.0, 0.0, 0.0, 0.0, 0.0, 0.0, 0.0, 0.0, 0.0, 0.0, 0.0, 0.0, 0.0, 0.0, 0.0, 0.0, 0.0, 0.0, 0.0, 0.0, 0.0, 0.0, 0.0, 0.0, 0.0, 0.0, 0.0, 0.0, 0.0, 0.0, 0.0, 0.0, 0.0, 0.0, 0.0, 0.0, 0.0, 0.0, 0.0, 0.0, 0.0, 0.0, 0.0, 0.0, 0.0, 0.0, 0.0, 0.0, 0.0, 0.0, 0.0, 0.0],[0, 0, 0, 0, 0, 0, 0, 0, 0, 0, 0, 0, 0, 0, 0, 0, 0, 0, 0, 0, 0, 0, 0, 0, 0, 0, 0, 0, 0, 0, 0, 0, 0, 0, 0, 0, 0, 0, 0, 0, 0, 0, 0, 0, 0, 0, 0, 0, 0, 0, 0, 0, 0, 0, 0, 0, 0, 0, 0, 0, 0, 0, 0, 0]
[0.0, 0.0, 0.0, 0.0, 0.0, 0.0, 0.0, 1.0, 1.0, 1.0, 1.0, 1.0, 1.0, 1.0, 1.0, 1.0, 1.0, 1.0, 1.0, 1.0, 1.0, 1.0, 1.0, 1.0, 1.0, 1.0, 1.0, 1.0, 1.0, 1.0, 1.0, 1.0, 1.0, 1.0, 1.0, 1.0, 0.0, 0.0, 0.0, 0.0, 0.0, 1.0, 1.0, 1.0, 1.0, 1.0, 1.0, 1.0, 1.0, 1.0, 1.0, 1.0, 1.0, 1.0, 1.0, 0.0, 1.0, 1.0, 1.0, 1.0, 0.0, 0.0, 0.0, 0.0, 0.0, 0.0, 1.0, 1.0, 1.0, 1.0, 0.0, 1.0, 0.0, 0.0, 0.0, 0.0, 0.0, 0.0, 0.0, 0.0, 0.0, 0.0, 0.0, 0.0, 0.0, 0.0, 0.0, 0.0, 0.0, 0.0, 0.0, 0.0, 0.0, 0.0, 0.0, 0.0, 0.0, 0.0, 0.0, 0.0, 0.0, 0.0, 0.0, 0.0, 0.0, 0.0, 0.0, 0.0, 0.0, 0.0, 0.0, 0.0, 0.0, 0.0, 0.0, 0.0, 0.0, 0.0, 0.0, 0.0, 0.0, 0.0, 0.0, 0.0, 0.0, 0.0, 0.0, 0.0, 0.0, 0.0, 0.0, 0.0, 0.0, 0.0, 0.0, 0.0, 0.0, 1.0, 1.0, 1.0, 0.0, 1.0, 0.0, 0.0, 0.0, 0.0, 0.0, 0.0, 0.0, 1.0, 0.3, 0.8557142857133143, 0.009987452124528827, 0.24666666666666667, 0.6314285714282571, 0.01044961620759643, 0.18, 0.5299999999990457, 0.014070197000769613, 0.23333333333333334, 0.451428571428, 0.012912309477694521, 0.22, 0.96714285714222, 0.025085620782504967, 0.23333333333333334, 0.2842857142856, 0.0074602964579709, 0.31333333333333335, 0.40999999999842857, 0.0021366029557734942, 0.28, 0.80571428571384, 0.011746530436334314, 0.29333333333333333, 0.4742857142835429, 0.0014667384877461351, 0.2733333333333333, 0.8914285714284571, 0.03993942263564875, 0.2866666666666667, 0.39999999999934, 0.004882278855274617, 0.32666666666666666, 0.21999999999936, 0.003137499205192424, 0.29333333333333333, 0.75142857142848, 0.005228569277877371, 0.2866666666666667, 0.9057142857138172, 0.004299117769788352, 0.2866666666666667, 0.9399999999995485, 0.004461860398297855, 0.28, 0.99428571428472, 0.0032212707579531243, 0.2733333333333333, 0.47428571428561145, 0.042499642035366055, 0.28, 0.26714285714232, 0.0025964553092095925, 0.20666666666666667, 0.30285714285628573, 0.014715975934143316, 0.3333333333333333, 0.28, 0.001285870193510074, 0.22666666666666666, 0.22999999999999715, 0.0165686355466282, 0.26666666666666666, 0.6185714285691428, 0.0016710137868781653, 0.31333333333333335, 0.14285714285633141, 0.0024380051589110016, 0.2866666666666667, 0.9199999999996, 0.018835831823678845, 0.22, 0.33857142857104283, 0.007538682396080158, 0.16, 0.15999999999984, 0.006997933025898167, 0.3333333333333333, 0.24857142857142858, 0.01826460519761248, 0.2733333333333333, 0.181428571428, 0.0005419131062726566, 0.0, 0.0, 0.0, 0.0, 0.0, 0.0, 0.0, 0.0, 0.0, 0.0, 0.0, 0.0, 0.0, 0.0, 0.0, 0.0, 0.0, 0.0, 0.0, 0.0, 0.0, 0.0, 0.0, 0.0, 0.0, 0.0, 0.0, 0.0, 0.0, 0.0, 0.0, 0.0, 0.0, 0.0, 0.0, 0.0, 0.0, 0.0, 0.0, 0.0, 0.0, 0.0, 0.0, 0.0, 0.0, 0.0, 0.0, 0.0, 0.0, 0.0, 0.0, 0.0, 0.0, 0.0, 0.0, 0.0, 0.0, 0.0, 0.0, 0.0, 0.0, 0.0, 0.0, 0.0, 0.0, 0.0, 0.0, 0.0, 0.0, 0.0, 0.0, 0.0, 0.0, 0.0, 0.0, 0.0, 0.0, 0.0, 0.0, 0.0, 0.0, 0.0, 0.0, 0.0, 0.0, 0.0, 0.0, 0.0, 0.0, 0.0, 0.0, 0.0, 0.0, 0.0, 0.0, 0.0, 0.0, 0.0, 0.0, 0.0, 0.0, 0.0, 0.0, 0.0, 0.0, 0.0, 0.0, 0.0],[1, 0, 0, 0, 0, 0, 0, 0, 0, 0, 0, 0, 0, 0, 0, 0, 0, 0, 0, 0, 0, 0, 0, 0, 0, 0, 0, 0, 0, 0, 0, 0, 0, 0, 0, 0, 0, 0, 0, 0, 0, 0, 0, 0, 0, 0, 0, 0, 0, 0, 0, 0, 0, 0, 0, 0, 0, 0, 0, 0, 0, 0, 0, 0]
[0.0, 0.0, 0.0, 0.0, 0.0, 0.0, 0.0, 0.0, 0.0, 0.0, 0.0, 0.0, 0.0, 0.0, 0.0, 0.0, 0.0, 0.0, 0.0, 0.0, 0.0, 0.0, 0.0, 0.0, 0.0, 0.0, 0.0, 0.0, 0.0, 0.0, 0.0, 0.0, 0.0, 0.0, 0.0, 0.0, 0.0, 0.0, 0.0, 0.0, 0.0, 0.0, 0.0, 0.0, 0.0, 0.0, 0.0, 0.0, 0.0, 0.0, 0.0, 0.0, 0.0, 0.0, 0.0, 0.0, 0.0, 0.0, 1.0, 1.0, 0.0, 0.0, 0.0, 0.0, 0.0, 0.0, 1.0, 1.0, 1.0, 1.0, 0.0, 1.0, 0.0, 0.0, 0.0, 0.0, 0.0, 0.0, 0.0, 0.0, 0.0, 0.0, 0.0, 0.0, 0.0, 0.0, 0.0, 0.0, 0.0, 0.0, 0.0, 0.0, 0.0, 0.0, 0.0, 0.0, 0.0, 0.0, 0.0, 0.0, 0.0, 0.0, 0.0, 0.0, 0.0, 0.0, 0.0, 0.0, 0.0, 0.0, 0.0, 0.0, 0.0, 0.0, 0.0, 0.0, 0.0, 0.0, 0.0, 0.0, 0.0, 0.0, 0.0, 0.0, 0.0, 0.0, 0.0, 0.0, 0.0, 0.0, 0.0, 0.0, 0.0, 0.0, 0.0, 0.0, 0.0, 1.0, 1.0, 1.0, 0.0, 1.0, 0.0, 0.0, 0.0, 0.0, 0.0, 0.0, 0.0, 1.0, 0.24666666666666667, 0.6314285714282571, 0.01044961620759643, 0.18, 0.5299999999990457, 0.014070197000769613, 0.23333333333333334, 0.451428571428, 0.012912309477694521, 0.22, 0.96714285714222, 0.025085620782504967, 0.23333333333333334, 0.2842857142856, 0.0074602964579709, 0.31333333333333335, 0.40999999999842857, 0.0021366029557734942, 0.28, 0.80571428571384, 0.011746530436334314, 0.29333333333333333, 0.4742857142835429, 0.0014667384877461351, 0.2733333333333333, 0.8914285714284571, 0.03993942263564875, 0.2866666666666667, 0.39999999999934, 0.004882278855274617, 0.32666666666666666, 0.21999999999936, 0.003137499205192424, 0.29333333333333333, 0.75142857142848, 0.005228569277877371, 0.2866666666666667, 0.9057142857138172, 0.004299117769788352, 0.2866666666666667, 0.9399999999995485, 0.004461860398297855, 0.28, 0.99428571428472, 0.0032212707579531243, 0.2733333333333333, 0.47428571428561145, 0.042499642035366055, 0.28, 0.26714285714232, 0.0025964553092095925, 0.20666666666666667, 0.30285714285628573, 0.014715975934143316, 0.3333333333333333, 0.28, 0.001285870193510074, 0.22666666666666666, 0.22999999999999715, 0.0165686355466282, 0.26666666666666666, 0.6185714285691428, 0.0016710137868781653, 0.31333333333333335, 0.14285714285633141, 0.0024380051589110016, 0.2866666666666667, 0.9199999999996, 0.018835831823678845, 0.22, 0.33857142857104283, 0.007538682396080158, 0.16, 0.15999999999984, 0.006997933025898167, 0.3333333333333333, 0.24857142857142858, 0.01826460519761248, 0.2733333333333333, 0.181428571428, 0.0005419131062726566, 0.0, 0.0, 0.0, 0.0, 0.0, 0.0, 0.0, 0.0, 0.0, 0.0, 0.0, 0.0, 0.0, 0.0, 0.0, 0.0, 0.0, 0.0, 0.0, 0.0, 0.0, 0.0, 0.0, 0.0, 0.0, 0.0, 0.0, 0.0, 0.0, 0.0, 0.0, 0.0, 0.0, 0.0, 0.0, 0.0, 0.0, 0.0, 0.0, 0.0, 0.0, 0.0, 0.0, 0.0, 0.0, 0.0, 0.0, 0.0, 0.0, 0.0, 0.0, 0.0, 0.0, 0.0, 0.0, 0.0, 0.0, 0.0, 0.0, 0.0, 0.0, 0.0, 0.0, 0.0, 0.0, 0.0, 0.0, 0.0, 0.0, 0.0, 0.0, 0.0, 0.0, 0.0, 0.0, 0.0, 0.0, 0.0, 0.0, 0.0, 0.0, 0.0, 0.0, 0.0, 0.0, 0.0, 0.0, 0.0, 0.0, 0.0, 0.0, 0.0, 0.0, 0.0, 0.0, 0.0, 0.0, 0.0, 0.0, 0.0, 0.0, 0.0, 0.0, 0.0, 0.0, 0.0, 0.0, 0.0, 0.0, 0.0, 0.0],[0, 0, 0, 0, 0, 0, 0, 0, 0, 0, 0, 0, 0, 0, 0, 0, 0, 0, 0, 0, 0, 0, 0, 0, 0, 0, 0, 0, 0, 0, 0, 0, 0, 0, 0, 0, 0, 0, 0, 0, 0, 0, 0, 0, 0, 0, 0, 0, 0, 0, 0, 0, 0, 0, 0, 0, 0, 0, 0, 0, 0, 0, 0, 0]
[0.0, 0.0, 0.0, 0.0, 0.0, 0.0, 0.0, 0.0, 0.0, 0.0, 0.0, 0.0, 0.0, 0.0, 0.0, 0.0, 0.0, 0.0, 0.0, 0.0, 0.0, 0.0, 0.0, 0.0, 0.0, 0.0, 0.0, 0.0, 0.0, 0.0, 0.0, 0.0, 0.0, 0.0, 0.0, 0.0, 0.0, 0.0, 0.0, 0.0, 0.0, 0.0, 0.0, 0.0, 0.0, 0.0, 0.0, 0.0, 0.0, 0.0, 0.0, 0.0, 0.0, 0.0, 0.0, 0.0, 0.0, 0.0, 1.0, 1.0, 0.0, 0.0, 0.0, 0.0, 0.0, 0.0, 1.0, 1.0, 1.0, 1.0, 0.0, 1.0, 0.0, 0.0, 0.0, 0.0, 0.0, 0.0, 0.0, 0.0, 0.0, 0.0, 0.0, 0.0, 0.0, 0.0, 0.0, 1.0, 1.0, 1.0, 1.0, 1.0, 1.0, 1.0, 1.0, 1.0, 1.0, 1.0, 1.0, 1.0, 1.0, 1.0, 0.0, 0.0, 0.0, 1.0, 1.0, 1.0, 1.0, 1.0, 1.0, 1.0, 1.0, 1.0, 1.0, 1.0, 1.0, 1.0, 1.0, 1.0, 1.0, 1.0, 1.0, 0.0, 0.0, 1.0, 1.0, 1.0, 1.0, 0.0, 0.0, 0.0, 0.0, 0.0, 0.0, 0.0, 0.0, 1.0, 1.0, 1.0, 0.0, 1.0, 0.0, 0.0, 0.0, 0.0, 0.0, 0.0, 0.0, 1.0, 0.2733333333333333, 0.4014285714284914, 0.008845410558920175, 0.24666666666666667, 0.6314285714282571, 0.01044961620759643, 0.18, 0.5299999999990457, 0.014070197000769613, 0.23333333333333334, 0.451428571428, 0.012912309477694521, 0.22, 0.96714285714222, 0.025085620782504967, 0.23333333333333334, 0.2842857142856, 0.0074602964579709, 0.31333333333333335, 0.40999999999842857, 0.0021366029557734942, 0.28, 0.80571428571384, 0.011746530436334314, 0.29333333333333333, 0.4742857142835429, 0.0014667384877461351, 0.2733333333333333, 0.8914285714284571, 0.03993942263564875, 0.2866666666666667, 0.39999999999934, 0.004882278855274617, 0.32666666666666666, 0.21999999999936, 0.003137499205192424, 0.29333333333333333, 0.75142857142848, 0.005228569277877371, 0.2866666666666667, 0.9057142857138172, 0.004299117769788352, 0.2866666666666667, 0.9399999999995485, 0.004461860398297855, 0.28, 0.99428571428472, 0.0032212707579531243, 0.2733333333333333, 0.47428571428561145, 0.042499642035366055, 0.28, 0.26714285714232, 0.0025964553092095925, 0.20666666666666667, 0.30285714285628573, 0.014715975934143316, 0.3333333333333333, 0.28, 0.001285870193510074, 0.22666666666666666, 0.22999999999999715, 0.0165686355466282, 0.26666666666666666, 0.6185714285691428, 0.0016710137868781653, 0.31333333333333335, 0.14285714285633141, 0.0024380051589110016, 0.2866666666666667, 0.9199999999996, 0.018835831823678845, 0.22, 0.33857142857104283, 0.007538682396080158, 0.16, 0.15999999999984, 0.006997933025898167, 0.3333333333333333, 0.24857142857142858, 0.01826460519761248, 0.2733333333333333, 0.181428571428, 0.0005419131062726566, 0.0, 0.0, 0.0, 0.0, 0.0, 0.0, 0.0, 0.0, 0.0, 0.0, 0.0, 0.0, 0.0, 0.0, 0.0, 0.0, 0.0, 0.0, 0.0, 0.0, 0.0, 0.0, 0.0, 0.0, 0.0, 0.0, 0.0, 0.0, 0.0, 0.0, 0.0, 0.0, 0.0, 0.0, 0.0, 0.0, 0.0, 0.0, 0.0, 0.0, 0.0, 0.0, 0.0, 0.0, 0.0, 0.0, 0.0, 0.0, 0.0, 0.0, 0.0, 0.0, 0.0, 0.0, 0.0, 0.0, 0.0, 0.0, 0.0, 0.0, 0.0, 0.0, 0.0, 0.0, 0.0, 0.0, 0.0, 0.0, 0.0, 0.0, 0.0, 0.0, 0.0, 0.0, 0.0, 0.0, 0.0, 0.0, 0.0, 0.0, 0.0, 0.0, 0.0, 0.0, 0.0, 0.0, 0.0, 0.0, 0.0, 0.0, 0.0, 0.0, 0.0, 0.0, 0.0, 0.0, 0.0, 0.0, 0.0, 0.0, 0.0, 0.0, 0.0, 0.0, 0.0, 0.0, 0.0, 0.0],[1, 0, 0, 0, 0, 0, 0, 0, 0, 0, 0, 0, 0, 0, 0, 0, 0, 0, 0, 0, 0, 0, 0, 0, 0, 0, 0, 0, 0, 0, 0, 0, 0, 0, 0, 0, 0, 0, 0, 0, 0, 0, 0, 0, 0, 0, 0, 0, 0, 0, 0, 0, 0, 0, 0, 0, 0, 0, 0, 0, 0, 0, 0, 0]
[0.0, 0.0, 0.0, 0.0, 0.0, 0.0, 0.0, 0.0, 0.0, 0.0, 0.0, 0.0, 0.0, 0.0, 0.0, 0.0, 0.0, 0.0, 0.0, 0.0, 0.0, 0.0, 0.0, 0.0, 0.0, 0.0, 0.0, 0.0, 0.0, 0.0, 0.0, 0.0, 0.0, 0.0, 0.0, 0.0, 0.0, 0.0, 0.0, 0.0, 0.0, 0.0, 0.0, 0.0, 0.0, 0.0, 0.0, 0.0, 0.0, 0.0, 0.0, 0.0, 0.0, 0.0, 0.0, 0.0, 0.0, 0.0, 0.0, 0.0, 0.0, 0.0, 0.0, 0.0, 0.0, 0.0, 0.0, 0.0, 0.0, 0.0, 0.0, 0.0, 0.0, 0.0, 0.0, 0.0, 0.0, 0.0, 0.0, 0.0, 0.0, 0.0, 0.0, 0.0, 0.0, 0.0, 0.0, 0.0, 0.0, 0.0, 0.0, 0.0, 0.0, 0.0, 0.0, 0.0, 0.0, 0.0, 0.0, 0.0, 0.0, 0.0, 0.0, 0.0, 0.0, 0.0, 0.0, 0.0, 0.0, 0.0, 0.0, 0.0, 0.0, 0.0, 0.0, 0.0, 0.0, 0.0, 0.0, 0.0, 0.0, 0.0, 0.0, 0.0, 0.0, 0.0, 1.0, 1.0, 1.0, 0.0, 0.0, 0.0, 0.0, 0.0, 0.0, 0.0, 0.0, 1.0, 1.0, 1.0, 0.0, 1.0, 0.0, 0.0, 0.0, 0.0, 0.0, 0.0, 0.0, 1.0, 0.24666666666666667, 0.6314285714282571, 0.01044961620759643, 0.18, 0.5299999999990457, 0.014070197000769613, 0.23333333333333334, 0.451428571428, 0.012912309477694521, 0.22, 0.96714285714222, 0.025085620782504967, 0.23333333333333334, 0.2842857142856, 0.0074602964579709, 0.31333333333333335, 0.40999999999842857, 0.0021366029557734942, 0.28, 0.80571428571384, 0.011746530436334314, 0.29333333333333333, 0.4742857142835429, 0.0014667384877461351, 0.2733333333333333, 0.8914285714284571, 0.03993942263564875, 0.2866666666666667, 0.39999999999934, 0.004882278855274617, 0.32666666666666666, 0.21999999999936, 0.003137499205192424, 0.29333333333333333, 0.75142857142848, 0.005228569277877371, 0.2866666666666667, 0.9057142857138172, 0.004299117769788352, 0.2866666666666667, 0.9399999999995485, 0.004461860398297855, 0.28, 0.99428571428472, 0.0032212707579531243, 0.2733333333333333, 0.47428571428561145, 0.042499642035366055, 0.28, 0.26714285714232, 0.0025964553092095925, 0.20666666666666667, 0.30285714285628573, 0.014715975934143316, 0.3333333333333333, 0.28, 0.001285870193510074, 0.22666666666666666, 0.22999999999999715, 0.0165686355466282, 0.26666666666666666, 0.6185714285691428, 0.0016710137868781653, 0.31333333333333335, 0.14285714285633141, 0.0024380051589110016, 0.2866666666666667, 0.9199999999996, 0.018835831823678845, 0.22, 0.33857142857104283, 0.007538682396080158, 0.16, 0.15999999999984, 0.006997933025898167, 0.3333333333333333, 0.24857142857142858, 0.01826460519761248, 0.2733333333333333, 0.181428571428, 0.0005419131062726566, 0.0, 0.0, 0.0, 0.0, 0.0, 0.0, 0.0, 0.0, 0.0, 0.0, 0.0, 0.0, 0.0, 0.0, 0.0, 0.0, 0.0, 0.0, 0.0, 0.0, 0.0, 0.0, 0.0, 0.0, 0.0, 0.0, 0.0, 0.0, 0.0, 0.0, 0.0, 0.0, 0.0, 0.0, 0.0, 0.0, 0.0, 0.0, 0.0, 0.0, 0.0, 0.0, 0.0, 0.0, 0.0, 0.0, 0.0, 0.0, 0.0, 0.0, 0.0, 0.0, 0.0, 0.0, 0.0, 0.0, 0.0, 0.0, 0.0, 0.0, 0.0, 0.0, 0.0, 0.0, 0.0, 0.0, 0.0, 0.0, 0.0, 0.0, 0.0, 0.0, 0.0, 0.0, 0.0, 0.0, 0.0, 0.0, 0.0, 0.0, 0.0, 0.0, 0.0, 0.0, 0.0, 0.0, 0.0, 0.0, 0.0, 0.0, 0.0, 0.0, 0.0, 0.0, 0.0, 0.0, 0.0, 0.0, 0.0, 0.0, 0.0, 0.0, 0.0, 0.0, 0.0, 0.0, 0.0, 0.0, 0.0, 0.0, 0.0],[0, 0, 0, 0, 0, 0, 0, 0, 0, 0, 0, 0, 0, 0, 0, 0, 0, 0, 0, 0, 0, 0, 0, 0, 0, 0, 0, 0, 0, 0, 0, 0, 0, 0, 0, 0, 0, 0, 0, 0, 0, 0, 0, 0, 0, 0, 0, 0, 0, 0, 0, 0, 0, 0, 0, 0, 0, 0, 0, 0, 0, 0, 0, 0]
[0.0, 0.0, 0.0, 0.0, 0.0, 0.0, 0.0, 0.0, 0.0, 0.0, 0.0, 0.0, 0.0, 0.0, 0.0, 0.0, 0.0, 0.0, 0.0, 0.0, 0.0, 0.0, 0.0, 0.0, 0.0, 0.0, 0.0, 0.0, 0.0, 0.0, 0.0, 0.0, 0.0, 0.0, 0.0, 0.0, 0.0, 0.0, 0.0, 0.0, 0.0, 0.0, 0.0, 0.0, 0.0, 0.0, 0.0, 0.0, 0.0, 0.0, 0.0, 0.0, 0.0, 0.0, 0.0, 1.0, 0.0, 0.0, 0.0, 0.0, 1.0, 1.0, 1.0, 1.0, 1.0, 1.0, 0.0, 0.0, 0.0, 0.0, 1.0, 0.0, 1.0, 1.0, 1.0, 1.0, 1.0, 0.0, 0.0, 0.0, 0.0, 0.0, 1.0, 1.0, 1.0, 1.0, 1.0, 0.0, 0.0, 0.0, 0.0, 0.0, 0.0, 0.0, 0.0, 0.0, 0.0, 0.0, 0.0, 0.0, 0.0, 0.0, 1.0, 1.0, 1.0, 0.0, 0.0, 0.0, 0.0, 0.0, 0.0, 0.0, 0.0, 0.0, 0.0, 0.0, 0.0, 0.0, 0.0, 0.0, 0.0, 0.0, 0.0, 0.0, 0.0, 0.0, 1.0, 1.0, 1.0, 0.0, 0.0, 0.0, 0.0, 0.0, 0.0, 0.0, 0.0, 1.0, 1.0, 1.0, 0.0, 1.0, 0.0, 0.0, 0.0, 0.0, 0.0, 0.0, 0.0, 1.0, 0.24666666666666667, 0.6314285714282571, 0.01044961620759643, 0.18, 0.5299999999990457, 0.014070197000769613, 0.23333333333333334, 0.451428571428, 0.012912309477694521, 0.22, 0.96714285714222, 0.025085620782504967, 0.23333333333333334, 0.2842857142856, 0.0074602964579709, 0.31333333333333335, 0.40999999999842857, 0.0021366029557734942, 0.28, 0.80571428571384, 0.011746530436334314, 0.29333333333333333, 0.4742857142835429, 0.0014667384877461351, 0.2733333333333333, 0.8914285714284571, 0.03993942263564875, 0.2866666666666667, 0.39999999999934, 0.004882278855274617, 0.32666666666666666, 0.21999999999936, 0.003137499205192424, 0.29333333333333333, 0.75142857142848, 0.005228569277877371, 0.2866666666666667, 0.9057142857138172, 0.004299117769788352, 0.2866666666666667, 0.9399999999995485, 0.004461860398297855, 0.28, 0.99428571428472, 0.0032212707579531243, 0.2733333333333333, 0.47428571428561145, 0.042499642035366055, 0.28, 0.26714285714232, 0.0025964553092095925, 0.20666666666666667, 0.30285714285628573, 0.014715975934143316, 0.3333333333333333, 0.28, 0.001285870193510074, 0.22666666666666666, 0.22999999999999715, 0.0165686355466282, 0.26666666666666666, 0.6185714285691428, 0.0016710137868781653, 0.31333333333333335, 0.14285714285633141, 0.0024380051589110016, 0.2866666666666667, 0.9199999999996, 0.018835831823678845, 0.22, 0.33857142857104283, 0.007538682396080158, 0.16, 0.15999999999984, 0.006997933025898167, 0.31333333333333335, 0.6528571428555886, 0.0015947749631803757, 0.3333333333333333, 0.24857142857142858, 0.01826460519761248, 0.2733333333333333, 0.181428571428, 0.0005419131062726566, 0.0, 0.0, 0.0, 0.0, 0.0, 0.0, 0.0, 0.0, 0.0, 0.0, 0.0, 0.0, 0.0, 0.0, 0.0, 0.0, 0.0, 0.0, 0.0, 0.0, 0.0, 0.0, 0.0, 0.0, 0.0, 0.0, 0.0, 0.0, 0.0, 0.0, 0.0, 0.0, 0.0, 0.0, 0.0, 0.0, 0.0, 0.0, 0.0, 0.0, 0.0, 0.0, 0.0, 0.0, 0.0, 0.0, 0.0, 0.0, 0.0, 0.0, 0.0, 0.0, 0.0, 0.0, 0.0, 0.0, 0.0, 0.0, 0.0, 0.0, 0.0, 0.0, 0.0, 0.0, 0.0, 0.0, 0.0, 0.0, 0.0, 0.0, 0.0, 0.0, 0.0, 0.0, 0.0, 0.0, 0.0, 0.0, 0.0, 0.0, 0.0, 0.0, 0.0, 0.0, 0.0, 0.0, 0.0, 0.0, 0.0, 0.0, 0.0, 0.0, 0.0, 0.0, 0.0, 0.0, 0.0, 0.0, 0.0, 0.0, 0.0, 0.0, 0.0, 0.0, 0.0, 0.0, 0.0, 0.0],[0, 1, 0, 0, 0, 0, 0, 0, 0, 0, 0, 0, 0, 0, 0, 0, 0, 0, 0, 0, 0, 0, 0, 0, 0, 0, 0, 0, 0, 0, 0, 0, 0, 0, 0, 0, 0, 0, 0, 0, 0, 0, 0, 0, 0, 0, 0, 0, 0, 0, 0, 0, 0, 0, 0, 0, 0, 0, 0, 0, 0, 0, 0, 0]
[0.0, 0.0, 0.0, 0.0, 0.0, 0.0, 0.0, 0.0, 0.0, 0.0, 0.0, 0.0, 0.0, 0.0, 0.0, 0.0, 0.0, 0.0, 0.0, 0.0, 0.0, 0.0, 0.0, 0.0, 0.0, 0.0, 0.0, 0.0, 0.0, 0.0, 0.0, 0.0, 0.0, 0.0, 0.0, 0.0, 0.0, 0.0, 0.0, 0.0, 0.0, 0.0, 0.0, 0.0, 0.0, 0.0, 0.0, 0.0, 0.0, 0.0, 0.0, 0.0, 0.0, 0.0, 0.0, 0.0, 0.0, 0.0, 0.0, 0.0, 0.0, 0.0, 0.0, 0.0, 0.0, 0.0, 0.0, 0.0, 0.0, 0.0, 0.0, 0.0, 0.0, 0.0, 0.0, 0.0, 0.0, 0.0, 0.0, 0.0, 0.0, 0.0, 0.0, 0.0, 0.0, 0.0, 0.0, 0.0, 0.0, 0.0, 0.0, 0.0, 0.0, 0.0, 0.0, 0.0, 0.0, 0.0, 0.0, 0.0, 0.0, 0.0, 0.0, 0.0, 0.0, 0.0, 0.0, 0.0, 0.0, 0.0, 0.0, 0.0, 0.0, 0.0, 0.0, 0.0, 0.0, 0.0, 0.0, 0.0, 0.0, 0.0, 0.0, 0.0, 0.0, 0.0, 0.0, 0.0, 0.0, 0.0, 0.0, 0.0, 0.0, 0.0, 0.0, 0.0, 0.0, 0.0, 0.0, 0.0, 0.0, 1.0, 0.0, 0.0, 0.0, 0.0, 0.0, 0.0, 0.0, 1.0, 0.24666666666666667, 0.6314285714282571, 0.01044961620759643, 0.23333333333333334, 0.451428571428, 0.012912309477694521, 0.22, 0.96714285714222, 0.025085620782504967, 0.23333333333333334, 0.2842857142856, 0.0074602964579709, 0.31333333333333335, 0.40999999999842857, 0.0021366029557734942, 0.28, 0.80571428571384, 0.011746530436334314, 0.29333333333333333, 0.4742857142835429, 0.0014667384877461351, 0.2733333333333333, 0.8914285714284571, 0.03993942263564875, 0.2866666666666667, 0.39999999999934, 0.004882278855274617, 0.32666666666666666, 0.21999999999936, 0.003137499205192424, 0.29333333333333333, 0.75142857142848, 0.005228569277877371, 0.2866666666666667, 0.9057142857138172, 0.004299117769788352, 0.2866666666666667, 0.9399999999995485, 0.004461860398297855, 0.28, 0.99428571428472, 0.0032212707579531243, 0.2733333333333333, 0.47428571428561145, 0.042499642035366055, 0.28, 0.26714285714232, 0.0025964553092095925, 0.20666666666666667, 0.30285714285628573, 0.014715975934143316, 0.3333333333333333, 0.28, 0.001285870193510074, 0.22666666666666666, 0.22999999999999715, 0.0165686355466282, 0.26666666666666666, 0.6185714285691428, 0.0016710137868781653, 0.31333333333333335, 0.14285714285633141, 0.0024380051589110016, 0.2866666666666667, 0.9199999999996, 0.018835831823678845, 0.22, 0.33857142857104283, 0.007538682396080158, 0.16, 0.15999999999984, 0.006997933025898167, 0.31333333333333335, 0.6528571428555886, 0.0015947749631803757, 0.3333333333333333, 0.24857142857142858, 0.01826460519761248, 0.2733333333333333, 0.181428571428, 0.0005419131062726566, 0.0, 0.0, 0.0, 0.0, 0.0, 0.0, 0.0, 0.0, 0.0, 0.0, 0.0, 0.0, 0.0, 0.0, 0.0, 0.0, 0.0, 0.0, 0.0, 0.0, 0.0, 0.0, 0.0, 0.0, 0.0, 0.0, 0.0, 0.0, 0.0, 0.0, 0.0, 0.0, 0.0, 0.0, 0.0, 0.0, 0.0, 0.0, 0.0, 0.0, 0.0, 0.0, 0.0, 0.0, 0.0, 0.0, 0.0, 0.0, 0.0, 0.0, 0.0, 0.0, 0.0, 0.0, 0.0, 0.0, 0.0, 0.0, 0.0, 0.0, 0.0, 0.0, 0.0, 0.0, 0.0, 0.0, 0.0, 0.0, 0.0, 0.0, 0.0, 0.0, 0.0, 0.0, 0.0, 0.0, 0.0, 0.0, 0.0, 0.0, 0.0, 0.0, 0.0, 0.0, 0.0, 0.0, 0.0, 0.0, 0.0, 0.0, 0.0, 0.0, 0.0, 0.0, 0.0, 0.0, 0.0, 0.0, 0.0, 0.0, 0.0, 0.0, 0.0, 0.0, 0.0, 0.0, 0.0, 0.0, 0.0, 0.0, 0.0],[0, 0, 0, 0, 0, 0, 0, 0, 0, 0, 0, 0, 0, 0, 0, 0, 0, 0, 0, 0, 0, 0, 0, 0, 0, 0, 0, 0, 0, 0, 0, 0, 0, 0, 0, 0, 0, 0, 0, 0, 0, 0, 0, 0, 0, 0, 0, 0, 0, 0, 0, 0, 0, 0, 0, 0, 0, 0, 0, 0, 0, 0, 0, 0]
[0.0, 0.0, 0.0, 0.0, 0.0, 0.0, 0.0, 0.0, 0.0, 0.0, 0.0, 0.0, 0.0, 0.0, 0.0, 0.0, 0.0, 0.0, 0.0, 0.0, 0.0, 0.0, 0.0, 0.0, 0.0, 0.0, 0.0, 0.0, 0.0, 0.0, 0.0, 0.0, 0.0, 0.0, 0.0, 0.0, 0.0, 0.0, 0.0, 0.0, 0.0, 0.0, 0.0, 0.0, 0.0, 0.0, 0.0, 0.0, 0.0, 0.0, 0.0, 0.0, 0.0, 0.0, 0.0, 0.0, 0.0, 0.0, 1.0, 1.0, 0.0, 0.0, 0.0, 0.0, 0.0, 0.0, 1.0, 1.0, 1.0, 1.0, 0.0, 1.0, 0.0, 0.0, 0.0, 0.0, 0.0, 0.0, 0.0, 0.0, 0.0, 0.0, 0.0, 0.0, 0.0, 0.0, 0.0, 1.0, 1.0, 1.0, 1.0, 1.0, 1.0, 1.0, 1.0, 1.0, 1.0, 1.0, 1.0, 1.0, 1.0, 1.0, 0.0, 0.0, 0.0, 1.0, 1.0, 1.0, 1.0, 1.0, 1.0, 1.0, 1.0, 1.0, 1.0, 1.0, 1.0, 1.0, 1.0, 1.0, 1.0, 1.0, 1.0, 0.0, 0.0, 1.0, 0.0, 0.0, 0.0, 0.0, 0.0, 0.0, 0.0, 0.0, 0.0, 0.0, 0.0, 0.0, 0.0, 0.0, 0.0, 1.0, 0.0, 0.0, 0.0, 0.0, 0.0, 0.0, 0.0, 1.0, 0.24666666666666667, 0.6314285714282571, 0.01044961620759643, 0.23333333333333334, 0.451428571428, 0.012912309477694521, 0.22, 0.96714285714222, 0.025085620782504967, 0.30666666666666664, 0.9499999999995772, 0.008430480909827651, 0.23333333333333334, 0.2842857142856, 0.0074602964579709, 0.31333333333333335, 0.40999999999842857, 0.0021366029557734942, 0.28, 0.80571428571384, 0.011746530436334314, 0.29333333333333333, 0.4742857142835429, 0.0014667384877461351, 0.2733333333333333, 0.8914285714284571, 0.03993942263564875, 0.2866666666666667, 0.39999999999934, 0.004882278855274617, 0.32666666666666666, 0.21999999999936, 0.003137499205192424, 0.29333333333333333, 0.75142857142848, 0.005228569277877371, 0.2866666666666667, 0.9057142857138172, 0.004299117769788352, 0.2866666666666667, 0.9399999999995485, 0.004461860398297855, 0.28, 0.99428571428472, 0.0032212707579531243, 0.2733333333333333, 0.47428571428561145, 0.042499642035366055, 0.28, 0.26714285714232, 0.0025964553092095925, 0.20666666666666667, 0.30285714285628573, 0.014715975934143316, 0.3333333333333333, 0.28, 0.001285870193510074, 0.22666666666666666, 0.22999999999999715, 0.0165686355466282, 0.26666666666666666, 0.6185714285691428, 0.0016710137868781653, 0.31333333333333335, 0.14285714285633141, 0.0024380051589110016, 0.2866666666666667, 0.9199999999996, 0.018835831823678845, 0.22, 0.33857142857104283, 0.007538682396080158, 0.16, 0.15999999999984, 0.006997933025898167, 0.31333333333333335, 0.6528571428555886, 0.0015947749631803757, 0.3333333333333333, 0.24857142857142858, 0.01826460519761248, 0.2733333333333333, 0.181428571428, 0.0005419131062726566, 0.0, 0.0, 0.0, 0.0, 0.0, 0.0, 0.0, 0.0, 0.0, 0.0, 0.0, 0.0, 0.0, 0.0, 0.0, 0.0, 0.0, 0.0, 0.0, 0.0, 0.0, 0.0, 0.0, 0.0, 0.0, 0.0, 0.0, 0.0, 0.0, 0.0, 0.0, 0.0, 0.0, 0.0, 0.0, 0.0, 0.0, 0.0, 0.0, 0.0, 0.0, 0.0, 0.0, 0.0, 0.0, 0.0, 0.0, 0.0, 0.0, 0.0, 0.0, 0.0, 0.0, 0.0, 0.0, 0.0, 0.0, 0.0, 0.0, 0.0, 0.0, 0.0, 0.0, 0.0, 0.0, 0.0, 0.0, 0.0, 0.0, 0.0, 0.0, 0.0, 0.0, 0.0, 0.0, 0.0, 0.0, 0.0, 0.0, 0.0, 0.0, 0.0, 0.0, 0.0, 0.0, 0.0, 0.0, 0.0, 0.0, 0.0, 0.0, 0.0, 0.0, 0.0, 0.0, 0.0, 0.0, 0.0, 0.0, 0.0, 0.0, 0.0, 0.0, 0.0, 0.0, 0.0, 0.0, 0.0],[1, 0, 0, 0, 0, 0, 0, 0, 0, 0, 0, 0, 0, 0, 0, 0, 0, 0, 0, 0, 0, 0, 0, 0, 0, 0, 0, 0, 0, 0, 0, 0, 0, 0, 0, 0, 0, 0, 0, 0, 0, 0, 0, 0, 0, 0, 0, 0, 0, 0, 0, 0, 0, 0, 0, 0, 0, 0, 0, 0, 0, 0, 0, 0]
[0.0, 0.0, 0.0, 0.0, 0.0, 0.0, 0.0, 0.0, 0.0, 0.0, 0.0, 0.0, 0.0, 0.0, 0.0, 0.0, 0.0, 0.0, 0.0, 0.0, 0.0, 0.0, 0.0, 0.0, 0.0, 0.0, 0.0, 0.0, 0.0, 0.0, 0.0, 0.0, 0.0, 0.0, 0.0, 0.0, 0.0, 0.0, 0.0, 0.0, 0.0, 0.0, 0.0, 0.0, 0.0, 0.0, 0.0, 0.0, 0.0, 0.0, 0.0, 0.0, 0.0, 0.0, 0.0, 0.0, 0.0, 0.0, 0.0, 0.0, 0.0, 0.0, 0.0, 0.0, 0.0, 0.0, 0.0, 0.0, 0.0, 0.0, 0.0, 0.0, 0.0, 0.0, 0.0, 0.0, 0.0, 0.0, 0.0, 0.0, 0.0, 0.0, 0.0, 0.0, 0.0, 0.0, 0.0, 0.0, 0.0, 0.0, 0.0, 0.0, 0.0, 0.0, 0.0, 0.0, 0.0, 0.0, 0.0, 0.0, 0.0, 0.0, 0.0, 0.0, 0.0, 0.0, 0.0, 0.0, 0.0, 0.0, 0.0, 0.0, 0.0, 0.0, 0.0, 0.0, 0.0, 0.0, 0.0, 0.0, 1.0, 1.0, 1.0, 0.0, 0.0, 1.0, 0.0, 0.0, 0.0, 0.0, 0.0, 0.0, 0.0, 0.0, 0.0, 0.0, 0.0, 0.0, 0.0, 0.0, 0.0, 1.0, 0.0, 0.0, 0.0, 0.0, 0.0, 0.0, 0.0, 1.0, 0.23333333333333334, 0.451428571428, 0.012912309477694521, 0.22, 0.96714285714222, 0.025085620782504967, 0.30666666666666664, 0.9499999999995772, 0.008430480909827651, 0.23333333333333334, 0.2842857142856, 0.0074602964579709, 0.31333333333333335, 0.40999999999842857, 0.0021366029557734942, 0.28, 0.80571428571384, 0.011746530436334314, 0.29333333333333333, 0.4742857142835429, 0.0014667384877461351, 0.2733333333333333, 0.8914285714284571, 0.03993942263564875, 0.2866666666666667, 0.39999999999934, 0.004882278855274617, 0.32666666666666666, 0.21999999999936, 0.003137499205192424, 0.29333333333333333, 0.75142857142848, 0.005228569277877371, 0.2866666666666667, 0.9057142857138172, 0.004299117769788352, 0.2866666666666667, 0.9399999999995485, 0.004461860398297855, 0.28, 0.99428571428472, 0.0032212707579531243, 0.2733333333333333, 0.47428571428561145, 0.042499642035366055, 0.28, 0.26714285714232, 0.0025964553092095925, 0.20666666666666667, 0.30285714285628573, 0.014715975934143316, 0.3333333333333333, 0.28, 0.001285870193510074, 0.22666666666666666, 0.22999999999999715, 0.0165686355466282, 0.26666666666666666, 0.6185714285691428, 0.0016710137868781653, 0.31333333333333335, 0.14285714285633141, 0.0024380051589110016, 0.2866666666666667, 0.9199999999996, 0.018835831823678845, 0.22, 0.33857142857104283, 0.007538682396080158, 0.16, 0.15999999999984, 0.006997933025898167, 0.31333333333333335, 0.6528571428555886, 0.0015947749631803757, 0.3333333333333333, 0.24857142857142858, 0.01826460519761248, 0.2733333333333333, 0.181428571428, 0.0005419131062726566, 0.0, 0.0, 0.0, 0.0, 0.0, 0.0, 0.0, 0.0, 0.0, 0.0, 0.0, 0.0, 0.0, 0.0, 0.0, 0.0, 0.0, 0.0, 0.0, 0.0, 0.0, 0.0, 0.0, 0.0, 0.0, 0.0, 0.0, 0.0, 0.0, 0.0, 0.0, 0.0, 0.0, 0.0, 0.0, 0.0, 0.0, 0.0, 0.0, 0.0, 0.0, 0.0, 0.0, 0.0, 0.0, 0.0, 0.0, 0.0, 0.0, 0.0, 0.0, 0.0, 0.0, 0.0, 0.0, 0.0, 0.0, 0.0, 0.0, 0.0, 0.0, 0.0, 0.0, 0.0, 0.0, 0.0, 0.0, 0.0, 0.0, 0.0, 0.0, 0.0, 0.0, 0.0, 0.0, 0.0, 0.0, 0.0, 0.0, 0.0, 0.0, 0.0, 0.0, 0.0, 0.0, 0.0, 0.0, 0.0, 0.0, 0.0, 0.0, 0.0, 0.0, 0.0, 0.0, 0.0, 0.0, 0.0, 0.0, 0.0, 0.0, 0.0, 0.0, 0.0, 0.0, 0.0, 0.0, 0.0, 0.0, 0.0, 0.0],[0, 0, 0, 0, 0, 0, 0, 0, 0, 0, 0, 0, 0, 0, 0, 0, 0, 0, 0, 0, 0, 0, 0, 0, 0, 0, 0, 0, 0, 0, 0, 0, 0, 0, 0, 0, 0, 0, 0, 0, 0, 0, 0, 0, 0, 0, 0, 0, 0, 0, 0, 0, 0, 0, 0, 0, 0, 0, 0, 0, 0, 0, 0, 0]
[0.0, 0.0, 0.0, 0.0, 0.0, 0.0, 0.0, 1.0, 1.0, 1.0, 1.0, 1.0, 1.0, 1.0, 1.0, 1.0, 1.0, 1.0, 1.0, 1.0, 1.0, 1.0, 1.0, 1.0, 1.0, 1.0, 1.0, 1.0, 1.0, 1.0, 1.0, 1.0, 1.0, 1.0, 1.0, 1.0, 0.0, 0.0, 0.0, 0.0, 0.0, 1.0, 1.0, 1.0, 1.0, 1.0, 1.0, 1.0, 1.0, 1.0, 1.0, 1.0, 1.0, 1.0, 1.0, 0.0, 1.0, 1.0, 0.0, 0.0, 0.0, 0.0, 0.0, 0.0, 0.0, 0.0, 0.0, 0.0, 0.0, 0.0, 0.0, 0.0, 0.0, 0.0, 0.0, 0.0, 0.0, 0.0, 0.0, 0.0, 0.0, 0.0, 0.0, 0.0, 0.0, 0.0, 0.0, 0.0, 0.0, 0.0, 0.0, 0.0, 0.0, 0.0, 0.0, 0.0, 0.0, 0.0, 0.0, 0.0, 0.0, 0.0, 0.0, 0.0, 0.0, 0.0, 0.0, 0.0, 0.0, 0.0, 0.0, 0.0, 0.0, 0.0, 0.0, 0.0, 0.0, 0.0, 0.0, 0.0, 1.0, 1.0, 1.0, 0.0, 0.0, 1.0, 0.0, 0.0, 0.0, 0.0, 0.0, 0.0, 0.0, 0.0, 0.0, 0.0, 0.0, 0.0, 0.0, 0.0, 0.0, 1.0, 0.0, 0.0, 0.0, 0.0, 0.0, 0.0, 0.0, 1.0, 0.32666666666666666, 0.72857142857128, 0.006855084062626765, 0.23333333333333334, 0.451428571428, 0.012912309477694521, 0.22, 0.96714285714222, 0.025085620782504967, 0.30666666666666664, 0.9499999999995772, 0.008430480909827651, 0.23333333333333334, 0.2842857142856, 0.0074602964579709, 0.31333333333333335, 0.40999999999842857, 0.0021366029557734942, 0.28, 0.80571428571384, 0.011746530436334314, 0.29333333333333333, 0.4742857142835429, 0.0014667384877461351, 0.2733333333333333, 0.8914285714284571, 0.03993942263564875, 0.2866666666666667, 0.39999999999934, 0.004882278855274617, 0.32666666666666666, 0.21999999999936, 0.003137499205192424, 0.29333333333333333, 0.75142857142848, 0.005228569277877371, 0.2866666666666667, 0.9057142857138172, 0.004299117769788352, 0.2866666666666667, 0.9399999999995485, 0.004461860398297855, 0.28, 0.99428571428472, 0.0032212707579531243, 0.2733333333333333, 0.47428571428561145, 0.042499642035366055, 0.28, 0.26714285714232, 0.0025964553092095925, 0.20666666666666667, 0.30285714285628573, 0.014715975934143316, 0.3333333333333333, 0.28, 0.001285870193510074, 0.22666666666666666, 0.22999999999999715, 0.0165686355466282, 0.26666666666666666, 0.6185714285691428, 0.0016710137868781653, 0.31333333333333335, 0.14285714285633141, 0.0024380051589110016, 0.2866666666666667, 0.9199999999996, 0.018835831823678845, 0.22, 0.33857142857104283, 0.007538682396080158, 0.16, 0.15999999999984, 0.006997933025898167, 0.31333333333333335, 0.6528571428555886, 0.0015947749631803757, 0.3333333333333333, 0.24857142857142858, 0.01826460519761248, 0.2733333333333333, 0.181428571428, 0.0005419131062726566, 0.0, 0.0, 0.0, 0.0, 0.0, 0.0, 0.0, 0.0, 0.0, 0.0, 0.0, 0.0, 0.0, 0.0, 0.0, 0.0, 0.0, 0.0, 0.0, 0.0, 0.0, 0.0, 0.0, 0.0, 0.0, 0.0, 0.0, 0.0, 0.0, 0.0, 0.0, 0.0, 0.0, 0.0, 0.0, 0.0, 0.0, 0.0, 0.0, 0.0, 0.0, 0.0, 0.0, 0.0, 0.0, 0.0, 0.0, 0.0, 0.0, 0.0, 0.0, 0.0, 0.0, 0.0, 0.0, 0.0, 0.0, 0.0, 0.0, 0.0, 0.0, 0.0, 0.0, 0.0, 0.0, 0.0, 0.0, 0.0, 0.0, 0.0, 0.0, 0.0, 0.0, 0.0, 0.0, 0.0, 0.0, 0.0, 0.0, 0.0, 0.0, 0.0, 0.0, 0.0, 0.0, 0.0, 0.0, 0.0, 0.0, 0.0, 0.0, 0.0, 0.0, 0.0, 0.0, 0.0, 0.0, 0.0, 0.0, 0.0, 0.0, 0.0, 0.0, 0.0, 0.0, 0.0, 0.0, 0.0],[1, 0, 0, 0, 0, 0, 0, 0, 0, 0, 0, 0, 0, 0, 0, 0, 0, 0, 0, 0, 0, 0, 0, 0, 0, 0, 0, 0, 0, 0, 0, 0, 0, 0, 0, 0, 0, 0, 0, 0, 0, 0, 0, 0, 0, 0, 0, 0, 0, 0, 0, 0, 0, 0, 0, 0, 0, 0, 0, 0, 0, 0, 0, 0]
[0.0, 0.0, 0.0, 0.0, 0.0, 0.0, 0.0, 0.0, 0.0, 0.0, 0.0, 0.0, 0.0, 0.0, 0.0, 0.0, 0.0, 0.0, 0.0, 0.0, 0.0, 0.0, 0.0, 0.0, 0.0, 0.0, 0.0, 0.0, 0.0, 0.0, 0.0, 0.0, 0.0, 0.0, 0.0, 0.0, 0.0, 0.0, 0.0, 0.0, 0.0, 0.0, 0.0, 0.0, 0.0, 0.0, 0.0, 0.0, 0.0, 0.0, 0.0, 0.0, 0.0, 0.0, 0.0, 0.0, 0.0, 0.0, 0.0, 0.0, 0.0, 0.0, 0.0, 0.0, 0.0, 0.0, 0.0, 0.0, 0.0, 0.0, 0.0, 0.0, 0.0, 0.0, 0.0, 0.0, 0.0, 0.0, 0.0, 0.0, 0.0, 0.0, 0.0, 0.0, 0.0, 0.0, 0.0, 0.0, 0.0, 0.0, 0.0, 0.0, 0.0, 0.0, 0.0, 0.0, 0.0, 0.0, 0.0, 0.0, 0.0, 0.0, 0.0, 0.0, 0.0, 0.0, 0.0, 0.0, 0.0, 0.0, 0.0, 0.0, 0.0, 0.0, 0.0, 0.0, 0.0, 0.0, 0.0, 0.0, 0.0, 0.0, 0.0, 0.0, 0.0, 0.0, 0.0, 0.0, 0.0, 0.0, 0.0, 0.0, 0.0, 0.0, 0.0, 0.0, 0.0, 0.0, 0.0, 0.0, 0.0, 1.0, 0.0, 0.0, 0.0, 0.0, 0.0, 0.0, 0.0, 1.0, 0.23333333333333334, 0.451428571428, 0.012912309477694521, 0.22, 0.96714285714222, 0.025085620782504967, 0.30666666666666664, 0.9499999999995772, 0.008430480909827651, 0.23333333333333334, 0.2842857142856, 0.0074602964579709, 0.31333333333333335, 0.40999999999842857, 0.0021366029557734942, 0.28, 0.80571428571384, 0.011746530436334314, 0.29333333333333333, 0.4742857142835429, 0.0014667384877461351, 0.2733333333333333, 0.8914285714284571, 0.03993942263564875, 0.2866666666666667, 0.39999999999934, 0.004882278855274617, 0.32666666666666666, 0.21999999999936, 0.003137499205192424, 0.29333333333333333, 0.75142857142848, 0.005228569277877371, 0.2866666666666667, 0.9057142857138172, 0.004299117769788352, 0.2866666666666667, 0.9399999999995485, 0.004461860398297855, 0.28, 0.99428571428472, 0.0032212707579531243, 0.2733333333333333, 0.47428571428561145, 0.042499642035366055, 0.28, 0.26714285714232, 0.0025964553092095925, 0.20666666666666667, 0.30285714285628573, 0.014715975934143316, 0.3333333333333333, 0.28, 0.001285870193510074, 0.22666666666666666, 0.22999999999999715, 0.0165686355466282, 0.26666666666666666, 0.6185714285691428, 0.0016710137868781653, 0.31333333333333335, 0.14285714285633141, 0.0024380051589110016, 0.2866666666666667, 0.9199999999996, 0.018835831823678845, 0.22, 0.33857142857104283, 0.007538682396080158, 0.16, 0.15999999999984, 0.006997933025898167, 0.31333333333333335, 0.6528571428555886, 0.0015947749631803757, 0.3333333333333333, 0.24857142857142858, 0.01826460519761248, 0.2733333333333333, 0.181428571428, 0.0005419131062726566, 0.0, 0.0, 0.0, 0.0, 0.0, 0.0, 0.0, 0.0, 0.0, 0.0, 0.0, 0.0, 0.0, 0.0, 0.0, 0.0, 0.0, 0.0, 0.0, 0.0, 0.0, 0.0, 0.0, 0.0, 0.0, 0.0, 0.0, 0.0, 0.0, 0.0, 0.0, 0.0, 0.0, 0.0, 0.0, 0.0, 0.0, 0.0, 0.0, 0.0, 0.0, 0.0, 0.0, 0.0, 0.0, 0.0, 0.0, 0.0, 0.0, 0.0, 0.0, 0.0, 0.0, 0.0, 0.0, 0.0, 0.0, 0.0, 0.0, 0.0, 0.0, 0.0, 0.0, 0.0, 0.0, 0.0, 0.0, 0.0, 0.0, 0.0, 0.0, 0.0, 0.0, 0.0, 0.0, 0.0, 0.0, 0.0, 0.0, 0.0, 0.0, 0.0, 0.0, 0.0, 0.0, 0.0, 0.0, 0.0, 0.0, 0.0, 0.0, 0.0, 0.0, 0.0, 0.0, 0.0, 0.0, 0.0, 0.0, 0.0, 0.0, 0.0, 0.0, 0.0, 0.0, 0.0, 0.0, 0.0, 0.0, 0.0, 0.0],[0, 0, 0, 0, 0, 0, 0, 0, 0, 0, 0, 0, 0, 0, 0, 0, 0, 0, 0, 0, 0, 0, 0, 0, 0, 0, 0, 0, 0, 0, 0, 0, 0, 0, 0, 0, 0, 0, 0, 0, 0, 0, 0, 0, 0, 0, 0, 0, 0, 0, 0, 0, 0, 0, 0, 0, 0, 0, 0, 0, 0, 0, 0, 0]
[0.0, 0.0, 0.0, 0.0, 0.0, 0.0, 0.0, 0.0, 0.0, 0.0, 0.0, 0.0, 0.0, 0.0, 0.0, 0.0, 0.0, 0.0, 0.0, 0.0, 0.0, 0.0, 0.0, 0.0, 0.0, 0.0, 0.0, 0.0, 0.0, 0.0, 0.0, 0.0, 0.0, 0.0, 0.0, 0.0, 0.0, 0.0, 0.0, 0.0, 0.0, 0.0, 0.0, 0.0, 0.0, 0.0, 0.0, 0.0, 0.0, 0.0, 0.0, 0.0, 0.0, 0.0, 0.0, 1.0, 0.0, 0.0, 0.0, 0.0, 1.0, 1.0, 1.0, 1.0, 1.0, 1.0, 0.0, 0.0, 0.0, 0.0, 1.0, 0.0, 1.0, 1.0, 1.0, 1.0, 1.0, 0.0, 0.0, 0.0, 0.0, 0.0, 1.0, 1.0, 1.0, 1.0, 1.0, 0.0, 0.0, 0.0, 0.0, 0.0, 0.0, 0.0, 0.0, 0.0, 0.0, 0.0, 0.0, 0.0, 0.0, 0.0, 1.0, 1.0, 1.0, 0.0, 0.0, 0.0, 0.0, 0.0, 0.0, 0.0, 0.0, 0.0, 0.0, 0.0, 0.0, 0.0, 0.0, 0.0, 0.0, 0.0, 0.0, 0.0, 0.0, 0.0, 1.0, 1.0, 1.0, 0.0, 0.0, 0.0, 0.0, 0.0, 0.0, 0.0, 0.0, 1.0, 1.0, 1.0, 0.0, 1.0, 0.0, 0.0, 0.0, 0.0, 0.0, 0.0, 0.0, 1.0, 0.23333333333333334, 0.451428571428, 0.012912309477694521, 0.22, 0.96714285714222, 0.025085620782504967, 0.30666666666666664, 0.9499999999995772, 0.008430480909827651, 0.23333333333333334, 0.2842857142856, 0.0074602964579709, 0.31333333333333335, 0.40999999999842857, 0.0021366029557734942, 0.28, 0.80571428571384, 0.011746530436334314, 0.29333333333333333, 0.4742857142835429, 0.0014667384877461351, 0.2733333333333333, 0.8914285714284571, 0.03993942263564875, 0.2866666666666667, 0.39999999999934, 0.004882278855274617, 0.32666666666666666, 0.21999999999936, 0.003137499205192424, 0.29333333333333333, 0.75142857142848, 0.005228569277877371, 0.2866666666666667, 0.9057142857138172, 0.004299117769788352, 0.2866666666666667, 0.9399999999995485, 0.004461860398297855, 0.28, 0.99428571428472, 0.0032212707579531243, 0.2733333333333333, 0.47428571428561145, 0.042499642035366055, 0.28, 0.26714285714232, 0.0025964553092095925, 0.20666666666666667, 0.30285714285628573, 0.014715975934143316, 0.3333333333333333, 0.28, 0.001285870193510074, 0.22666666666666666, 0.22999999999999715, 0.0165686355466282, 0.26666666666666666, 0.6185714285691428, 0.0016710137868781653, 0.31333333333333335, 0.14285714285633141, 0.0024380051589110016, 0.2866666666666667, 0.9199999999996, 0.018835831823678845, 0.22, 0.33857142857104283, 0.007538682396080158, 0.16, 0.15999999999984, 0.006997933025898167, 0.31333333333333335, 0.6528571428555886, 0.0015947749631803757, 0.3333333333333333, 0.24857142857142858, 0.01826460519761248, 0.2733333333333333, 0.181428571428, 0.0005419131062726566, 0.0, 0.0, 0.0, 0.0, 0.0, 0.0, 0.0, 0.0, 0.0, 0.0, 0.0, 0.0, 0.0, 0.0, 0.0, 0.0, 0.0, 0.0, 0.0, 0.0, 0.0, 0.0, 0.0, 0.0, 0.0, 0.0, 0.0, 0.0, 0.0, 0.0, 0.0, 0.0, 0.0, 0.0, 0.0, 0.0, 0.0, 0.0, 0.0, 0.0, 0.0, 0.0, 0.0, 0.0, 0.0, 0.0, 0.0, 0.0, 0.0, 0.0, 0.0, 0.0, 0.0, 0.0, 0.0, 0.0, 0.0, 0.0, 0.0, 0.0, 0.0, 0.0, 0.0, 0.0, 0.0, 0.0, 0.0, 0.0, 0.0, 0.0, 0.0, 0.0, 0.0, 0.0, 0.0, 0.0, 0.0, 0.0, 0.0, 0.0, 0.0, 0.0, 0.0, 0.0, 0.0, 0.0, 0.0, 0.0, 0.0, 0.0, 0.0, 0.0, 0.0, 0.0, 0.0, 0.0, 0.0, 0.0, 0.0, 0.0, 0.0, 0.0, 0.0, 0.0, 0.0, 0.0, 0.0, 0.0, 0.0, 0.0, 0.0],[0, 0, 0, 0, 0, 0, 0, 0, 0, 0, 0, 0, 0, 0, 0, 0, 0, 0, 0, 0, 0, 0, 0, 1, 0, 0, 0, 0, 0, 0, 0, 0, 0, 0, 0, 0, 0, 0, 0, 0, 0, 0, 0, 0, 0, 0, 0, 0, 0, 0, 0, 0, 0, 0, 0, 0, 0, 0, 0, 0, 0, 0, 0, 0]
[0.0, 0.0, 0.0, 0.0, 0.0, 0.0, 0.0, 0.0, 0.0, 0.0, 0.0, 0.0, 0.0, 0.0, 0.0, 0.0, 0.0, 0.0, 0.0, 0.0, 0.0, 0.0, 0.0, 0.0, 0.0, 0.0, 0.0, 0.0, 0.0, 0.0, 0.0, 0.0, 0.0, 0.0, 0.0, 0.0, 0.0, 0.0, 0.0, 0.0, 0.0, 0.0, 0.0, 0.0, 0.0, 0.0, 0.0, 0.0, 0.0, 0.0, 0.0, 0.0, 0.0, 0.0, 0.0, 0.0, 0.0, 0.0, 0.0, 0.0, 0.0, 0.0, 0.0, 0.0, 0.0, 0.0, 0.0, 0.0, 0.0, 0.0, 0.0, 0.0, 0.0, 0.0, 0.0, 0.0, 0.0, 0.0, 0.0, 0.0, 0.0, 0.0, 0.0, 0.0, 0.0, 0.0, 0.0, 0.0, 0.0, 0.0, 0.0, 0.0, 0.0, 0.0, 0.0, 0.0, 0.0, 0.0, 0.0, 0.0, 0.0, 0.0, 0.0, 0.0, 0.0, 0.0, 0.0, 0.0, 0.0, 0.0, 0.0, 0.0, 0.0, 0.0, 0.0, 0.0, 0.0, 0.0, 0.0, 0.0, 0.0, 0.0, 0.0, 0.0, 0.0, 0.0, 0.0, 0.0, 0.0, 0.0, 0.0, 0.0, 0.0, 0.0, 0.0, 0.0, 0.0, 1.0, 1.0, 1.0, 0.0, 1.0, 0.0, 0.0, 0.0, 0.0, 0.0, 0.0, 0.0, 1.0, 0.23333333333333334, 0.451428571428, 0.012912309477694521, 0.22, 0.96714285714222, 0.025085620782504967, 0.30666666666666664, 0.9499999999995772, 0.008430480909827651, 0.23333333333333334, 0.2842857142856, 0.0074602964579709, 0.31333333333333335, 0.40999999999842857, 0.0021366029557734942, 0.28, 0.80571428571384, 0.011746530436334314, 0.29333333333333333, 0.4742857142835429, 0.0014667384877461351, 0.2733333333333333, 0.8914285714284571, 0.03993942263564875, 0.2866666666666667, 0.39999999999934, 0.004882278855274617, 0.32666666666666666, 0.21999999999936, 0.003137499205192424, 0.29333333333333333, 0.75142857142848, 0.005228569277877371, 0.2866666666666667, 0.9057142857138172, 0.004299117769788352, 0.2866666666666667, 0.9399999999995485, 0.004461860398297855, 0.28, 0.99428571428472, 0.0032212707579531243, 0.2733333333333333, 0.47428571428561145, 0.042499642035366055, 0.28, 0.26714285714232, 0.0025964553092095925, 0.20666666666666667, 0.30285714285628573, 0.014715975934143316, 0.3333333333333333, 0.28, 0.001285870193510074, 0.22666666666666666, 0.22999999999999715, 0.0165686355466282, 0.26666666666666666, 0.6185714285691428, 0.0016710137868781653, 0.31333333333333335, 0.14285714285633141, 0.0024380051589110016, 0.2866666666666667, 0.9199999999996, 0.018835831823678845, 0.22, 0.33857142857104283, 0.007538682396080158, 0.31333333333333335, 0.6528571428555886, 0.0015947749631803757, 0.3333333333333333, 0.24857142857142858, 0.01826460519761248, 0.2733333333333333, 0.181428571428, 0.0005419131062726566, 0.0, 0.0, 0.0, 0.0, 0.0, 0.0, 0.0, 0.0, 0.0, 0.0, 0.0, 0.0, 0.0, 0.0, 0.0, 0.0, 0.0, 0.0, 0.0, 0.0, 0.0, 0.0, 0.0, 0.0, 0.0, 0.0, 0.0, 0.0, 0.0, 0.0, 0.0, 0.0, 0.0, 0.0, 0.0, 0.0, 0.0, 0.0, 0.0, 0.0, 0.0, 0.0, 0.0, 0.0, 0.0, 0.0, 0.0, 0.0, 0.0, 0.0, 0.0, 0.0, 0.0, 0.0, 0.0, 0.0, 0.0, 0.0, 0.0, 0.0, 0.0, 0.0, 0.0, 0.0, 0.0, 0.0, 0.0, 0.0, 0.0, 0.0, 0.0, 0.0, 0.0, 0.0, 0.0, 0.0, 0.0, 0.0, 0.0, 0.0, 0.0, 0.0, 0.0, 0.0, 0.0, 0.0, 0.0, 0.0, 0.0, 0.0, 0.0, 0.0, 0.0, 0.0, 0.0, 0.0, 0.0, 0.0, 0.0, 0.0, 0.0, 0.0, 0.0, 0.0, 0.0, 0.0, 0.0, 0.0, 0.0, 0.0, 0.0, 0.0, 0.0, 0.0],[0, 0, 0, 0, 0, 0, 0, 0, 0, 0, 0, 0, 0, 0, 0, 0, 0, 0, 0, 0, 0, 0, 0, 0, 0, 0, 0, 0, 0, 0, 0, 0, 0, 0, 0, 0, 0, 0, 0, 0, 0, 0, 0, 0, 0, 0, 0, 0, 0, 0, 0, 0, 0, 0, 0, 0, 0, 0, 0, 0, 0, 0, 0, 0]
[0.0, 0.0, 0.0, 0.0, 0.0, 0.0, 0.0, 0.0, 0.0, 0.0, 0.0, 0.0, 0.0, 0.0, 0.0, 0.0, 0.0, 0.0, 0.0, 0.0, 0.0, 0.0, 0.0, 0.0, 0.0, 0.0, 0.0, 0.0, 0.0, 0.0, 0.0, 0.0, 0.0, 0.0, 0.0, 0.0, 0.0, 0.0, 0.0, 0.0, 0.0, 0.0, 0.0, 0.0, 0.0, 0.0, 0.0, 0.0, 0.0, 0.0, 0.0, 0.0, 0.0, 0.0, 0.0, 0.0, 0.0, 0.0, 1.0, 1.0, 0.0, 0.0, 0.0, 0.0, 0.0, 0.0, 1.0, 1.0, 1.0, 1.0, 0.0, 1.0, 0.0, 0.0, 0.0, 0.0, 0.0, 0.0, 0.0, 0.0, 0.0, 0.0, 0.0, 0.0, 0.0, 0.0, 0.0, 1.0, 1.0, 1.0, 1.0, 1.0, 1.0, 1.0, 1.0, 1.0, 1.0, 1.0, 1.0, 1.0, 1.0, 1.0, 0.0, 0.0, 0.0, 1.0, 1.0, 1.0, 1.0, 1.0, 1.0, 1.0, 1.0, 1.0, 1.0, 1.0, 1.0, 1.0, 1.0, 1.0, 0.0, 0.0, 0.0, 0.0, 0.0, 0.0, 0.0, 0.0, 0.0, 0.0, 0.0, 0.0, 0.0, 0.0, 0.0, 0.0, 0.0, 1.0, 1.0, 1.0, 0.0, 1.0, 0.0, 0.0, 0.0, 0.0, 0.0, 0.0, 0.0, 1.0, 0.23333333333333334, 0.451428571428, 0.012912309477694521, 0.22, 0.96714285714222, 0.025085620782504967, 0.30666666666666664, 0.9499999999995772, 0.008430480909827651, 0.23333333333333334, 0.2842857142856, 0.0074602964579709, 0.31333333333333335, 0.40999999999842857, 0.0021366029557734942, 0.28, 0.80571428571384, 0.011746530436334314, 0.29333333333333333, 0.4742857142835429, 0.0014667384877461351, 0.2733333333333333, 0.8914285714284571, 0.03993942263564875, 0.2866666666666667, 0.39999999999934, 0.004882278855274617, 0.32666666666666666, 0.21999999999936, 0.003137499205192424, 0.29333333333333333, 0.75142857142848, 0.005228569277877371, 0.2866666666666667, 0.9057142857138172, 0.004299117769788352, 0.2866666666666667, 0.9399999999995485, 0.004461860398297855, 0.28, 0.99428571428472, 0.0032212707579531243, 0.2733333333333333, 0.47428571428561145, 0.042499642035366055, 0.28, 0.26714285714232, 0.0025964553092095925, 0.20666666666666667, 0.30285714285628573, 0.014715975934143316, 0.3333333333333333, 0.28, 0.001285870193510074, 0.22666666666666666, 0.22999999999999715, 0.0165686355466282, 0.26666666666666666, 0.6185714285691428, 0.0016710137868781653, 0.31333333333333335, 0.14285714285633141, 0.0024380051589110016, 0.2866666666666667, 0.9199999999996, 0.018835831823678845, 0.22, 0.33857142857104283, 0.007538682396080158, 0.31333333333333335, 0.6528571428555886, 0.0015947749631803757, 0.3333333333333333, 0.24857142857142858, 0.01826460519761248, 0.2733333333333333, 0.181428571428, 0.0005419131062726566, 0.0, 0.0, 0.0, 0.0, 0.0, 0.0, 0.0, 0.0, 0.0, 0.0, 0.0, 0.0, 0.0, 0.0, 0.0, 0.0, 0.0, 0.0, 0.0, 0.0, 0.0, 0.0, 0.0, 0.0, 0.0, 0.0, 0.0, 0.0, 0.0, 0.0, 0.0, 0.0, 0.0, 0.0, 0.0, 0.0, 0.0, 0.0, 0.0, 0.0, 0.0, 0.0, 0.0, 0.0, 0.0, 0.0, 0.0, 0.0, 0.0, 0.0, 0.0, 0.0, 0.0, 0.0, 0.0, 0.0, 0.0, 0.0, 0.0, 0.0, 0.0, 0.0, 0.0, 0.0, 0.0, 0.0, 0.0, 0.0, 0.0, 0.0, 0.0, 0.0, 0.0, 0.0, 0.0, 0.0, 0.0, 0.0, 0.0, 0.0, 0.0, 0.0, 0.0, 0.0, 0.0, 0.0, 0.0, 0.0, 0.0, 0.0, 0.0, 0.0, 0.0, 0.0, 0.0, 0.0, 0.0, 0.0, 0.0, 0.0, 0.0, 0.0, 0.0, 0.0, 0.0, 0.0, 0.0, 0.0, 0.0, 0.0, 0.0, 0.0, 0.0, 0.0],[1, 0, 0, 0, 0, 0, 0, 0, 0, 0, 0, 0, 0, 0, 0, 0, 0, 0, 0, 0, 0, 0, 0, 0, 0, 0, 0, 0, 0, 0, 0, 0, 0, 0, 0, 0, 0, 0, 0, 0, 0, 0, 0, 0, 0, 0, 0, 0, 0, 0, 0, 0, 0, 0, 0, 0, 0, 0, 0, 0, 0, 0, 0, 0]
[0.0, 0.0, 0.0, 0.0, 0.0, 0.0, 0.0, 0.0, 0.0, 0.0, 0.0, 0.0, 0.0, 0.0, 0.0, 0.0, 0.0, 0.0, 0.0, 0.0, 0.0, 0.0, 0.0, 0.0, 0.0, 0.0, 0.0, 0.0, 0.0, 0.0, 0.0, 0.0, 0.0, 0.0, 0.0, 0.0, 0.0, 0.0, 0.0, 0.0, 0.0, 0.0, 0.0, 0.0, 0.0, 0.0, 0.0, 0.0, 0.0, 0.0, 0.0, 0.0, 0.0, 0.0, 0.0, 0.0, 0.0, 0.0, 0.0, 0.0, 0.0, 0.0, 0.0, 0.0, 0.0, 0.0, 0.0, 0.0, 0.0, 0.0, 0.0, 0.0, 0.0, 0.0, 0.0, 0.0, 0.0, 0.0, 0.0, 0.0, 0.0, 0.0, 0.0, 0.0, 0.0, 0.0, 0.0, 0.0, 0.0, 0.0, 0.0, 0.0, 0.0, 0.0, 0.0, 0.0, 0.0, 0.0, 0.0, 0.0, 0.0, 0.0, 0.0, 0.0, 0.0, 0.0, 0.0, 0.0, 0.0, 0.0, 0.0, 0.0, 0.0, 0.0, 0.0, 0.0, 0.0, 0.0, 1.0, 1.0, 0.0, 0.0, 0.0, 0.0, 0.0, 0.0, 0.0, 0.0, 0.0, 0.0, 0.0, 0.0, 0.0, 0.0, 0.0, 0.0, 0.0, 1.0, 1.0, 1.0, 0.0, 1.0, 0.0, 0.0, 0.0, 0.0, 0.0, 0.0, 0.0, 1.0, 0.22, 0.96714285714222, 0.025085620782504967, 0.30666666666666664, 0.9499999999995772, 0.008430480909827651, 0.23333333333333334, 0.2842857142856, 0.0074602964579709, 0.31333333333333335, 0.40999999999842857, 0.0021366029557734942, 0.28, 0.80571428571384, 0.011746530436334314, 0.29333333333333333, 0.4742857142835429, 0.0014667384877461351, 0.2733333333333333, 0.8914285714284571, 0.03993942263564875, 0.2866666666666667, 0.39999999999934, 0.004882278855274617, 0.32666666666666666, 0.21999999999936, 0.003137499205192424, 0.29333333333333333, 0.75142857142848, 0.005228569277877371, 0.2866666666666667, 0.9057142857138172, 0.004299117769788352, 0.2866666666666667, 0.9399999999995485, 0.004461860398297855, 0.28, 0.99428571428472, 0.0032212707579531243, 0.2733333333333333, 0.47428571428561145, 0.042499642035366055, 0.28, 0.26714285714232, 0.0025964553092095925, 0.20666666666666667, 0.30285714285628573, 0.014715975934143316, 0.3333333333333333, 0.28, 0.001285870193510074, 0.22666666666666666, 0.22999999999999715, 0.0165686355466282, 0.26666666666666666, 0.6185714285691428, 0.0016710137868781653, 0.31333333333333335, 0.14285714285633141, 0.0024380051589110016, 0.2866666666666667, 0.9199999999996, 0.018835831823678845, 0.22, 0.33857142857104283, 0.007538682396080158, 0.31333333333333335, 0.6528571428555886, 0.0015947749631803757, 0.3333333333333333, 0.24857142857142858, 0.01826460519761248, 0.2733333333333333, 0.181428571428, 0.0005419131062726566, 0.0, 0.0, 0.0, 0.0, 0.0, 0.0, 0.0, 0.0, 0.0, 0.0, 0.0, 0.0, 0.0, 0.0, 0.0, 0.0, 0.0, 0.0, 0.0, 0.0, 0.0, 0.0, 0.0, 0.0, 0.0, 0.0, 0.0, 0.0, 0.0, 0.0, 0.0, 0.0, 0.0, 0.0, 0.0, 0.0, 0.0, 0.0, 0.0, 0.0, 0.0, 0.0, 0.0, 0.0, 0.0, 0.0, 0.0, 0.0, 0.0, 0.0, 0.0, 0.0, 0.0, 0.0, 0.0, 0.0, 0.0, 0.0, 0.0, 0.0, 0.0, 0.0, 0.0, 0.0, 0.0, 0.0, 0.0, 0.0, 0.0, 0.0, 0.0, 0.0, 0.0, 0.0, 0.0, 0.0, 0.0, 0.0, 0.0, 0.0, 0.0, 0.0, 0.0, 0.0, 0.0, 0.0, 0.0, 0.0, 0.0, 0.0, 0.0, 0.0, 0.0, 0.0, 0.0, 0.0, 0.0, 0.0, 0.0, 0.0, 0.0, 0.0, 0.0, 0.0, 0.0, 0.0, 0.0, 0.0, 0.0, 0.0, 0.0, 0.0, 0.0, 0.0, 0.0, 0.0, 0.0],[0, 0, 0, 0, 0, 0, 0, 0, 0, 0, 0, 0, 0, 0, 0, 0, 0, 0, 0, 0, 0, 0, 0, 0, 0, 0, 0, 0, 0, 0, 0, 0, 0, 0, 0, 0, 0, 0, 0, 0, 0, 0, 0, 0, 0, 0, 0, 0, 0, 0, 0, 0, 0, 0, 0, 0, 0, 0, 0, 0, 0, 0, 0, 0]
[0.0, 0.0, 0.0, 0.0, 0.0, 0.0, 0.0, 0.0, 0.0, 0.0, 0.0, 0.0, 0.0, 0.0, 0.0, 0.0, 0.0, 0.0, 0.0, 0.0, 0.0, 0.0, 0.0, 0.0, 0.0, 0.0, 0.0, 0.0, 0.0, 0.0, 0.0, 0.0, 0.0, 0.0, 0.0, 0.0, 0.0, 0.0, 0.0, 0.0, 0.0, 0.0, 0.0, 0.0, 0.0, 0.0, 0.0, 0.0, 0.0, 0.0, 0.0, 0.0, 0.0, 0.0, 0.0, 0.0, 0.0, 0.0, 0.0, 0.0, 0.0, 0.0, 0.0, 0.0, 0.0, 0.0, 0.0, 0.0, 0.0, 0.0, 0.0, 0.0, 0.0, 0.0, 0.0, 0.0, 0.0, 0.0, 0.0, 0.0, 0.0, 0.0, 0.0, 0.0, 0.0, 0.0, 0.0, 0.0, 0.0, 0.0, 0.0, 0.0, 0.0, 0.0, 0.0, 0.0, 0.0, 0.0, 0.0, 0.0, 0.0, 0.0, 0.0, 0.0, 0.0, 0.0, 0.0, 0.0, 0.0, 0.0, 0.0, 0.0, 0.0, 0.0, 0.0, 0.0, 0.0, 0.0, 1.0, 1.0, 0.0, 0.0, 0.0, 0.0, 0.0, 0.0, 0.0, 0.0, 0.0, 1.0, 1.0, 1.0, 1.0, 1.0, 1.0, 1.0, 1.0, 1.0, 1.0, 1.0, 0.0, 1.0, 0.0, 0.0, 0.0, 0.0, 0.0, 0.0, 0.0, 1.0, 0.22, 0.96714285714222, 0.025085620782504967, 0.30666666666666664, 0.9499999999995772, 0.008430480909827651, 0.23333333333333334, 0.2842857142856, 0.0074602964579709, 0.2, 0.4085714285712, 0.008339203522532323, 0.31333333333333335, 0.40999999999842857, 0.0021366029557734942, 0.28, 0.80571428571384, 0.011746530436334314, 0.29333333333333333, 0.4742857142835429, 0.0014667384877461351, 0.2733333333333333, 0.8914285714284571, 0.03993942263564875, 0.2866666666666667, 0.39999999999934, 0.004882278855274617, 0.32666666666666666, 0.21999999999936, 0.003137499205192424, 0.29333333333333333, 0.75142857142848, 0.005228569277877371, 0.2866666666666667, 0.9057142857138172, 0.004299117769788352, 0.2866666666666667, 0.9399999999995485, 0.004461860398297855, 0.24666666666666667, 0.5842857142857114, 0.0052742406773867295, 0.28, 0.99428571428472, 0.0032212707579531243, 0.2733333333333333, 0.47428571428561145, 0.042499642035366055, 0.28, 0.26714285714232, 0.0025964553092095925, 0.20666666666666667, 0.30285714285628573, 0.014715975934143316, 0.3333333333333333, 0.28, 0.001285870193510074, 0.22666666666666666, 0.22999999999999715, 0.0165686355466282, 0.26666666666666666, 0.6185714285691428, 0.0016710137868781653, 0.31333333333333335, 0.14285714285633141, 0.0024380051589110016, 0.2866666666666667, 0.9199999999996, 0.018835831823678845, 0.22, 0.33857142857104283, 0.007538682396080158, 0.31333333333333335, 0.6528571428555886, 0.0015947749631803757, 0.3333333333333333, 0.24857142857142858, 0.01826460519761248, 0.2733333333333333, 0.181428571428, 0.0005419131062726566, 0.0, 0.0, 0.0, 0.0, 0.0, 0.0, 0.0, 0.0, 0.0, 0.0, 0.0, 0.0, 0.0, 0.0, 0.0, 0.0, 0.0, 0.0, 0.0, 0.0, 0.0, 0.0, 0.0, 0.0, 0.0, 0.0, 0.0, 0.0, 0.0, 0.0, 0.0, 0.0, 0.0, 0.0, 0.0, 0.0, 0.0, 0.0, 0.0, 0.0, 0.0, 0.0, 0.0, 0.0, 0.0, 0.0, 0.0, 0.0, 0.0, 0.0, 0.0, 0.0, 0.0, 0.0, 0.0, 0.0, 0.0, 0.0, 0.0, 0.0, 0.0, 0.0, 0.0, 0.0, 0.0, 0.0, 0.0, 0.0, 0.0, 0.0, 0.0, 0.0, 0.0, 0.0, 0.0, 0.0, 0.0, 0.0, 0.0, 0.0, 0.0, 0.0, 0.0, 0.0, 0.0, 0.0, 0.0, 0.0, 0.0, 0.0, 0.0, 0.0, 0.0, 0.0, 0.0, 0.0, 0.0, 0.0, 0.0, 0.0, 0.0, 0.0, 0.0, 0.0, 0.0, 0.0, 0.0, 0.0, 0.0, 0.0, 0.0],[0, 0, 0, 0, 0, 0, 0, 0, 0, 0, 0, 0, 0, 0, 0, 0, 0, 0, 0, 0, 0, 0, 0, 0, 0, 0, 0, 0, 0, 0, 0, 0, 0, 0, 0, 0, 0, 0, 0, 0, 0, 0, 0, 0, 0, 0, 0, 0, 0, 0, 0, 0, 0, 0, 0, 0, 0, 0, 0, 0, 0, 0, 0, 0]
[0.0, 0.0, 0.0, 0.0, 0.0, 0.0, 0.0, 1.0, 1.0, 1.0, 1.0, 1.0, 1.0, 1.0, 1.0, 1.0, 1.0, 1.0, 1.0, 1.0, 1.0, 1.0, 1.0, 1.0, 1.0, 1.0, 1.0, 1.0, 1.0, 1.0, 1.0, 1.0, 1.0, 1.0, 1.0, 1.0, 0.0, 0.0, 0.0, 0.0, 0.0, 1.0, 1.0, 1.0, 1.0, 1.0, 1.0, 1.0, 1.0, 1.0, 1.0, 1.0, 1.0, 1.0, 1.0, 0.0, 1.0, 1.0, 0.0, 0.0, 0.0, 0.0, 0.0, 0.0, 0.0, 0.0, 0.0, 0.0, 0.0, 0.0, 0.0, 0.0, 0.0, 0.0, 0.0, 0.0, 0.0, 0.0, 0.0, 0.0, 0.0, 0.0, 0.0, 0.0, 0.0, 0.0, 0.0, 0.0, 0.0, 0.0, 0.0, 0.0, 0.0, 0.0, 0.0, 0.0, 0.0, 0.0, 0.0, 0.0, 0.0, 0.0, 0.0, 0.0, 0.0, 0.0, 0.0, 0.0, 0.0, 0.0, 0.0, 0.0, 0.0, 0.0, 0.0, 0.0, 0.0, 0.0, 1.0, 1.0, 1.0, 1.0, 1.0, 0.0, 0.0, 1.0, 0.0, 0.0, 0.0, 1.0, 1.0, 1.0, 1.0, 1.0, 1.0, 1.0, 1.0, 1.0, 1.0, 1.0, 0.0, 1.0, 0.0, 0.0, 0.0, 0.0, 0.0, 0.0, 0.0, 1.0, 0.22, 0.96714285714222, 0.025085620782504967, 0.30666666666666664, 0.9499999999995772, 0.008430480909827651, 0.23333333333333334, 0.2842857142856, 0.0074602964579709, 0.2, 0.4085714285712, 0.008339203522532323, 0.31333333333333335, 0.40999999999842857, 0.0021366029557734942, 0.28, 0.80571428571384, 0.011746530436334314, 0.29333333333333333, 0.4742857142835429, 0.0014667384877461351, 0.2733333333333333, 0.8914285714284571, 0.03993942263564875, 0.2866666666666667, 0.39999999999934, 0.004882278855274617, 0.32666666666666666, 0.21999999999936, 0.003137499205192424, 0.29333333333333333, 0.75142857142848, 0.005228569277877371, 0.2866666666666667, 0.9057142857138172, 0.004299117769788352, 0.2866666666666667, 0.9399999999995485, 0.004461860398297855, 0.24666666666666667, 0.5842857142857114, 0.0052742406773867295, 0.28, 0.99428571428472, 0.0032212707579531243, 0.32666666666666666, 0.14571428571, 0.0003034817893798185, 0.2733333333333333, 0.47428571428561145, 0.042499642035366055, 0.28, 0.26714285714232, 0.0025964553092095925, 0.20666666666666667, 0.30285714285628573, 0.014715975934143316, 0.3333333333333333, 0.28, 0.001285870193510074, 0.22666666666666666, 0.22999999999999715, 0.0165686355466282, 0.26666666666666666, 0.6185714285691428, 0.0016710137868781653, 0.31333333333333335, 0.14285714285633141, 0.0024380051589110016, 0.2866666666666667, 0.9199999999996, 0.018835831823678845, 0.22, 0.33857142857104283, 0.007538682396080158, 0.31333333333333335, 0.6528571428555886, 0.0015947749631803757, 0.3333333333333333, 0.24857142857142858, 0.01826460519761248, 0.2733333333333333, 0.181428571428, 0.0005419131062726566, 0.0, 0.0, 0.0, 0.0, 0.0, 0.0, 0.0, 0.0, 0.0, 0.0, 0.0, 0.0, 0.0, 0.0, 0.0, 0.0, 0.0, 0.0, 0.0, 0.0, 0.0, 0.0, 0.0, 0.0, 0.0, 0.0, 0.0, 0.0, 0.0, 0.0, 0.0, 0.0, 0.0, 0.0, 0.0, 0.0, 0.0, 0.0, 0.0, 0.0, 0.0, 0.0, 0.0, 0.0, 0.0, 0.0, 0.0, 0.0, 0.0, 0.0, 0.0, 0.0, 0.0, 0.0, 0.0, 0.0, 0.0, 0.0, 0.0, 0.0, 0.0, 0.0, 0.0, 0.0, 0.0, 0.0, 0.0, 0.0, 0.0, 0.0, 0.0, 0.0, 0.0, 0.0, 0.0, 0.0, 0.0, 0.0, 0.0, 0.0, 0.0, 0.0, 0.0, 0.0, 0.0, 0.0, 0.0, 0.0, 0.0, 0.0, 0.0, 0.0, 0.0, 0.0, 0.0, 0.0, 0.0, 0.0, 0.0, 0.0, 0.0, 0.0, 0.0, 0.0, 0.0, 0.0, 0.0, 0.0],[1, 0, 0, 1, 0, 0, 0, 0, 0, 0, 0, 0, 0, 0, 0, 0, 0, 0, 0, 0, 0, 0, 0, 0, 0, 0, 0, 0, 0, 0, 0, 0, 0, 0, 0, 0, 0, 0, 0, 0, 0, 0, 0, 0, 0, 0, 0, 0, 0, 0, 0, 0, 0, 0, 0, 0, 0, 0, 0, 0, 0, 0, 0, 0]
[0.0, 0.0, 0.0, 0.0, 0.0, 0.0, 0.0, 0.0, 0.0, 0.0, 0.0, 0.0, 0.0, 0.0, 0.0, 0.0, 0.0, 0.0, 0.0, 0.0, 0.0, 0.0, 0.0, 0.0, 0.0, 0.0, 0.0, 0.0, 0.0, 0.0, 0.0, 0.0, 0.0, 0.0, 0.0, 0.0, 0.0, 0.0, 0.0, 0.0, 0.0, 0.0, 0.0, 0.0, 0.0, 0.0, 0.0, 0.0, 0.0, 0.0, 0.0, 0.0, 0.0, 0.0, 0.0, 0.0, 0.0, 0.0, 0.0, 0.0, 0.0, 0.0, 0.0, 0.0, 0.0, 0.0, 0.0, 0.0, 0.0, 0.0, 0.0, 0.0, 0.0, 0.0, 0.0, 0.0, 0.0, 0.0, 0.0, 0.0, 0.0, 0.0, 0.0, 0.0, 0.0, 0.0, 0.0, 0.0, 0.0, 0.0, 0.0, 0.0, 0.0, 0.0, 0.0, 0.0, 0.0, 0.0, 0.0, 0.0, 0.0, 0.0, 0.0, 0.0, 0.0, 0.0, 0.0, 0.0, 0.0, 0.0, 0.0, 0.0, 0.0, 0.0, 0.0, 0.0, 0.0, 0.0, 0.0, 0.0, 0.0, 0.0, 0.0, 0.0, 0.0, 0.0, 0.0, 0.0, 0.0, 0.0, 0.0, 0.0, 0.0, 0.0, 0.0, 0.0, 0.0, 0.0, 0.0, 0.0, 0.0, 0.0, 0.0, 0.0, 0.0, 0.0, 0.0, 0.0, 0.0, 1.0, 0.30666666666666664, 0.9499999999995772, 0.008430480909827651, 0.23333333333333334, 0.2842857142856, 0.0074602964579709, 0.31333333333333335, 0.40999999999842857, 0.0021366029557734942, 0.28, 0.80571428571384, 0.011746530436334314, 0.29333333333333333, 0.4742857142835429, 0.0014667384877461351, 0.2733333333333333, 0.8914285714284571, 0.03993942263564875, 0.2866666666666667, 0.39999999999934, 0.004882278855274617, 0.32666666666666666, 0.21999999999936, 0.003137499205192424, 0.29333333333333333, 0.75142857142848, 0.005228569277877371, 0.2866666666666667, 0.9057142857138172, 0.004299117769788352, 0.2866666666666667, 0.9399999999995485, 0.004461860398297855, 0.24666666666666667, 0.5842857142857114, 0.0052742406773867295, 0.28, 0.99428571428472, 0.0032212707579531243, 0.32666666666666666, 0.14571428571, 0.0003034817893798185, 0.2733333333333333, 0.47428571428561145, 0.042499642035366055, 0.28, 0.26714285714232, 0.0025964553092095925, 0.20666666666666667, 0.30285714285628573, 0.014715975934143316, 0.3333333333333333, 0.28, 0.001285870193510074, 0.22666666666666666, 0.22999999999999715, 0.0165686355466282, 0.26666666666666666, 0.6185714285691428, 0.0016710137868781653, 0.31333333333333335, 0.14285714285633141, 0.0024380051589110016, 0.2866666666666667, 0.9199999999996, 0.018835831823678845, 0.22, 0.33857142857104283, 0.007538682396080158, 0.31333333333333335, 0.6528571428555886, 0.0015947749631803757, 0.3333333333333333, 0.24857142857142858, 0.01826460519761248, 0.2733333333333333, 0.181428571428, 0.0005419131062726566, 0.0, 0.0, 0.0, 0.0, 0.0, 0.0, 0.0, 0.0, 0.0, 0.0, 0.0, 0.0, 0.0, 0.0, 0.0, 0.0, 0.0, 0.0, 0.0, 0.0, 0.0, 0.0, 0.0, 0.0, 0.0, 0.0, 0.0, 0.0, 0.0, 0.0, 0.0, 0.0, 0.0, 0.0, 0.0, 0.0, 0.0, 0.0, 0.0, 0.0, 0.0, 0.0, 0.0, 0.0, 0.0, 0.0, 0.0, 0.0, 0.0, 0.0, 0.0, 0.0, 0.0, 0.0, 0.0, 0.0, 0.0, 0.0, 0.0, 0.0, 0.0, 0.0, 0.0, 0.0, 0.0, 0.0, 0.0, 0.0, 0.0, 0.0, 0.0, 0.0, 0.0, 0.0, 0.0, 0.0, 0.0, 0.0, 0.0, 0.0, 0.0, 0.0, 0.0, 0.0, 0.0, 0.0, 0.0, 0.0, 0.0, 0.0, 0.0, 0.0, 0.0, 0.0, 0.0, 0.0, 0.0, 0.0, 0.0, 0.0, 0.0, 0.0, 0.0, 0.0, 0.0, 0.0, 0.0, 0.0, 0.0, 0.0, 0.0, 0.0, 0.0, 0.0],[0, 0, 0, 0, 0, 0, 0, 0, 0, 0, 0, 0, 0, 0, 0, 0, 0, 0, 0, 0, 0, 0, 0, 0, 0, 0, 0, 0, 0, 0, 0, 0, 0, 0, 0, 0, 0, 0, 0, 0, 0, 0, 0, 0, 0, 0, 0, 0, 0, 0, 0, 0, 0, 0, 0, 0, 0, 0, 0, 0, 0, 0, 0, 0]
[0.0, 0.0, 0.0, 0.0, 0.0, 0.0, 0.0, 0.0, 0.0, 0.0, 0.0, 0.0, 0.0, 0.0, 0.0, 0.0, 0.0, 0.0, 0.0, 0.0, 0.0, 0.0, 0.0, 0.0, 0.0, 0.0, 0.0, 0.0, 0.0, 0.0, 0.0, 0.0, 0.0, 0.0, 0.0, 0.0, 0.0, 0.0, 0.0, 0.0, 0.0, 0.0, 0.0, 0.0, 0.0, 0.0, 0.0, 0.0, 0.0, 0.0, 0.0, 0.0, 0.0, 0.0, 0.0, 1.0, 0.0, 0.0, 0.0, 0.0, 1.0, 1.0, 1.0, 1.0, 1.0, 1.0, 0.0, 0.0, 0.0, 0.0, 1.0, 0.0, 1.0, 1.0, 1.0, 1.0, 1.0, 0.0, 0.0, 0.0, 0.0, 0.0, 1.0, 1.0, 1.0, 1.0, 1.0, 0.0, 0.0, 0.0, 0.0, 0.0, 0.0, 0.0, 0.0, 0.0, 0.0, 0.0, 0.0, 0.0, 0.0, 0.0, 1.0, 1.0, 1.0, 0.0, 0.0, 0.0, 0.0, 0.0, 0.0, 0.0, 0.0, 0.0, 0.0, 0.0, 0.0, 0.0, 0.0, 0.0, 0.0, 0.0, 0.0, 0.0, 0.0, 0.0, 1.0, 1.0, 1.0, 0.0, 0.0, 0.0, 0.0, 0.0, 0.0, 0.0, 0.0, 0.0, 0.0, 0.0, 0.0, 0.0, 0.0, 0.0, 0.0, 0.0, 0.0, 0.0, 0.0, 1.0, 0.30666666666666664, 0.9499999999995772, 0.008430480909827651, 0.23333333333333334, 0.2842857142856, 0.0074602964579709, 0.31333333333333335, 0.40999999999842857, 0.0021366029557734942, 0.28, 0.80571428571384, 0.011746530436334314, 0.29333333333333333, 0.4742857142835429, 0.0014667384877461351, 0.2733333333333333, 0.8914285714284571, 0.03993942263564875, 0.2866666666666667, 0.39999999999934, 0.004882278855274617, 0.32666666666666666, 0.21999999999936, 0.003137499205192424, 0.29333333333333333, 0.75142857142848, 0.005228569277877371, 0.2866666666666667, 0.9057142857138172, 0.004299117769788352, 0.2866666666666667, 0.9399999999995485, 0.004461860398297855, 0.24666666666666667, 0.5842857142857114, 0.0052742406773867295, 0.28, 0.99428571428472, 0.0032212707579531243, 0.32666666666666666, 0.14571428571, 0.0003034817893798185, 0.2733333333333333, 0.47428571428561145, 0.042499642035366055, 0.28, 0.26714285714232, 0.0025964553092095925, 0.20666666666666667, 0.30285714285628573, 0.014715975934143316, 0.3333333333333333, 0.28, 0.001285870193510074, 0.22666666666666666, 0.22999999999999715, 0.0165686355466282, 0.26666666666666666, 0.6185714285691428, 0.0016710137868781653, 0.31333333333333335, 0.14285714285633141, 0.0024380051589110016, 0.2866666666666667, 0.9199999999996, 0.018835831823678845, 0.22, 0.33857142857104283, 0.007538682396080158, 0.31333333333333335, 0.6528571428555886, 0.0015947749631803757, 0.3333333333333333, 0.24857142857142858, 0.01826460519761248, 0.2733333333333333, 0.181428571428, 0.0005419131062726566, 0.0, 0.0, 0.0, 0.0, 0.0, 0.0, 0.0, 0.0, 0.0, 0.0, 0.0, 0.0, 0.0, 0.0, 0.0, 0.0, 0.0, 0.0, 0.0, 0.0, 0.0, 0.0, 0.0, 0.0, 0.0, 0.0, 0.0, 0.0, 0.0, 0.0, 0.0, 0.0, 0.0, 0.0, 0.0, 0.0, 0.0, 0.0, 0.0, 0.0, 0.0, 0.0, 0.0, 0.0, 0.0, 0.0, 0.0, 0.0, 0.0, 0.0, 0.0, 0.0, 0.0, 0.0, 0.0, 0.0, 0.0, 0.0, 0.0, 0.0, 0.0, 0.0, 0.0, 0.0, 0.0, 0.0, 0.0, 0.0, 0.0, 0.0, 0.0, 0.0, 0.0, 0.0, 0.0, 0.0, 0.0, 0.0, 0.0, 0.0, 0.0, 0.0, 0.0, 0.0, 0.0, 0.0, 0.0, 0.0, 0.0, 0.0, 0.0, 0.0, 0.0, 0.0, 0.0, 0.0, 0.0, 0.0, 0.0, 0.0, 0.0, 0.0, 0.0, 0.0, 0.0, 0.0, 0.0, 0.0, 0.0, 0.0, 0.0, 0.0, 0.0, 0.0],[0, 0, 0, 0, 0, 0, 0, 0, 0, 0, 0, 0, 0, 0, 0, 0, 0, 0, 0, 0, 0, 0, 0, 0, 0, 0, 0, 0, 0, 0, 0, 0, 0, 0, 0, 0, 0, 0, 0, 0, 0, 0, 0, 0, 0, 0, 0, 0, 0, 0, 0, 0, 0, 0, 0, 0, 0, 0, 0, 0, 0, 0, 0, 0]
[0.0, 0.0, 0.0, 0.0, 0.0, 0.0, 0.0, 0.0, 0.0, 0.0, 0.0, 0.0, 0.0, 0.0, 0.0, 0.0, 0.0, 0.0, 0.0, 0.0, 0.0, 0.0, 0.0, 0.0, 0.0, 0.0, 0.0, 0.0, 0.0, 0.0, 0.0, 0.0, 0.0, 0.0, 0.0, 0.0, 0.0, 0.0, 0.0, 0.0, 0.0, 0.0, 0.0, 0.0, 0.0, 0.0, 0.0, 0.0, 0.0, 0.0, 0.0, 0.0, 0.0, 0.0, 0.0, 1.0, 0.0, 0.0, 1.0, 1.0, 1.0, 1.0, 1.0, 1.0, 1.0, 1.0, 1.0, 1.0, 1.0, 1.0, 1.0, 1.0, 1.0, 1.0, 1.0, 1.0, 1.0, 0.0, 0.0, 0.0, 0.0, 0.0, 1.0, 1.0, 1.0, 1.0, 1.0, 1.0, 1.0, 1.0, 1.0, 1.0, 1.0, 1.0, 1.0, 1.0, 1.0, 1.0, 1.0, 1.0, 1.0, 1.0, 1.0, 1.0, 1.0, 1.0, 1.0, 1.0, 1.0, 1.0, 1.0, 1.0, 1.0, 1.0, 1.0, 1.0, 1.0, 1.0, 0.0, 0.0, 0.0, 0.0, 0.0, 0.0, 0.0, 0.0, 1.0, 1.0, 1.0, 0.0, 0.0, 0.0, 0.0, 0.0, 0.0, 0.0, 0.0, 0.0, 0.0, 0.0, 0.0, 0.0, 0.0, 0.0, 0.0, 0.0, 0.0, 0.0, 0.0, 1.0, 0.07333333333333333, 0.21285714285707144, 0.026269286315645596, 0.30666666666666664, 0.9499999999995772, 0.008430480909827651, 0.23333333333333334, 0.2842857142856, 0.0074602964579709, 0.32666666666666666, 0.23142857142832, 0.008676008802515855, 0.31333333333333335, 0.40999999999842857, 0.0021366029557734942, 0.28, 0.80571428571384, 0.011746530436334314, 0.29333333333333333, 0.4742857142835429, 0.0014667384877461351, 0.2733333333333333, 0.8914285714284571, 0.03993942263564875, 0.2866666666666667, 0.39999999999934, 0.004882278855274617, 0.32666666666666666, 0.21999999999936, 0.003137499205192424, 0.29333333333333333, 0.75142857142848, 0.005228569277877371, 0.2866666666666667, 0.9057142857138172, 0.004299117769788352, 0.2866666666666667, 0.9399999999995485, 0.004461860398297855, 0.24666666666666667, 0.5842857142857114, 0.0052742406773867295, 0.28, 0.99428571428472, 0.0032212707579531243, 0.32666666666666666, 0.14571428571, 0.0003034817893798185, 0.2733333333333333, 0.47428571428561145, 0.042499642035366055, 0.28, 0.26714285714232, 0.0025964553092095925, 0.20666666666666667, 0.30285714285628573, 0.014715975934143316, 0.3333333333333333, 0.28, 0.001285870193510074, 0.22666666666666666, 0.22999999999999715, 0.0165686355466282, 0.26666666666666666, 0.6185714285691428, 0.0016710137868781653, 0.31333333333333335, 0.14285714285633141, 0.0024380051589110016, 0.2866666666666667, 0.9199999999996, 0.018835831823678845, 0.22, 0.33857142857104283, 0.007538682396080158, 0.31333333333333335, 0.6528571428555886, 0.0015947749631803757, 0.3333333333333333, 0.24857142857142858, 0.01826460519761248, 0.2733333333333333, 0.181428571428, 0.0005419131062726566, 0.0, 0.0, 0.0, 0.0, 0.0, 0.0, 0.0, 0.0, 0.0, 0.0, 0.0, 0.0, 0.0, 0.0, 0.0, 0.0, 0.0, 0.0, 0.0, 0.0, 0.0, 0.0, 0.0, 0.0, 0.0, 0.0, 0.0, 0.0, 0.0, 0.0, 0.0, 0.0, 0.0, 0.0, 0.0, 0.0, 0.0, 0.0, 0.0, 0.0, 0.0, 0.0, 0.0, 0.0, 0.0, 0.0, 0.0, 0.0, 0.0, 0.0, 0.0, 0.0, 0.0, 0.0, 0.0, 0.0, 0.0, 0.0, 0.0, 0.0, 0.0, 0.0, 0.0, 0.0, 0.0, 0.0, 0.0, 0.0, 0.0, 0.0, 0.0, 0.0, 0.0, 0.0, 0.0, 0.0, 0.0, 0.0, 0.0, 0.0, 0.0, 0.0, 0.0, 0.0, 0.0, 0.0, 0.0, 0.0, 0.0, 0.0, 0.0, 0.0, 0.0, 0.0, 0.0, 0.0, 0.0, 0.0, 0.0, 0.0, 0.0, 0.0, 0.0, 0.0, 0.0, 0.0, 0.0, 0.0],[1, 1, 0, 0, 0, 0, 0, 0, 0, 0, 0, 0, 0, 0, 0, 0, 0, 0, 0, 0, 0, 0, 0, 0, 0, 0, 0, 0, 0, 0, 0, 0, 0, 0, 0, 0, 0, 0, 0, 0, 0, 0, 0, 0, 0, 0, 0, 0, 0, 0, 0, 0, 0, 0, 0, 0, 0, 0, 0, 0, 0, 0, 0, 0]
[0.0, 0.0, 0.0, 0.0, 0.0, 0.0, 0.0, 0.0, 0.0, 0.0, 0.0, 0.0, 0.0, 0.0, 0.0, 0.0, 0.0, 0.0, 0.0, 0.0, 0.0, 0.0, 0.0, 0.0, 0.0, 0.0, 0.0, 0.0, 0.0, 0.0, 0.0, 0.0, 0.0, 0.0, 0.0, 0.0, 0.0, 0.0, 0.0, 0.0, 0.0, 0.0, 0.0, 0.0, 0.0, 0.0, 0.0, 0.0, 0.0, 0.0, 0.0, 0.0, 0.0, 0.0, 0.0, 0.0, 0.0, 0.0, 0.0, 0.0, 0.0, 0.0, 0.0, 0.0, 0.0, 0.0, 0.0, 0.0, 0.0, 0.0, 0.0, 0.0, 0.0, 0.0, 0.0, 0.0, 0.0, 0.0, 0.0, 0.0, 0.0, 0.0, 0.0, 0.0, 0.0, 0.0, 0.0, 0.0, 0.0, 0.0, 0.0, 0.0, 0.0, 0.0, 0.0, 0.0, 0.0, 0.0, 0.0, 0.0, 0.0, 0.0, 0.0, 0.0, 0.0, 0.0, 0.0, 0.0, 0.0, 0.0, 0.0, 0.0, 0.0, 0.0, 0.0, 0.0, 0.0, 0.0, 0.0, 0.0, 0.0, 0.0, 0.0, 0.0, 0.0, 0.0, 0.0, 1.0, 1.0, 0.0, 0.0, 0.0, 0.0, 0.0, 0.0, 0.0, 0.0, 0.0, 0.0, 0.0, 0.0, 0.0, 0.0, 0.0, 0.0, 0.0, 0.0, 0.0, 0.0, 1.0, 0.23333333333333334, 0.2842857142856, 0.0074602964579709, 0.32666666666666666, 0.23142857142832, 0.008676008802515855, 0.31333333333333335, 0.40999999999842857, 0.0021366029557734942, 0.28, 0.80571428571384, 0.011746530436334314, 0.29333333333333333, 0.4742857142835429, 0.0014667384877461351, 0.2733333333333333, 0.8914285714284571, 0.03993942263564875, 0.2866666666666667, 0.39999999999934, 0.004882278855274617, 0.32666666666666666, 0.21999999999936, 0.003137499205192424, 0.29333333333333333, 0.75142857142848, 0.005228569277877371, 0.2866666666666667, 0.9057142857138172, 0.004299117769788352, 0.2866666666666667, 0.9399999999995485, 0.004461860398297855, 0.24666666666666667, 0.5842857142857114, 0.0052742406773867295, 0.28, 0.99428571428472, 0.0032212707579531243, 0.32666666666666666, 0.14571428571, 0.0003034817893798185, 0.2733333333333333, 0.47428571428561145, 0.042499642035366055, 0.28, 0.26714285714232, 0.0025964553092095925, 0.20666666666666667, 0.30285714285628573, 0.014715975934143316, 0.3333333333333333, 0.28, 0.001285870193510074, 0.22666666666666666, 0.22999999999999715, 0.0165686355466282, 0.26666666666666666, 0.6185714285691428, 0.0016710137868781653, 0.31333333333333335, 0.14285714285633141, 0.0024380051589110016, 0.2866666666666667, 0.9199999999996, 0.018835831823678845, 0.22, 0.33857142857104283, 0.007538682396080158, 0.31333333333333335, 0.6528571428555886, 0.0015947749631803757, 0.3333333333333333, 0.24857142857142858, 0.01826460519761248, 0.2733333333333333, 0.181428571428, 0.0005419131062726566, 0.0, 0.0, 0.0, 0.0, 0.0, 0.0, 0.0, 0.0, 0.0, 0.0, 0.0, 0.0, 0.0, 0.0, 0.0, 0.0, 0.0, 0.0, 0.0, 0.0, 0.0, 0.0, 0.0, 0.0, 0.0, 0.0, 0.0, 0.0, 0.0, 0.0, 0.0, 0.0, 0.0, 0.0, 0.0, 0.0, 0.0, 0.0, 0.0, 0.0, 0.0, 0.0, 0.0, 0.0, 0.0, 0.0, 0.0, 0.0, 0.0, 0.0, 0.0, 0.0, 0.0, 0.0, 0.0, 0.0, 0.0, 0.0, 0.0, 0.0, 0.0, 0.0, 0.0, 0.0, 0.0, 0.0, 0.0, 0.0, 0.0, 0.0, 0.0, 0.0, 0.0, 0.0, 0.0, 0.0, 0.0, 0.0, 0.0, 0.0, 0.0, 0.0, 0.0, 0.0, 0.0, 0.0, 0.0, 0.0, 0.0, 0.0, 0.0, 0.0, 0.0, 0.0, 0.0, 0.0, 0.0, 0.0, 0.0, 0.0, 0.0, 0.0, 0.0, 0.0, 0.0, 0.0, 0.0, 0.0, 0.0, 0.0, 0.0, 0.0, 0.0, 0.0],[0, 0, 0, 0, 0, 0, 0, 0, 0, 0, 0, 0, 0, 0, 0, 0, 0, 0, 0, 0, 0, 0, 0, 0, 0, 0, 0, 0, 0, 0, 0, 0, 0, 0, 0, 0, 0, 0, 0, 0, 0, 0, 0, 0, 0, 0, 0, 0, 0, 0, 0, 0, 0, 0, 0, 0, 0, 0, 0, 0, 0, 0, 0, 0]
[0.0, 0.0, 0.0, 0.0, 0.0, 0.0, 0.0, 0.0, 0.0, 0.0, 0.0, 0.0, 0.0, 0.0, 0.0, 0.0, 0.0, 0.0, 0.0, 0.0, 0.0, 0.0, 0.0, 0.0, 0.0, 0.0, 0.0, 0.0, 0.0, 0.0, 0.0, 0.0, 0.0, 0.0, 0.0, 0.0, 0.0, 0.0, 0.0, 0.0, 0.0, 0.0, 0.0, 0.0, 0.0, 1.0, 1.0, 1.0, 1.0, 1.0, 1.0, 1.0, 1.0, 1.0, 1.0, 0.0, 1.0, 1.0, 0.0, 0.0, 0.0, 0.0, 0.0, 0.0, 0.0, 0.0, 0.0, 0.0, 0.0, 0.0, 0.0, 0.0, 0.0, 0.0, 0.0, 0.0, 0.0, 0.0, 0.0, 0.0, 0.0, 0.0, 0.0, 0.0, 0.0, 0.0, 0.0, 0.0, 0.0, 0.0, 0.0, 0.0, 0.0, 0.0, 0.0, 0.0, 0.0, 0.0, 0.0, 0.0, 0.0, 0.0, 0.0, 0.0, 0.0, 0.0, 0.0, 0.0, 0.0, 0.0, 0.0, 0.0, 0.0, 0.0, 0.0, 0.0, 0.0, 0.0, 1.0, 1.0, 1.0, 1.0, 1.0, 0.0, 0.0, 1.0, 0.0, 1.0, 1.0, 1.0, 1.0, 1.0, 1.0, 1.0, 1.0, 1.0, 1.0, 1.0, 1.0, 1.0, 0.0, 1.0, 0.0, 0.0, 0.0, 0.0, 0.0, 0.0, 0.0, 1.0, 0.23333333333333334, 0.2842857142856, 0.0074602964579709, 0.32666666666666666, 0.23142857142832, 0.008676008802515855, 0.31333333333333335, 0.40999999999842857, 0.0021366029557734942, 0.28, 0.80571428571384, 0.011746530436334314, 0.29333333333333333, 0.4742857142835429, 0.0014667384877461351, 0.2733333333333333, 0.8914285714284571, 0.03993942263564875, 0.2866666666666667, 0.39999999999934, 0.004882278855274617, 0.32666666666666666, 0.21999999999936, 0.003137499205192424, 0.29333333333333333, 0.75142857142848, 0.005228569277877371, 0.2866666666666667, 0.9057142857138172, 0.004299117769788352, 0.2866666666666667, 0.9399999999995485, 0.004461860398297855, 0.24666666666666667, 0.5842857142857114, 0.0052742406773867295, 0.28, 0.99428571428472, 0.0032212707579531243, 0.32666666666666666, 0.14571428571, 0.0003034817893798185, 0.2733333333333333, 0.47428571428561145, 0.042499642035366055, 0.28, 0.26714285714232, 0.0025964553092095925, 0.20666666666666667, 0.30285714285628573, 0.014715975934143316, 0.3333333333333333, 0.28, 0.001285870193510074, 0.22666666666666666, 0.22999999999999715, 0.0165686355466282, 0.26666666666666666, 0.6185714285691428, 0.0016710137868781653, 0.31333333333333335, 0.14285714285633141, 0.0024380051589110016, 0.2866666666666667, 0.9199999999996, 0.018835831823678845, 0.22, 0.33857142857104283, 0.007538682396080158, 0.31333333333333335, 0.6528571428555886, 0.0015947749631803757, 0.3333333333333333, 0.24857142857142858, 0.01826460519761248, 0.2733333333333333, 0.181428571428, 0.0005419131062726566, 0.0, 0.0, 0.0, 0.0, 0.0, 0.0, 0.0, 0.0, 0.0, 0.0, 0.0, 0.0, 0.0, 0.0, 0.0, 0.0, 0.0, 0.0, 0.0, 0.0, 0.0, 0.0, 0.0, 0.0, 0.0, 0.0, 0.0, 0.0, 0.0, 0.0, 0.0, 0.0, 0.0, 0.0, 0.0, 0.0, 0.0, 0.0, 0.0, 0.0, 0.0, 0.0, 0.0, 0.0, 0.0, 0.0, 0.0, 0.0, 0.0, 0.0, 0.0, 0.0, 0.0, 0.0, 0.0, 0.0, 0.0, 0.0, 0.0, 0.0, 0.0, 0.0, 0.0, 0.0, 0.0, 0.0, 0.0, 0.0, 0.0, 0.0, 0.0, 0.0, 0.0, 0.0, 0.0, 0.0, 0.0, 0.0, 0.0, 0.0, 0.0, 0.0, 0.0, 0.0, 0.0, 0.0, 0.0, 0.0, 0.0, 0.0, 0.0, 0.0, 0.0, 0.0, 0.0, 0.0, 0.0, 0.0, 0.0, 0.0, 0.0, 0.0, 0.0, 0.0, 0.0, 0.0, 0.0, 0.0, 0.0, 0.0, 0.0, 0.0, 0.0, 0.0],[0, 0, 0, 0, 0, 0, 0, 0, 0, 0, 0, 0, 0, 0, 0, 0, 1, 0, 0, 0, 0, 0, 0, 0, 0, 0, 0, 0, 0, 0, 0, 0, 0, 0, 0, 0, 0, 0, 0, 0, 0, 0, 0, 0, 0, 0, 0, 0, 0, 0, 0, 0, 0, 0, 0, 0, 0, 0, 0, 0, 0, 0, 0, 0]
[0.0, 0.0, 0.0, 0.0, 0.0, 0.0, 0.0, 0.0, 0.0, 0.0, 0.0, 0.0, 0.0, 0.0, 0.0, 0.0, 0.0, 0.0, 0.0, 0.0, 0.0, 0.0, 0.0, 0.0, 0.0, 0.0, 0.0, 0.0, 0.0, 0.0, 0.0, 0.0, 0.0, 0.0, 0.0, 0.0, 0.0, 0.0, 0.0, 0.0, 0.0, 0.0, 0.0, 0.0, 0.0, 0.0, 0.0, 0.0, 0.0, 0.0, 0.0, 0.0, 0.0, 0.0, 0.0, 0.0, 0.0, 0.0, 0.0, 0.0, 0.0, 0.0, 0.0, 0.0, 0.0, 0.0, 0.0, 0.0, 0.0, 0.0, 0.0, 0.0, 0.0, 0.0, 0.0, 0.0, 0.0, 0.0, 0.0, 0.0, 0.0, 0.0, 0.0, 0.0, 0.0, 0.0, 0.0, 0.0, 0.0, 0.0, 0.0, 0.0, 0.0, 0.0, 0.0, 0.0, 0.0, 0.0, 0.0, 0.0, 0.0, 0.0, 0.0, 0.0, 0.0, 0.0, 0.0, 0.0, 0.0, 0.0, 0.0, 0.0, 0.0, 0.0, 0.0, 0.0, 0.0, 0.0, 0.0, 0.0, 0.0, 0.0, 0.0, 0.0, 0.0, 0.0, 0.0, 0.0, 0.0, 0.0, 0.0, 0.0, 0.0, 0.0, 0.0, 0.0, 0.0, 0.0, 0.0, 0.0, 0.0, 1.0, 0.0, 0.0, 0.0, 0.0, 0.0, 0.0, 0.0, 1.0, 0.23333333333333334, 0.2842857142856, 0.0074602964579709, 0.32666666666666666, 0.23142857142832, 0.008676008802515855, 0.31333333333333335, 0.40999999999842857, 0.0021366029557734942, 0.28, 0.80571428571384, 0.011746530436334314, 0.29333333333333333, 0.4742857142835429, 0.0014667384877461351, 0.2733333333333333, 0.8914285714284571, 0.03993942263564875, 0.2866666666666667, 0.39999999999934, 0.004882278855274617, 0.32666666666666666, 0.21999999999936, 0.003137499205192424, 0.29333333333333333, 0.75142857142848, 0.005228569277877371, 0.2866666666666667, 0.9057142857138172, 0.004299117769788352, 0.2866666666666667, 0.9399999999995485, 0.004461860398297855, 0.24666666666666667, 0.5842857142857114, 0.0052742406773867295, 0.28, 0.99428571428472, 0.0032212707579531243, 0.32666666666666666, 0.14571428571, 0.0003034817893798185, 0.2733333333333333, 0.47428571428561145, 0.042499642035366055, 0.28, 0.26714285714232, 0.0025964553092095925, 0.3333333333333333, 0.28, 0.001285870193510074, 0.22666666666666666, 0.22999999999999715, 0.0165686355466282, 0.26666666666666666, 0.6185714285691428, 0.0016710137868781653, 0.31333333333333335, 0.14285714285633141, 0.0024380051589110016, 0.2866666666666667, 0.9199999999996, 0.018835831823678845, 0.22, 0.33857142857104283, 0.007538682396080158, 0.31333333333333335, 0.6528571428555886, 0.0015947749631803757, 0.3333333333333333, 0.24857142857142858, 0.01826460519761248, 0.2733333333333333, 0.181428571428, 0.0005419131062726566, 0.0, 0.0, 0.0, 0.0, 0.0, 0.0, 0.0, 0.0, 0.0, 0.0, 0.0, 0.0, 0.0, 0.0, 0.0, 0.0, 0.0, 0.0, 0.0, 0.0, 0.0, 0.0, 0.0, 0.0, 0.0, 0.0, 0.0, 0.0, 0.0, 0.0, 0.0, 0.0, 0.0, 0.0, 0.0, 0.0, 0.0, 0.0, 0.0, 0.0, 0.0, 0.0, 0.0, 0.0, 0.0, 0.0, 0.0, 0.0, 0.0, 0.0, 0.0, 0.0, 0.0, 0.0, 0.0, 0.0, 0.0, 0.0, 0.0, 0.0, 0.0, 0.0, 0.0, 0.0, 0.0, 0.0, 0.0, 0.0, 0.0, 0.0, 0.0, 0.0, 0.0, 0.0, 0.0, 0.0, 0.0, 0.0, 0.0, 0.0, 0.0, 0.0, 0.0, 0.0, 0.0, 0.0, 0.0, 0.0, 0.0, 0.0, 0.0, 0.0, 0.0, 0.0, 0.0, 0.0, 0.0, 0.0, 0.0, 0.0, 0.0, 0.0, 0.0, 0.0, 0.0, 0.0, 0.0, 0.0, 0.0, 0.0, 0.0, 0.0, 0.0, 0.0, 0.0, 0.0, 0.0],[0, 0, 0, 0, 0, 0, 0, 0, 0, 0, 0, 0, 0, 0, 0, 0, 0, 0, 0, 0, 0, 0, 0, 0, 0, 0, 0, 0, 0, 0, 0, 0, 0, 0, 0, 0, 0, 0, 0, 0, 0, 0, 0, 0, 0, 0, 0, 0, 0, 0, 0, 0, 0, 0, 0, 0, 0, 0, 0, 0, 0, 0, 0, 0]
[0.0, 0.0, 0.0, 0.0, 0.0, 0.0, 0.0, 0.0, 0.0, 0.0, 0.0, 0.0, 0.0, 0.0, 0.0, 0.0, 0.0, 0.0, 0.0, 0.0, 0.0, 0.0, 0.0, 0.0, 0.0, 0.0, 0.0, 0.0, 0.0, 0.0, 0.0, 0.0, 0.0, 0.0, 0.0, 0.0, 0.0, 0.0, 0.0, 0.0, 0.0, 0.0, 0.0, 0.0, 0.0, 1.0, 1.0, 1.0, 1.0, 1.0, 1.0, 1.0, 1.0, 1.0, 1.0, 0.0, 1.0, 1.0, 0.0, 0.0, 0.0, 0.0, 0.0, 0.0, 0.0, 0.0, 0.0, 0.0, 0.0, 0.0, 0.0, 0.0, 0.0, 0.0, 0.0, 0.0, 0.0, 0.0, 0.0, 0.0, 0.0, 0.0, 0.0, 0.0, 0.0, 0.0, 0.0, 0.0, 0.0, 0.0, 0.0, 0.0, 0.0, 0.0, 0.0, 0.0, 0.0, 0.0, 0.0, 0.0, 0.0, 0.0, 0.0, 0.0, 0.0, 0.0, 0.0, 0.0, 0.0, 0.0, 0.0, 0.0, 0.0, 0.0, 0.0, 0.0, 0.0, 0.0, 1.0, 1.0, 1.0, 1.0, 1.0, 0.0, 0.0, 1.0, 0.0, 1.0, 1.0, 1.0, 1.0, 1.0, 1.0, 1.0, 1.0, 1.0, 1.0, 1.0, 1.0, 1.0, 0.0, 1.0, 0.0, 0.0, 0.0, 0.0, 0.0, 0.0, 0.0, 1.0, 0.23333333333333334, 0.2842857142856, 0.0074602964579709, 0.32666666666666666, 0.23142857142832, 0.008676008802515855, 0.31333333333333335, 0.40999999999842857, 0.0021366029557734942, 0.28, 0.80571428571384, 0.011746530436334314, 0.29333333333333333, 0.4742857142835429, 0.0014667384877461351, 0.2733333333333333, 0.8914285714284571, 0.03993942263564875, 0.2866666666666667, 0.39999999999934, 0.004882278855274617, 0.32666666666666666, 0.21999999999936, 0.003137499205192424, 0.29333333333333333, 0.75142857142848, 0.005228569277877371, 0.2866666666666667, 0.9057142857138172, 0.004299117769788352, 0.2866666666666667, 0.9399999999995485, 0.004461860398297855, 0.24666666666666667, 0.5842857142857114, 0.0052742406773867295, 0.28, 0.99428571428472, 0.0032212707579531243, 0.32666666666666666, 0.14571428571, 0.0003034817893798185, 0.2733333333333333, 0.47428571428561145, 0.042499642035366055, 0.28, 0.26714285714232, 0.0025964553092095925, 0.3333333333333333, 0.28, 0.001285870193510074, 0.1, 0.4542857142857143, 0.05563356755594606, 0.22666666666666666, 0.22999999999999715, 0.0165686355466282, 0.26666666666666666, 0.6185714285691428, 0.0016710137868781653, 0.31333333333333335, 0.14285714285633141, 0.0024380051589110016, 0.2866666666666667, 0.9199999999996, 0.018835831823678845, 0.22, 0.33857142857104283, 0.007538682396080158, 0.31333333333333335, 0.6528571428555886, 0.0015947749631803757, 0.3333333333333333, 0.24857142857142858, 0.01826460519761248, 0.2733333333333333, 0.181428571428, 0.0005419131062726566, 0.0, 0.0, 0.0, 0.0, 0.0, 0.0, 0.0, 0.0, 0.0, 0.0, 0.0, 0.0, 0.0, 0.0, 0.0, 0.0, 0.0, 0.0, 0.0, 0.0, 0.0, 0.0, 0.0, 0.0, 0.0, 0.0, 0.0, 0.0, 0.0, 0.0, 0.0, 0.0, 0.0, 0.0, 0.0, 0.0, 0.0, 0.0, 0.0, 0.0, 0.0, 0.0, 0.0, 0.0, 0.0, 0.0, 0.0, 0.0, 0.0, 0.0, 0.0, 0.0, 0.0, 0.0, 0.0, 0.0, 0.0, 0.0, 0.0, 0.0, 0.0, 0.0, 0.0, 0.0, 0.0, 0.0, 0.0, 0.0, 0.0, 0.0, 0.0, 0.0, 0.0, 0.0, 0.0, 0.0, 0.0, 0.0, 0.0, 0.0, 0.0, 0.0, 0.0, 0.0, 0.0, 0.0, 0.0, 0.0, 0.0, 0.0, 0.0, 0.0, 0.0, 0.0, 0.0, 0.0, 0.0, 0.0, 0.0, 0.0, 0.0, 0.0, 0.0, 0.0, 0.0, 0.0, 0.0, 0.0, 0.0, 0.0, 0.0, 0.0, 0.0, 0.0],[0, 0, 0, 0, 0, 0, 0, 0, 0, 0, 0, 0, 0, 0, 0, 0, 0, 1, 0, 0, 0, 0, 0, 0, 0, 0, 0, 0, 0, 0, 0, 0, 0, 0, 0, 0, 0, 0, 0, 0, 0, 0, 0, 0, 0, 0, 0, 0, 0, 0, 0, 0, 0, 0, 0, 0, 0, 0, 0, 0, 0, 0, 0, 0]
[0.0, 0.0, 0.0, 0.0, 0.0, 0.0, 0.0, 0.0, 0.0, 0.0, 0.0, 0.0, 0.0, 0.0, 0.0, 0.0, 0.0, 0.0, 0.0, 0.0, 0.0, 0.0, 0.0, 0.0, 0.0, 0.0, 0.0, 0.0, 0.0, 0.0, 0.0, 0.0, 0.0, 0.0, 0.0, 0.0, 0.0, 0.0, 0.0, 0.0, 0.0, 0.0, 0.0, 0.0, 0.0, 0.0, 0.0, 0.0, 0.0, 0.0, 0.0, 0.0, 0.0, 0.0, 0.0, 0.0, 0.0, 0.0, 0.0, 0.0, 0.0, 0.0, 0.0, 0.0, 0.0, 0.0, 0.0, 0.0, 0.0, 0.0, 0.0, 0.0, 0.0, 0.0, 0.0, 0.0, 0.0, 0.0, 0.0, 0.0, 0.0, 0.0, 0.0, 0.0, 0.0, 0.0, 0.0, 0.0, 0.0, 0.0, 0.0, 0.0, 0.0, 0.0, 0.0, 0.0, 0.0, 0.0, 0.0, 0.0, 0.0, 0.0, 0.0, 0.0, 0.0, 0.0, 0.0, 0.0, 0.0, 0.0, 0.0, 0.0, 0.0, 0.0, 0.0, 0.0, 0.0, 0.0, 0.0, 0.0, 0.0, 1.0, 1.0, 0.0, 0.0, 1.0, 0.0, 1.0, 1.0, 1.0, 1.0, 1.0, 1.0, 1.0, 1.0, 1.0, 1.0, 1.0, 1.0, 1.0, 0.0, 1.0, 0.0, 0.0, 0.0, 0.0, 0.0, 0.0, 0.0, 1.0, 0.23333333333333334, 0.2842857142856, 0.0074602964579709, 0.32666666666666666, 0.23142857142832, 0.008676008802515855, 0.31333333333333335, 0.40999999999842857, 0.0021366029557734942, 0.28, 0.80571428571384, 0.011746530436334314, 0.29333333333333333, 0.4742857142835429, 0.0014667384877461351, 0.2733333333333333, 0.8914285714284571, 0.03993942263564875, 0.2866666666666667, 0.39999999999934, 0.004882278855274617, 0.32666666666666666, 0.21999999999936, 0.003137499205192424, 0.29333333333333333, 0.75142857142848, 0.005228569277877371, 0.2866666666666667, 0.9057142857138172, 0.004299117769788352, 0.2866666666666667, 0.9399999999995485, 0.004461860398297855, 0.24666666666666667, 0.5842857142857114, 0.0052742406773867295, 0.28, 0.99428571428472, 0.0032212707579531243, 0.32666666666666666, 0.14571428571, 0.0003034817893798185, 0.2733333333333333, 0.47428571428561145, 0.042499642035366055, 0.28, 0.26714285714232, 0.0025964553092095925, 0.3333333333333333, 0.28, 0.001285870193510074, 0.22666666666666666, 0.22999999999999715, 0.0165686355466282, 0.26666666666666666, 0.6185714285691428, 0.0016710137868781653, 0.31333333333333335, 0.14285714285633141, 0.0024380051589110016, 0.2866666666666667, 0.9199999999996, 0.018835831823678845, 0.22, 0.33857142857104283, 0.007538682396080158, 0.31333333333333335, 0.6528571428555886, 0.0015947749631803757, 0.3333333333333333, 0.24857142857142858, 0.01826460519761248, 0.2733333333333333, 0.181428571428, 0.0005419131062726566, 0.0, 0.0, 0.0, 0.0, 0.0, 0.0, 0.0, 0.0, 0.0, 0.0, 0.0, 0.0, 0.0, 0.0, 0.0, 0.0, 0.0, 0.0, 0.0, 0.0, 0.0, 0.0, 0.0, 0.0, 0.0, 0.0, 0.0, 0.0, 0.0, 0.0, 0.0, 0.0, 0.0, 0.0, 0.0, 0.0, 0.0, 0.0, 0.0, 0.0, 0.0, 0.0, 0.0, 0.0, 0.0, 0.0, 0.0, 0.0, 0.0, 0.0, 0.0, 0.0, 0.0, 0.0, 0.0, 0.0, 0.0, 0.0, 0.0, 0.0, 0.0, 0.0, 0.0, 0.0, 0.0, 0.0, 0.0, 0.0, 0.0, 0.0, 0.0, 0.0, 0.0, 0.0, 0.0, 0.0, 0.0, 0.0, 0.0, 0.0, 0.0, 0.0, 0.0, 0.0, 0.0, 0.0, 0.0, 0.0, 0.0, 0.0, 0.0, 0.0, 0.0, 0.0, 0.0, 0.0, 0.0, 0.0, 0.0, 0.0, 0.0, 0.0, 0.0, 0.0, 0.0, 0.0, 0.0, 0.0, 0.0, 0.0, 0.0, 0.0, 0.0, 0.0, 0.0, 0.0, 0.0],[0, 0, 0, 0, 0, 0, 0, 0, 0, 0, 0, 0, 0, 0, 0, 0, 0, 0, 0, 0, 0, 0, 0, 0, 0, 0, 0, 0, 0, 0, 0, 0, 0, 0, 0, 0, 0, 0, 0, 0, 0, 0, 0, 0, 0, 0, 0, 0, 0, 0, 0, 0, 0, 0, 0, 0, 0, 0, 0, 0, 0, 0, 0, 0]
[0.0, 0.0, 0.0, 0.0, 0.0, 0.0, 0.0, 0.0, 0.0, 0.0, 0.0, 0.0, 0.0, 0.0, 0.0, 0.0, 0.0, 0.0, 0.0, 0.0, 0.0, 0.0, 0.0, 0.0, 0.0, 0.0, 0.0, 0.0, 0.0, 0.0, 0.0, 0.0, 0.0, 0.0, 0.0, 0.0, 0.0, 0.0, 0.0, 0.0, 0.0, 0.0, 0.0, 0.0, 0.0, 0.0, 0.0, 0.0, 0.0, 0.0, 0.0, 0.0, 0.0, 0.0, 0.0, 0.0, 0.0, 0.0, 0.0, 0.0, 0.0, 0.0, 0.0, 0.0, 0.0, 0.0, 0.0, 0.0, 1.0, 1.0, 1.0, 1.0, 1.0, 1.0, 1.0, 1.0, 1.0, 0.0, 0.0, 0.0, 0.0, 0.0, 1.0, 1.0, 1.0, 1.0, 1.0, 1.0, 1.0, 1.0, 1.0, 1.0, 1.0, 1.0, 1.0, 1.0, 1.0, 1.0, 1.0, 1.0, 1.0, 1.0, 1.0, 1.0, 1.0, 1.0, 1.0, 1.0, 1.0, 1.0, 1.0, 1.0, 1.0, 1.0, 1.0, 1.0, 1.0, 1.0, 0.0, 0.0, 0.0, 1.0, 1.0, 0.0, 0.0, 1.0, 1.0, 1.0, 1.0, 1.0, 1.0, 1.0, 1.0, 1.0, 1.0, 1.0, 1.0, 1.0, 1.0, 1.0, 0.0, 1.0, 0.0, 0.0, 0.0, 0.0, 0.0, 0.0, 0.0, 1.0, 0.23333333333333334, 0.2842857142856, 0.0074602964579709, 0.32666666666666666, 0.23142857142832, 0.008676008802515855, 0.31333333333333335, 0.40999999999842857, 0.0021366029557734942, 0.28, 0.80571428571384, 0.011746530436334314, 0.29333333333333333, 0.4742857142835429, 0.0014667384877461351, 0.2733333333333333, 0.8914285714284571, 0.03993942263564875, 0.2866666666666667, 0.39999999999934, 0.004882278855274617, 0.32666666666666666, 0.21999999999936, 0.003137499205192424, 0.29333333333333333, 0.75142857142848, 0.005228569277877371, 0.2866666666666667, 0.9057142857138172, 0.004299117769788352, 0.2866666666666667, 0.9399999999995485, 0.004461860398297855, 0.24666666666666667, 0.5842857142857114, 0.0052742406773867295, 0.28, 0.99428571428472, 0.0032212707579531243, 0.32666666666666666, 0.14571428571, 0.0003034817893798185, 0.2733333333333333, 0.47428571428561145, 0.042499642035366055, 0.28, 0.26714285714232, 0.0025964553092095925, 0.3333333333333333, 0.28, 0.001285870193510074, 0.22666666666666666, 0.22999999999999715, 0.0165686355466282, 0.26666666666666666, 0.6185714285691428, 0.0016710137868781653, 0.31333333333333335, 0.14285714285633141, 0.0024380051589110016, 0.2866666666666667, 0.9199999999996, 0.018835831823678845, 0.22, 0.33857142857104283, 0.007538682396080158, 0.31333333333333335, 0.6528571428555886, 0.0015947749631803757, 0.3333333333333333, 0.24857142857142858, 0.01826460519761248, 0.2733333333333333, 0.181428571428, 0.0005419131062726566, 0.0, 0.0, 0.0, 0.0, 0.0, 0.0, 0.0, 0.0, 0.0, 0.0, 0.0, 0.0, 0.0, 0.0, 0.0, 0.0, 0.0, 0.0, 0.0, 0.0, 0.0, 0.0, 0.0, 0.0, 0.0, 0.0, 0.0, 0.0, 0.0, 0.0, 0.0, 0.0, 0.0, 0.0, 0.0, 0.0, 0.0, 0.0, 0.0, 0.0, 0.0, 0.0, 0.0, 0.0, 0.0, 0.0, 0.0, 0.0, 0.0, 0.0, 0.0, 0.0, 0.0, 0.0, 0.0, 0.0, 0.0, 0.0, 0.0, 0.0, 0.0, 0.0, 0.0, 0.0, 0.0, 0.0, 0.0, 0.0, 0.0, 0.0, 0.0, 0.0, 0.0, 0.0, 0.0, 0.0, 0.0, 0.0, 0.0, 0.0, 0.0, 0.0, 0.0, 0.0, 0.0, 0.0, 0.0, 0.0, 0.0, 0.0, 0.0, 0.0, 0.0, 0.0, 0.0, 0.0, 0.0, 0.0, 0.0, 0.0, 0.0, 0.0, 0.0, 0.0, 0.0, 0.0, 0.0, 0.0, 0.0, 0.0, 0.0, 0.0, 0.0, 0.0, 0.0, 0.0, 0.0],[1, 0, 0, 0, 0, 0, 0, 0, 0, 0, 0, 0, 0, 0, 0, 0, 0, 0, 0, 0, 0, 0, 0, 0, 0, 0, 0, 0, 0, 0, 0, 0, 0, 0, 0, 0, 0, 0, 0, 0, 0, 0, 0, 0, 0, 0, 0, 0, 0, 0, 0, 0, 0, 0, 0, 0, 0, 0, 0, 0, 0, 0, 0, 0]
[0.0, 0.0, 0.0, 0.0, 0.0, 0.0, 0.0, 0.0, 0.0, 0.0, 0.0, 0.0, 0.0, 0.0, 0.0, 0.0, 0.0, 0.0, 0.0, 0.0, 0.0, 0.0, 0.0, 0.0, 0.0, 0.0, 0.0, 0.0, 0.0, 0.0, 0.0, 0.0, 0.0, 0.0, 0.0, 0.0, 0.0, 0.0, 0.0, 0.0, 0.0, 0.0, 0.0, 0.0, 0.0, 0.0, 0.0, 0.0, 0.0, 0.0, 0.0, 0.0, 0.0, 0.0, 0.0, 0.0, 0.0, 0.0, 0.0, 0.0, 0.0, 0.0, 0.0, 0.0, 0.0, 0.0, 0.0, 0.0, 0.0, 0.0, 0.0, 0.0, 0.0, 0.0, 0.0, 0.0, 0.0, 0.0, 0.0, 0.0, 0.0, 0.0, 0.0, 0.0, 0.0, 0.0, 0.0, 0.0, 0.0, 0.0, 0.0, 0.0, 0.0, 0.0, 0.0, 0.0, 0.0, 0.0, 0.0, 0.0, 0.0, 0.0, 0.0, 0.0, 0.0, 0.0, 0.0, 0.0, 1.0, 1.0, 1.0, 1.0, 1.0, 1.0, 1.0, 1.0, 1.0, 1.0, 0.0, 0.0, 0.0, 1.0, 1.0, 0.0, 0.0, 1.0, 1.0, 1.0, 1.0, 1.0, 1.0, 1.0, 1.0, 1.0, 1.0, 1.0, 1.0, 1.0, 1.0, 1.0, 0.0, 1.0, 0.0, 0.0, 0.0, 0.0, 0.0, 0.0, 0.0, 1.0, 0.32666666666666666, 0.23142857142832, 0.008676008802515855, 0.31333333333333335, 0.40999999999842857, 0.0021366029557734942, 0.28, 0.80571428571384, 0.011746530436334314, 0.29333333333333333, 0.4742857142835429, 0.0014667384877461351, 0.2733333333333333, 0.8914285714284571, 0.03993942263564875, 0.2866666666666667, 0.39999999999934, 0.004882278855274617, 0.32666666666666666, 0.21999999999936, 0.003137499205192424, 0.29333333333333333, 0.75142857142848, 0.005228569277877371, 0.2866666666666667, 0.9057142857138172, 0.004299117769788352, 0.2866666666666667, 0.9399999999995485, 0.004461860398297855, 0.24666666666666667, 0.5842857142857114, 0.0052742406773867295, 0.28, 0.99428571428472, 0.0032212707579531243, 0.32666666666666666, 0.14571428571, 0.0003034817893798185, 0.2733333333333333, 0.47428571428561145, 0.042499642035366055, 0.28, 0.26714285714232, 0.0025964553092095925, 0.3333333333333333, 0.28, 0.001285870193510074, 0.22666666666666666, 0.22999999999999715, 0.0165686355466282, 0.26666666666666666, 0.6185714285691428, 0.0016710137868781653, 0.31333333333333335, 0.14285714285633141, 0.0024380051589110016, 0.2866666666666667, 0.9199999999996, 0.018835831823678845, 0.22, 0.33857142857104283, 0.007538682396080158, 0.31333333333333335, 0.6528571428555886, 0.0015947749631803757, 0.3333333333333333, 0.24857142857142858, 0.01826460519761248, 0.2733333333333333, 0.181428571428, 0.0005419131062726566, 0.0, 0.0, 0.0, 0.0, 0.0, 0.0, 0.0, 0.0, 0.0, 0.0, 0.0, 0.0, 0.0, 0.0, 0.0, 0.0, 0.0, 0.0, 0.0, 0.0, 0.0, 0.0, 0.0, 0.0, 0.0, 0.0, 0.0, 0.0, 0.0, 0.0, 0.0, 0.0, 0.0, 0.0, 0.0, 0.0, 0.0, 0.0, 0.0, 0.0, 0.0, 0.0, 0.0, 0.0, 0.0, 0.0, 0.0, 0.0, 0.0, 0.0, 0.0, 0.0, 0.0, 0.0, 0.0, 0.0, 0.0, 0.0, 0.0, 0.0, 0.0, 0.0, 0.0, 0.0, 0.0, 0.0, 0.0, 0.0, 0.0, 0.0, 0.0, 0.0, 0.0, 0.0, 0.0, 0.0, 0.0, 0.0, 0.0, 0.0, 0.0, 0.0, 0.0, 0.0, 0.0, 0.0, 0.0, 0.0, 0.0, 0.0, 0.0, 0.0, 0.0, 0.0, 0.0, 0.0, 0.0, 0.0, 0.0, 0.0, 0.0, 0.0, 0.0, 0.0, 0.0, 0.0, 0.0, 0.0, 0.0, 0.0, 0.0, 0.0, 0.0, 0.0, 0.0, 0.0, 0.0, 0.0, 0.0, 0.0],[0, 0, 0, 0, 0, 0, 0, 0, 0, 0, 0, 0, 0, 0, 0, 0, 0, 0, 0, 0, 0, 0, 0, 0, 0, 0, 0, 0, 0, 0, 0, 0, 0, 0, 0, 0, 0, 0, 0, 0, 0, 0, 0, 0, 0, 0, 0, 0, 0, 0, 0, 0, 0, 0, 0, 0, 0, 0, 0, 0, 0, 0, 0, 0]
[0.0, 0.0, 0.0, 0.0, 0.0, 0.0, 0.0, 1.0, 1.0, 1.0, 1.0, 1.0, 1.0, 1.0, 1.0, 1.0, 1.0, 1.0, 1.0, 1.0, 1.0, 1.0, 1.0, 1.0, 1.0, 1.0, 1.0, 1.0, 1.0, 1.0, 1.0, 1.0, 1.0, 1.0, 1.0, 1.0, 0.0, 0.0, 0.0, 0.0, 0.0, 1.0, 1.0, 1.0, 1.0, 0.0, 0.0, 0.0, 0.0, 0.0, 0.0, 0.0, 0.0, 0.0, 0.0, 0.0, 0.0, 0.0, 0.0, 0.0, 0.0, 0.0, 0.0, 0.0, 0.0, 0.0, 0.0, 0.0, 0.0, 0.0, 0.0, 0.0, 0.0, 0.0, 0.0, 0.0, 0.0, 0.0, 0.0, 0.0, 0.0, 0.0, 0.0, 0.0, 0.0, 0.0, 0.0, 0.0, 0.0, 0.0, 0.0, 0.0, 0.0, 0.0, 0.0, 0.0, 0.0, 0.0, 0.0, 0.0, 0.0, 0.0, 0.0, 0.0, 0.0, 0.0, 0.0, 0.0, 1.0, 1.0, 1.0, 1.0, 1.0, 1.0, 1.0, 1.0, 1.0, 1.0, 0.0, 0.0, 0.0, 1.0, 1.0, 0.0, 0.0, 1.0, 1.0, 1.0, 1.0, 1.0, 1.0, 1.0, 1.0, 1.0, 1.0, 1.0, 1.0, 1.0, 1.0, 1.0, 0.0, 1.0, 0.0, 0.0, 0.0, 0.0, 0.0, 0.0, 0.0, 1.0, 0.32666666666666666, 0.23142857142832, 0.008676008802515855, 0.31333333333333335, 0.40999999999842857, 0.0021366029557734942, 0.28, 0.80571428571384, 0.011746530436334314, 0.29333333333333333, 0.4742857142835429, 0.0014667384877461351, 0.2733333333333333, 0.8914285714284571, 0.03993942263564875, 0.2866666666666667, 0.39999999999934, 0.004882278855274617, 0.32666666666666666, 0.21999999999936, 0.003137499205192424, 0.29333333333333333, 0.75142857142848, 0.005228569277877371, 0.2866666666666667, 0.9057142857138172, 0.004299117769788352, 0.2866666666666667, 0.9399999999995485, 0.004461860398297855, 0.24666666666666667, 0.5842857142857114, 0.0052742406773867295, 0.28, 0.99428571428472, 0.0032212707579531243, 0.32666666666666666, 0.14571428571, 0.0003034817893798185, 0.2733333333333333, 0.47428571428561145, 0.042499642035366055, 0.28, 0.26714285714232, 0.0025964553092095925, 0.3333333333333333, 0.28, 0.001285870193510074, 0.22666666666666666, 0.22999999999999715, 0.0165686355466282, 0.26666666666666666, 0.6185714285691428, 0.0016710137868781653, 0.31333333333333335, 0.14285714285633141, 0.0024380051589110016, 0.2866666666666667, 0.9199999999996, 0.018835831823678845, 0.22, 0.33857142857104283, 0.007538682396080158, 0.31333333333333335, 0.6528571428555886, 0.0015947749631803757, 0.3333333333333333, 0.24857142857142858, 0.01826460519761248, 0.2733333333333333, 0.181428571428, 0.0005419131062726566, 0.0, 0.0, 0.0, 0.0, 0.0, 0.0, 0.0, 0.0, 0.0, 0.0, 0.0, 0.0, 0.0, 0.0, 0.0, 0.0, 0.0, 0.0, 0.0, 0.0, 0.0, 0.0, 0.0, 0.0, 0.0, 0.0, 0.0, 0.0, 0.0, 0.0, 0.0, 0.0, 0.0, 0.0, 0.0, 0.0, 0.0, 0.0, 0.0, 0.0, 0.0, 0.0, 0.0, 0.0, 0.0, 0.0, 0.0, 0.0, 0.0, 0.0, 0.0, 0.0, 0.0, 0.0, 0.0, 0.0, 0.0, 0.0, 0.0, 0.0, 0.0, 0.0, 0.0, 0.0, 0.0, 0.0, 0.0, 0.0, 0.0, 0.0, 0.0, 0.0, 0.0, 0.0, 0.0, 0.0, 0.0, 0.0, 0.0, 0.0, 0.0, 0.0, 0.0, 0.0, 0.0, 0.0, 0.0, 0.0, 0.0, 0.0, 0.0, 0.0, 0.0, 0.0, 0.0, 0.0, 0.0, 0.0, 0.0, 0.0, 0.0, 0.0, 0.0, 0.0, 0.0, 0.0, 0.0, 0.0, 0.0, 0.0, 0.0, 0.0, 0.0, 0.0, 0.0, 0.0, 0.0, 0.0, 0.0, 0.0],[1, 0, 0, 0, 0, 0, 0, 0, 0, 0, 0, 0, 0, 0, 0, 0, 0, 0, 0, 0, 0, 0, 0, 0, 0, 0, 0, 0, 0, 0, 0, 0, 0, 0, 0, 0, 0, 0, 0, 0, 0, 0, 0, 0, 0, 0, 0, 0, 0, 0, 0, 0, 0, 0, 0, 0, 0, 0, 0, 0, 0, 0, 0, 0]
[0.0, 0.0, 0.0, 0.0, 0.0, 0.0, 0.0, 0.0, 0.0, 0.0, 0.0, 0.0, 0.0, 0.0, 0.0, 0.0, 0.0, 0.0, 0.0, 0.0, 0.0, 0.0, 0.0, 0.0, 0.0, 0.0, 0.0, 0.0, 0.0, 0.0, 0.0, 0.0, 0.0, 0.0, 0.0, 0.0, 0.0, 0.0, 0.0, 0.0, 0.0, 0.0, 0.0, 0.0, 0.0, 0.0, 0.0, 0.0, 0.0, 0.0, 0.0, 0.0, 0.0, 0.0, 0.0, 0.0, 0.0, 0.0, 0.0, 0.0, 0.0, 0.0, 0.0, 0.0, 0.0, 0.0, 0.0, 0.0, 0.0, 0.0, 0.0, 0.0, 0.0, 0.0, 0.0, 0.0, 0.0, 0.0, 0.0, 0.0, 0.0, 0.0, 0.0, 0.0, 0.0, 0.0, 0.0, 0.0, 0.0, 0.0, 0.0, 0.0, 0.0, 0.0, 0.0, 0.0, 0.0, 0.0, 0.0, 0.0, 0.0, 0.0, 0.0, 0.0, 0.0, 0.0, 0.0, 0.0, 0.0, 0.0, 0.0, 0.0, 0.0, 0.0, 0.0, 0.0, 0.0, 0.0, 0.0, 0.0, 0.0, 0.0, 0.0, 0.0, 0.0, 0.0, 0.0, 0.0, 0.0, 1.0, 1.0, 1.0, 1.0, 1.0, 1.0, 1.0, 1.0, 1.0, 1.0, 1.0, 0.0, 1.0, 0.0, 0.0, 0.0, 0.0, 0.0, 0.0, 0.0, 1.0, 0.31333333333333335, 0.40999999999842857, 0.0021366029557734942, 0.28, 0.80571428571384, 0.011746530436334314, 0.29333333333333333, 0.4742857142835429, 0.0014667384877461351, 0.2733333333333333, 0.8914285714284571, 0.03993942263564875, 0.2866666666666667, 0.39999999999934, 0.004882278855274617, 0.32666666666666666, 0.21999999999936, 0.003137499205192424, 0.29333333333333333, 0.75142857142848, 0.005228569277877371, 0.2866666666666667, 0.9057142857138172, 0.004299117769788352, 0.2866666666666667, 0.9399999999995485, 0.004461860398297855, 0.24666666666666667, 0.5842857142857114, 0.0052742406773867295, 0.28, 0.99428571428472, 0.0032212707579531243, 0.32666666666666666, 0.14571428571, 0.0003034817893798185, 0.2733333333333333, 0.47428571428561145, 0.042499642035366055, 0.28, 0.26714285714232, 0.0025964553092095925, 0.3333333333333333, 0.28, 0.001285870193510074, 0.22666666666666666, 0.22999999999999715, 0.0165686355466282, 0.26666666666666666, 0.6185714285691428, 0.0016710137868781653, 0.31333333333333335, 0.14285714285633141, 0.0024380051589110016, 0.2866666666666667, 0.9199999999996, 0.018835831823678845, 0.22, 0.33857142857104283, 0.007538682396080158, 0.31333333333333335, 0.6528571428555886, 0.0015947749631803757, 0.3333333333333333, 0.24857142857142858, 0.01826460519761248, 0.2733333333333333, 0.181428571428, 0.0005419131062726566, 0.0, 0.0, 0.0, 0.0, 0.0, 0.0, 0.0, 0.0, 0.0, 0.0, 0.0, 0.0, 0.0, 0.0, 0.0, 0.0, 0.0, 0.0, 0.0, 0.0, 0.0, 0.0, 0.0, 0.0, 0.0, 0.0, 0.0, 0.0, 0.0, 0.0, 0.0, 0.0, 0.0, 0.0, 0.0, 0.0, 0.0, 0.0, 0.0, 0.0, 0.0, 0.0, 0.0, 0.0, 0.0, 0.0, 0.0, 0.0, 0.0, 0.0, 0.0, 0.0, 0.0, 0.0, 0.0, 0.0, 0.0, 0.0, 0.0, 0.0, 0.0, 0.0, 0.0, 0.0, 0.0, 0.0, 0.0, 0.0, 0.0, 0.0, 0.0, 0.0, 0.0, 0.0, 0.0, 0.0, 0.0, 0.0, 0.0, 0.0, 0.0, 0.0, 0.0, 0.0, 0.0, 0.0, 0.0, 0.0, 0.0, 0.0, 0.0, 0.0, 0.0, 0.0, 0.0, 0.0, 0.0, 0.0, 0.0, 0.0, 0.0, 0.0, 0.0, 0.0, 0.0, 0.0, 0.0, 0.0, 0.0, 0.0, 0.0, 0.0, 0.0, 0.0, 0.0, 0.0, 0.0, 0.0, 0.0, 0.0, 0.0, 0.0, 0.0],[0, 0, 0, 0, 0, 0, 0, 0, 0, 0, 0, 0, 0, 0, 0, 0, 0, 0, 0, 0, 0, 0, 0, 0, 0, 0, 0, 0, 0, 0, 0, 0, 0, 0, 0, 0, 0, 0, 0, 0, 0, 0, 0, 0, 0, 0, 0, 0, 0, 0, 0, 0, 0, 0, 0, 0, 0, 0, 0, 0, 0, 0, 0, 0]
[0.0, 0.0, 0.0, 0.0, 0.0, 0.0, 0.0, 0.0, 0.0, 0.0, 0.0, 0.0, 0.0, 0.0, 0.0, 0.0, 0.0, 0.0, 0.0, 0.0, 0.0, 0.0, 0.0, 0.0, 0.0, 0.0, 0.0, 0.0, 0.0, 0.0, 0.0, 0.0, 0.0, 0.0, 0.0, 0.0, 0.0, 0.0, 0.0, 0.0, 0.0, 0.0, 0.0, 0.0, 0.0, 0.0, 0.0, 0.0, 0.0, 0.0, 0.0, 0.0, 0.0, 0.0, 0.0, 0.0, 0.0, 0.0, 0.0, 0.0, 0.0, 0.0, 0.0, 0.0, 0.0, 0.0, 0.0, 0.0, 1.0, 1.0, 1.0, 1.0, 1.0, 1.0, 1.0, 1.0, 1.0, 0.0, 0.0, 0.0, 0.0, 0.0, 1.0, 1.0, 1.0, 1.0, 1.0, 1.0, 1.0, 1.0, 1.0, 1.0, 1.0, 1.0, 1.0, 1.0, 1.0, 1.0, 1.0, 1.0, 1.0, 1.0, 1.0, 1.0, 1.0, 1.0, 1.0, 1.0, 0.0, 0.0, 0.0, 0.0, 0.0, 0.0, 0.0, 0.0, 0.0, 0.0, 0.0, 0.0, 0.0, 0.0, 0.0, 0.0, 0.0, 0.0, 0.0, 0.0, 0.0, 1.0, 1.0, 1.0, 1.0, 1.0, 1.0, 1.0, 1.0, 1.0, 1.0, 1.0, 0.0, 1.0, 0.0, 0.0, 0.0, 0.0, 0.0, 0.0, 0.0, 1.0, 0.31333333333333335, 0.40999999999842857, 0.0021366029557734942, 0.28, 0.80571428571384, 0.011746530436334314, 0.29333333333333333, 0.4742857142835429, 0.0014667384877461351, 0.2733333333333333, 0.8914285714284571, 0.03993942263564875, 0.2866666666666667, 0.39999999999934, 0.004882278855274617, 0.32666666666666666, 0.21999999999936, 0.003137499205192424, 0.29333333333333333, 0.75142857142848, 0.005228569277877371, 0.2866666666666667, 0.9057142857138172, 0.004299117769788352, 0.2866666666666667, 0.9399999999995485, 0.004461860398297855, 0.24666666666666667, 0.5842857142857114, 0.0052742406773867295, 0.28, 0.99428571428472, 0.0032212707579531243, 0.32666666666666666, 0.14571428571, 0.0003034817893798185, 0.2733333333333333, 0.47428571428561145, 0.042499642035366055, 0.28, 0.26714285714232, 0.0025964553092095925, 0.3333333333333333, 0.28, 0.001285870193510074, 0.22666666666666666, 0.22999999999999715, 0.0165686355466282, 0.26666666666666666, 0.6185714285691428, 0.0016710137868781653, 0.31333333333333335, 0.14285714285633141, 0.0024380051589110016, 0.2866666666666667, 0.9199999999996, 0.018835831823678845, 0.22, 0.33857142857104283, 0.007538682396080158, 0.31333333333333335, 0.6528571428555886, 0.0015947749631803757, 0.3333333333333333, 0.24857142857142858, 0.01826460519761248, 0.2733333333333333, 0.181428571428, 0.0005419131062726566, 0.0, 0.0, 0.0, 0.0, 0.0, 0.0, 0.0, 0.0, 0.0, 0.0, 0.0, 0.0, 0.0, 0.0, 0.0, 0.0, 0.0, 0.0, 0.0, 0.0, 0.0, 0.0, 0.0, 0.0, 0.0, 0.0, 0.0, 0.0, 0.0, 0.0, 0.0, 0.0, 0.0, 0.0, 0.0, 0.0, 0.0, 0.0, 0.0, 0.0, 0.0, 0.0, 0.0, 0.0, 0.0, 0.0, 0.0, 0.0, 0.0, 0.0, 0.0, 0.0, 0.0, 0.0, 0.0, 0.0, 0.0, 0.0, 0.0, 0.0, 0.0, 0.0, 0.0, 0.0, 0.0, 0.0, 0.0, 0.0, 0.0, 0.0, 0.0, 0.0, 0.0, 0.0, 0.0, 0.0, 0.0, 0.0, 0.0, 0.0, 0.0, 0.0, 0.0, 0.0, 0.0, 0.0, 0.0, 0.0, 0.0, 0.0, 0.0, 0.0, 0.0, 0.0, 0.0, 0.0, 0.0, 0.0, 0.0, 0.0, 0.0, 0.0, 0.0, 0.0, 0.0, 0.0, 0.0, 0.0, 0.0, 0.0, 0.0, 0.0, 0.0, 0.0, 0.0, 0.0, 0.0, 0.0, 0.0, 0.0, 0.0, 0.0, 0.0],[1, 0, 0, 0, 0, 0, 0, 0, 0, 0, 0, 0, 0, 0, 0, 0, 0, 0, 0, 0, 0, 0, 0, 0, 0, 0, 0, 0, 0, 0, 0, 0, 0, 0, 0, 0, 0, 0, 0, 0, 0, 0, 0, 0, 0, 0, 0, 0, 0, 0, 0, 0, 0, 0, 0, 0, 0, 0, 0, 0, 0, 0, 0, 0]
[0.0, 0.0, 0.0, 0.0, 0.0, 0.0, 0.0, 0.0, 0.0, 0.0, 0.0, 0.0, 0.0, 0.0, 0.0, 0.0, 0.0, 0.0, 0.0, 0.0, 0.0, 0.0, 0.0, 0.0, 0.0, 0.0, 0.0, 0.0, 0.0, 0.0, 0.0, 0.0, 0.0, 0.0, 0.0, 0.0, 0.0, 0.0, 0.0, 0.0, 0.0, 0.0, 0.0, 0.0, 0.0, 0.0, 0.0, 0.0, 0.0, 0.0, 0.0, 0.0, 0.0, 0.0, 0.0, 0.0, 0.0, 0.0, 0.0, 0.0, 0.0, 0.0, 0.0, 0.0, 0.0, 0.0, 0.0, 0.0, 0.0, 0.0, 0.0, 0.0, 0.0, 0.0, 0.0, 0.0, 0.0, 0.0, 0.0, 0.0, 0.0, 0.0, 0.0, 0.0, 0.0, 0.0, 0.0, 0.0, 0.0, 0.0, 0.0, 0.0, 0.0, 0.0, 0.0, 0.0, 0.0, 0.0, 0.0, 0.0, 0.0, 0.0, 0.0, 0.0, 0.0, 0.0, 0.0, 0.0, 0.0, 0.0, 0.0, 0.0, 0.0, 0.0, 0.0, 0.0, 0.0, 0.0, 0.0, 0.0, 0.0, 0.0, 0.0, 0.0, 0.0, 0.0, 0.0, 0.0, 0.0, 0.0, 0.0, 0.0, 0.0, 0.0, 0.0, 0.0, 0.0, 0.0, 0.0, 0.0, 0.0, 0.0, 0.0, 0.0, 0.0, 0.0, 0.0, 0.0, 0.0, 1.0, 0.28, 0.80571428571384, 0.011746530436334314, 0.29333333333333333, 0.4742857142835429, 0.0014667384877461351, 0.2733333333333333, 0.8914285714284571, 0.03993942263564875, 0.2866666666666667, 0.39999999999934, 0.004882278855274617, 0.32666666666666666, 0.21999999999936, 0.003137499205192424, 0.29333333333333333, 0.75142857142848, 0.005228569277877371, 0.2866666666666667, 0.9057142857138172, 0.004299117769788352, 0.2866666666666667, 0.9399999999995485, 0.004461860398297855, 0.24666666666666667, 0.5842857142857114, 0.0052742406773867295, 0.28, 0.99428571428472, 0.0032212707579531243, 0.32666666666666666, 0.14571428571, 0.0003034817893798185, 0.2733333333333333, 0.47428571428561145, 0.042499642035366055, 0.28, 0.26714285714232, 0.0025964553092095925, 0.3333333333333333, 0.28, 0.001285870193510074, 0.22666666666666666, 0.22999999999999715, 0.0165686355466282, 0.26666666666666666, 0.6185714285691428, 0.0016710137868781653, 0.31333333333333335, 0.14285714285633141, 0.0024380051589110016, 0.2866666666666667, 0.9199999999996, 0.018835831823678845, 0.22, 0.33857142857104283, 0.007538682396080158, 0.31333333333333335, 0.6528571428555886, 0.0015947749631803757, 0.3333333333333333, 0.24857142857142858, 0.01826460519761248, 0.2733333333333333, 0.181428571428, 0.0005419131062726566, 0.0, 0.0, 0.0, 0.0, 0.0, 0.0, 0.0, 0.0, 0.0, 0.0, 0.0, 0.0, 0.0, 0.0, 0.0, 0.0, 0.0, 0.0, 0.0, 0.0, 0.0, 0.0, 0.0, 0.0, 0.0, 0.0, 0.0, 0.0, 0.0, 0.0, 0.0, 0.0, 0.0, 0.0, 0.0, 0.0, 0.0, 0.0, 0.0, 0.0, 0.0, 0.0, 0.0, 0.0, 0.0, 0.0, 0.0, 0.0, 0.0, 0.0, 0.0, 0.0, 0.0, 0.0, 0.0, 0.0, 0.0, 0.0, 0.0, 0.0, 0.0, 0.0, 0.0, 0.0, 0.0, 0.0, 0.0, 0.0, 0.0, 0.0, 0.0, 0.0, 0.0, 0.0, 0.0, 0.0, 0.0, 0.0, 0.0, 0.0, 0.0, 0.0, 0.0, 0.0, 0.0, 0.0, 0.0, 0.0, 0.0, 0.0, 0.0, 0.0, 0.0, 0.0, 0.0, 0.0, 0.0, 0.0, 0.0, 0.0, 0.0, 0.0, 0.0, 0.0, 0.0, 0.0, 0.0, 0.0, 0.0, 0.0, 0.0, 0.0, 0.0, 0.0, 0.0, 0.0, 0.0, 0.0, 0.0, 0.0, 0.0, 0.0, 0.0, 0.0, 0.0, 0.0],[0, 0, 0, 0, 0, 0, 0, 0, 0, 0, 0, 0, 0, 0, 0, 0, 0, 0, 0, 0, 0, 0, 0, 0, 0, 0, 0, 0, 0, 0, 0, 0, 0, 0, 0, 0, 0, 0, 0, 0, 0, 0, 0, 0, 0, 0, 0, 0, 0, 0, 0, 0, 0, 0, 0, 0, 0, 0, 0, 0, 0, 0, 0, 0]
[0.0, 0.0, 0.0, 0.0, 0.0, 0.0, 0.0, 1.0, 1.0, 1.0, 1.0, 1.0, 1.0, 1.0, 1.0, 1.0, 1.0, 1.0, 1.0, 1.0, 1.0, 1.0, 1.0, 1.0, 1.0, 1.0, 1.0, 1.0, 1.0, 1.0, 1.0, 1.0, 1.0, 1.0, 1.0, 1.0, 0.0, 0.0, 0.0, 0.0, 0.0, 1.0, 1.0, 1.0, 1.0, 0.0, 0.0, 0.0, 0.0, 0.0, 0.0, 0.0, 0.0, 0.0, 0.0, 0.0, 0.0, 0.0, 0.0, 0.0, 0.0, 0.0, 0.0, 0.0, 0.0, 0.0, 0.0, 0.0, 0.0, 0.0, 0.0, 0.0, 0.0, 0.0, 0.0, 0.0, 0.0, 0.0, 0.0, 0.0, 0.0, 0.0, 0.0, 0.0, 0.0, 0.0, 0.0, 0.0, 0.0, 0.0, 0.0, 0.0, 0.0, 0.0, 0.0, 0.0, 0.0, 0.0, 0.0, 0.0, 0.0, 0.0, 0.0, 0.0, 0.0, 0.0, 0.0, 0.0, 1.0, 1.0, 1.0, 1.0, 1.0, 1.0, 1.0, 1.0, 1.0, 1.0, 0.0, 0.0, 0.0, 1.0, 1.0, 0.0, 0.0, 1.0, 1.0, 1.0, 1.0, 0.0, 0.0, 0.0, 0.0, 0.0, 0.0, 0.0, 0.0, 0.0, 0.0, 0.0, 0.0, 0.0, 0.0, 0.0, 0.0, 0.0, 0.0, 0.0, 0.0, 1.0, 0.28, 0.80571428571384, 0.011746530436334314, 0.29333333333333333, 0.4742857142835429, 0.0014667384877461351, 0.2733333333333333, 0.8914285714284571, 0.03993942263564875, 0.2866666666666667, 0.39999999999934, 0.004882278855274617, 0.32666666666666666, 0.21999999999936, 0.003137499205192424, 0.29333333333333333, 0.75142857142848, 0.005228569277877371, 0.2866666666666667, 0.9057142857138172, 0.004299117769788352, 0.2866666666666667, 0.9399999999995485, 0.004461860398297855, 0.24666666666666667, 0.5842857142857114, 0.0052742406773867295, 0.28, 0.99428571428472, 0.0032212707579531243, 0.32666666666666666, 0.14571428571, 0.0003034817893798185, 0.2733333333333333, 0.47428571428561145, 0.042499642035366055, 0.28, 0.26714285714232, 0.0025964553092095925, 0.3333333333333333, 0.28, 0.001285870193510074, 0.22666666666666666, 0.22999999999999715, 0.0165686355466282, 0.26666666666666666, 0.6185714285691428, 0.0016710137868781653, 0.31333333333333335, 0.14285714285633141, 0.0024380051589110016, 0.2866666666666667, 0.9199999999996, 0.018835831823678845, 0.22, 0.33857142857104283, 0.007538682396080158, 0.31333333333333335, 0.6528571428555886, 0.0015947749631803757, 0.3333333333333333, 0.24857142857142858, 0.01826460519761248, 0.2733333333333333, 0.181428571428, 0.0005419131062726566, 0.0, 0.0, 0.0, 0.0, 0.0, 0.0, 0.0, 0.0, 0.0, 0.0, 0.0, 0.0, 0.0, 0.0, 0.0, 0.0, 0.0, 0.0, 0.0, 0.0, 0.0, 0.0, 0.0, 0.0, 0.0, 0.0, 0.0, 0.0, 0.0, 0.0, 0.0, 0.0, 0.0, 0.0, 0.0, 0.0, 0.0, 0.0, 0.0, 0.0, 0.0, 0.0, 0.0, 0.0, 0.0, 0.0, 0.0, 0.0, 0.0, 0.0, 0.0, 0.0, 0.0, 0.0, 0.0, 0.0, 0.0, 0.0, 0.0, 0.0, 0.0, 0.0, 0.0, 0.0, 0.0, 0.0, 0.0, 0.0, 0.0, 0.0, 0.0, 0.0, 0.0, 0.0, 0.0, 0.0, 0.0, 0.0, 0.0, 0.0, 0.0, 0.0, 0.0, 0.0, 0.0, 0.0, 0.0, 0.0, 0.0, 0.0, 0.0, 0.0, 0.0, 0.0, 0.0, 0.0, 0.0, 0.0, 0.0, 0.0, 0.0, 0.0, 0.0, 0.0, 0.0, 0.0, 0.0, 0.0, 0.0, 0.0, 0.0, 0.0, 0.0, 0.0, 0.0, 0.0, 0.0, 0.0, 0.0, 0.0, 0.0, 0.0, 0.0, 0.0, 0.0, 0.0],[1, 0, 0, 0, 0, 0, 0, 0, 0, 0, 0, 0, 0, 0, 0, 0, 0, 0, 0, 0, 0, 0, 0, 0, 0, 0, 0, 0, 0, 0, 0, 0, 0, 0, 0, 0, 0, 0, 0, 0, 0, 0, 0, 0, 0, 0, 0, 0, 0, 0, 0, 0, 0, 0, 0, 0, 0, 0, 0, 0, 0, 0, 0, 0]
[0.0, 0.0, 0.0, 0.0, 0.0, 0.0, 0.0, 0.0, 0.0, 0.0, 0.0, 0.0, 0.0, 0.0, 0.0, 0.0, 0.0, 0.0, 0.0, 0.0, 0.0, 0.0, 0.0, 0.0, 0.0, 0.0, 0.0, 0.0, 0.0, 0.0, 0.0, 0.0, 0.0, 0.0, 0.0, 0.0, 0.0, 0.0, 0.0, 0.0, 0.0, 0.0, 0.0, 0.0, 0.0, 0.0, 0.0, 0.0, 0.0, 0.0, 0.0, 0.0, 0.0, 0.0, 0.0, 0.0, 0.0, 0.0, 0.0, 0.0, 0.0, 0.0, 0.0, 0.0, 0.0, 0.0, 0.0, 0.0, 0.0, 0.0, 0.0, 0.0, 0.0, 0.0, 0.0, 0.0, 0.0, 0.0, 0.0, 0.0, 0.0, 0.0, 0.0, 0.0, 0.0, 0.0, 0.0, 0.0, 0.0, 0.0, 0.0, 0.0, 0.0, 0.0, 0.0, 0.0, 0.0, 0.0, 0.0, 0.0, 0.0, 0.0, 0.0, 0.0, 0.0, 0.0, 0.0, 0.0, 0.0, 0.0, 0.0, 0.0, 0.0, 0.0, 0.0, 0.0, 0.0, 1.0, 0.0, 0.0, 0.0, 1.0, 1.0, 0.0, 0.0, 1.0, 1.0, 1.0, 1.0, 0.0, 0.0, 0.0, 0.0, 0.0, 0.0, 0.0, 0.0, 0.0, 0.0, 0.0, 0.0, 0.0, 0.0, 0.0, 0.0, 0.0, 0.0, 0.0, 0.0, 1.0, 0.29333333333333333, 0.4742857142835429, 0.0014667384877461351, 0.2733333333333333, 0.8914285714284571, 0.03993942263564875, 0.2866666666666667, 0.39999999999934, 0.004882278855274617, 0.32666666666666666, 0.21999999999936, 0.003137499205192424, 0.29333333333333333, 0.75142857142848, 0.005228569277877371, 0.2866666666666667, 0.9057142857138172, 0.004299117769788352, 0.2866666666666667, 0.9399999999995485, 0.004461860398297855, 0.24666666666666667, 0.5842857142857114, 0.0052742406773867295, 0.28, 0.99428571428472, 0.0032212707579531243, 0.32666666666666666, 0.14571428571, 0.0003034817893798185, 0.2733333333333333, 0.47428571428561145, 0.042499642035366055, 0.28, 0.26714285714232, 0.0025964553092095925, 0.3333333333333333, 0.28, 0.001285870193510074, 0.22666666666666666, 0.22999999999999715, 0.0165686355466282, 0.26666666666666666, 0.6185714285691428, 0.0016710137868781653, 0.31333333333333335, 0.14285714285633141, 0.0024380051589110016, 0.2866666666666667, 0.9199999999996, 0.018835831823678845, 0.22, 0.33857142857104283, 0.007538682396080158, 0.31333333333333335, 0.6528571428555886, 0.0015947749631803757, 0.3333333333333333, 0.24857142857142858, 0.01826460519761248, 0.2733333333333333, 0.181428571428, 0.0005419131062726566, 0.0, 0.0, 0.0, 0.0, 0.0, 0.0, 0.0, 0.0, 0.0, 0.0, 0.0, 0.0, 0.0, 0.0, 0.0, 0.0, 0.0, 0.0, 0.0, 0.0, 0.0, 0.0, 0.0, 0.0, 0.0, 0.0, 0.0, 0.0, 0.0, 0.0, 0.0, 0.0, 0.0, 0.0, 0.0, 0.0, 0.0, 0.0, 0.0, 0.0, 0.0, 0.0, 0.0, 0.0, 0.0, 0.0, 0.0, 0.0, 0.0, 0.0, 0.0, 0.0, 0.0, 0.0, 0.0, 0.0, 0.0, 0.0, 0.0, 0.0, 0.0, 0.0, 0.0, 0.0, 0.0, 0.0, 0.0, 0.0, 0.0, 0.0, 0.0, 0.0, 0.0, 0.0, 0.0, 0.0, 0.0, 0.0, 0.0, 0.0, 0.0, 0.0, 0.0, 0.0, 0.0, 0.0, 0.0, 0.0, 0.0, 0.0, 0.0, 0.0, 0.0, 0.0, 0.0, 0.0, 0.0, 0.0, 0.0, 0.0, 0.0, 0.0, 0.0, 0.0, 0.0, 0.0, 0.0, 0.0, 0.0, 0.0, 0.0, 0.0, 0.0, 0.0, 0.0, 0.0, 0.0, 0.0, 0.0, 0.0, 0.0, 0.0, 0.0, 0.0, 0.0, 0.0, 0.0, 0.0, 0.0],[0, 0, 0, 0, 0, 0, 0, 0, 0, 0, 0, 0, 0, 0, 0, 0, 0, 0, 0, 0, 0, 0, 0, 0, 0, 0, 0, 0, 0, 0, 0, 0, 0, 0, 0, 0, 0, 0, 0, 0, 0, 0, 0, 0, 0, 0, 0, 0, 0, 0, 0, 0, 0, 0, 0, 0, 0, 0, 0, 0, 0, 0, 0, 0]
[0.0, 0.0, 0.0, 0.0, 0.0, 0.0, 0.0, 0.0, 0.0, 0.0, 0.0, 0.0, 0.0, 0.0, 0.0, 0.0, 0.0, 0.0, 0.0, 0.0, 0.0, 0.0, 0.0, 0.0, 0.0, 0.0, 0.0, 0.0, 0.0, 0.0, 0.0, 0.0, 0.0, 0.0, 0.0, 0.0, 0.0, 0.0, 0.0, 0.0, 0.0, 0.0, 0.0, 0.0, 0.0, 0.0, 0.0, 0.0, 0.0, 0.0, 0.0, 0.0, 0.0, 0.0, 0.0, 1.0, 0.0, 0.0, 1.0, 1.0, 1.0, 1.0, 1.0, 1.0, 1.0, 1.0, 1.0, 1.0, 0.0, 0.0, 0.0, 0.0, 0.0, 0.0, 0.0, 0.0, 0.0, 0.0, 0.0, 0.0, 0.0, 0.0, 0.0, 0.0, 0.0, 0.0, 0.0, 0.0, 0.0, 0.0, 0.0, 0.0, 0.0, 0.0, 0.0, 0.0, 0.0, 0.0, 0.0, 0.0, 0.0, 0.0, 0.0, 0.0, 0.0, 0.0, 0.0, 0.0, 0.0, 0.0, 0.0, 0.0, 0.0, 0.0, 0.0, 0.0, 0.0, 1.0, 0.0, 0.0, 0.0, 1.0, 1.0, 0.0, 0.0, 1.0, 1.0, 1.0, 1.0, 0.0, 0.0, 0.0, 0.0, 0.0, 0.0, 0.0, 0.0, 0.0, 0.0, 0.0, 0.0, 0.0, 0.0, 0.0, 0.0, 0.0, 0.0, 0.0, 0.0, 1.0, 0.29333333333333333, 0.4742857142835429, 0.0014667384877461351, 0.2733333333333333, 0.8914285714284571, 0.03993942263564875, 0.2866666666666667, 0.39999999999934, 0.004882278855274617, 0.10666666666666667, 0.42, 0.01285870193510074, 0.32666666666666666, 0.21999999999936, 0.003137499205192424, 0.29333333333333333, 0.75142857142848, 0.005228569277877371, 0.2866666666666667, 0.9057142857138172, 0.004299117769788352, 0.2866666666666667, 0.9399999999995485, 0.004461860398297855, 0.24666666666666667, 0.5842857142857114, 0.0052742406773867295, 0.28, 0.99428571428472, 0.0032212707579531243, 0.32666666666666666, 0.14571428571, 0.0003034817893798185, 0.2733333333333333, 0.47428571428561145, 0.042499642035366055, 0.28, 0.26714285714232, 0.0025964553092095925, 0.3333333333333333, 0.28, 0.001285870193510074, 0.22666666666666666, 0.22999999999999715, 0.0165686355466282, 0.26666666666666666, 0.6185714285691428, 0.0016710137868781653, 0.31333333333333335, 0.14285714285633141, 0.0024380051589110016, 0.2866666666666667, 0.9199999999996, 0.018835831823678845, 0.22, 0.33857142857104283, 0.007538682396080158, 0.31333333333333335, 0.6528571428555886, 0.0015947749631803757, 0.3333333333333333, 0.24857142857142858, 0.01826460519761248, 0.2733333333333333, 0.181428571428, 0.0005419131062726566, 0.0, 0.0, 0.0, 0.0, 0.0, 0.0, 0.0, 0.0, 0.0, 0.0, 0.0, 0.0, 0.0, 0.0, 0.0, 0.0, 0.0, 0.0, 0.0, 0.0, 0.0, 0.0, 0.0, 0.0, 0.0, 0.0, 0.0, 0.0, 0.0, 0.0, 0.0, 0.0, 0.0, 0.0, 0.0, 0.0, 0.0, 0.0, 0.0, 0.0, 0.0, 0.0, 0.0, 0.0, 0.0, 0.0, 0.0, 0.0, 0.0, 0.0, 0.0, 0.0, 0.0, 0.0, 0.0, 0.0, 0.0, 0.0, 0.0, 0.0, 0.0, 0.0, 0.0, 0.0, 0.0, 0.0, 0.0, 0.0, 0.0, 0.0, 0.0, 0.0, 0.0, 0.0, 0.0, 0.0, 0.0, 0.0, 0.0, 0.0, 0.0, 0.0, 0.0, 0.0, 0.0, 0.0, 0.0, 0.0, 0.0, 0.0, 0.0, 0.0, 0.0, 0.0, 0.0, 0.0, 0.0, 0.0, 0.0, 0.0, 0.0, 0.0, 0.0, 0.0, 0.0, 0.0, 0.0, 0.0, 0.0, 0.0, 0.0, 0.0, 0.0, 0.0, 0.0, 0.0, 0.0, 0.0, 0.0, 0.0, 0.0, 0.0, 0.0, 0.0, 0.0, 0.0],[0, 0, 0, 1, 0, 0, 0, 0, 0, 0, 0, 0, 0, 0, 0, 0, 0, 0, 0, 0, 0, 0, 0, 0, 0, 0, 0, 0, 0, 0, 0, 0, 0, 0, 0, 0, 0, 0, 0, 0, 0, 0, 0, 0, 0, 0, 0, 0, 0, 0, 0, 0, 0, 0, 0, 0, 0, 0, 0, 0, 0, 0, 0, 0]
[0.0, 0.0, 0.0, 0.0, 0.0, 0.0, 0.0, 0.0, 0.0, 0.0, 0.0, 0.0, 0.0, 0.0, 0.0, 0.0, 0.0, 0.0, 0.0, 0.0, 0.0, 0.0, 0.0, 0.0, 0.0, 0.0, 0.0, 0.0, 0.0, 0.0, 0.0, 0.0, 0.0, 0.0, 0.0, 0.0, 0.0, 0.0, 0.0, 0.0, 0.0, 0.0, 0.0, 0.0, 0.0, 0.0, 0.0, 0.0, 0.0, 0.0, 0.0, 0.0, 0.0, 0.0, 0.0, 0.0, 0.0, 0.0, 0.0, 0.0, 0.0, 0.0, 0.0, 0.0, 0.0, 0.0, 0.0, 0.0, 0.0, 0.0, 0.0, 0.0, 0.0, 0.0, 0.0, 0.0, 0.0, 0.0, 0.0, 0.0, 0.0, 0.0, 0.0, 0.0, 0.0, 0.0, 0.0, 0.0, 0.0, 0.0, 0.0, 0.0, 0.0, 0.0, 0.0, 0.0, 0.0, 0.0, 0.0, 0.0, 0.0, 0.0, 0.0, 0.0, 0.0, 0.0, 0.0, 0.0, 0.0, 0.0, 0.0, 0.0, 0.0, 0.0, 0.0, 0.0, 0.0, 0.0, 0.0, 0.0, 0.0, 0.0, 0.0, 0.0, 0.0, 0.0, 0.0, 1.0, 1.0, 0.0, 0.0, 0.0, 0.0, 0.0, 0.0, 0.0, 0.0, 0.0, 0.0, 0.0, 0.0, 0.0, 0.0, 0.0, 0.0, 0.0, 0.0, 0.0, 0.0, 1.0, 0.29333333333333333, 0.4742857142835429, 0.0014667384877461351, 0.2733333333333333, 0.8914285714284571, 0.03993942263564875, 0.2866666666666667, 0.39999999999934, 0.004882278855274617, 0.32666666666666666, 0.21999999999936, 0.003137499205192424, 0.29333333333333333, 0.75142857142848, 0.005228569277877371, 0.2866666666666667, 0.9057142857138172, 0.004299117769788352, 0.2866666666666667, 0.9399999999995485, 0.004461860398297855, 0.24666666666666667, 0.5842857142857114, 0.0052742406773867295, 0.28, 0.99428571428472, 0.0032212707579531243, 0.32666666666666666, 0.14571428571, 0.0003034817893798185, 0.2733333333333333, 0.47428571428561145, 0.042499642035366055, 0.28, 0.26714285714232, 0.0025964553092095925, 0.3333333333333333, 0.28, 0.001285870193510074, 0.22666666666666666, 0.22999999999999715, 0.0165686355466282, 0.26666666666666666, 0.6185714285691428, 0.0016710137868781653, 0.31333333333333335, 0.14285714285633141, 0.0024380051589110016, 0.2866666666666667, 0.9199999999996, 0.018835831823678845, 0.22, 0.33857142857104283, 0.007538682396080158, 0.31333333333333335, 0.6528571428555886, 0.0015947749631803757, 0.3333333333333333, 0.24857142857142858, 0.01826460519761248, 0.2733333333333333, 0.181428571428, 0.0005419131062726566, 0.0, 0.0, 0.0, 0.0, 0.0, 0.0, 0.0, 0.0, 0.0, 0.0, 0.0, 0.0, 0.0, 0.0, 0.0, 0.0, 0.0, 0.0, 0.0, 0.0, 0.0, 0.0, 0.0, 0.0, 0.0, 0.0, 0.0, 0.0, 0.0, 0.0, 0.0, 0.0, 0.0, 0.0, 0.0, 0.0, 0.0, 0.0, 0.0, 0.0, 0.0, 0.0, 0.0, 0.0, 0.0, 0.0, 0.0, 0.0, 0.0, 0.0, 0.0, 0.0, 0.0, 0.0, 0.0, 0.0, 0.0, 0.0, 0.0, 0.0, 0.0, 0.0, 0.0, 0.0, 0.0, 0.0, 0.0, 0.0, 0.0, 0.0, 0.0, 0.0, 0.0, 0.0, 0.0, 0.0, 0.0, 0.0, 0.0, 0.0, 0.0, 0.0, 0.0, 0.0, 0.0, 0.0, 0.0, 0.0, 0.0, 0.0, 0.0, 0.0, 0.0, 0.0, 0.0, 0.0, 0.0, 0.0, 0.0, 0.0, 0.0, 0.0, 0.0, 0.0, 0.0, 0.0, 0.0, 0.0, 0.0, 0.0, 0.0, 0.0, 0.0, 0.0, 0.0, 0.0, 0.0, 0.0, 0.0, 0.0, 0.0, 0.0, 0.0, 0.0, 0.0, 0.0, 0.0, 0.0, 0.0],[0, 0, 0, 0, 0, 0, 0, 0, 0, 0, 0, 0, 0, 0, 0, 0, 0, 0, 0, 0, 0, 0, 0, 0, 0, 0, 0, 0, 0, 0, 0, 0, 0, 0, 0, 0, 0, 0, 0, 0, 0, 0, 0, 0, 0, 0, 0, 0, 0, 0, 0, 0, 0, 0, 0, 0, 0, 0, 0, 0, 0, 0, 0, 0]
[0.0, 0.0, 0.0, 0.0, 0.0, 0.0, 0.0, 0.0, 0.0, 0.0, 0.0, 0.0, 0.0, 0.0, 0.0, 0.0, 0.0, 0.0, 0.0, 0.0, 0.0, 0.0, 0.0, 0.0, 0.0, 0.0, 0.0, 0.0, 0.0, 0.0, 0.0, 0.0, 0.0, 0.0, 0.0, 0.0, 0.0, 0.0, 0.0, 0.0, 0.0, 0.0, 0.0, 0.0, 0.0, 0.0, 0.0, 0.0, 0.0, 0.0, 0.0, 0.0, 0.0, 0.0, 0.0, 0.0, 0.0, 0.0, 0.0, 0.0, 0.0, 0.0, 0.0, 0.0, 0.0, 0.0, 0.0, 0.0, 1.0, 1.0, 1.0, 1.0, 1.0, 1.0, 1.0, 1.0, 1.0, 0.0, 0.0, 0.0, 0.0, 0.0, 1.0, 1.0, 1.0, 1.0, 1.0, 1.0, 1.0, 1.0, 1.0, 1.0, 1.0, 1.0, 1.0, 1.0, 1.0, 1.0, 1.0, 1.0, 1.0, 1.0, 1.0, 1.0, 1.0, 1.0, 1.0, 1.0, 0.0, 0.0, 0.0, 0.0, 0.0, 0.0, 0.0, 0.0, 0.0, 0.0, 0.0, 0.0, 0.0, 0.0, 0.0, 0.0, 0.0, 0.0, 0.0, 1.0, 1.0, 1.0, 1.0, 1.0, 1.0, 1.0, 1.0, 1.0, 1.0, 1.0, 1.0, 1.0, 0.0, 1.0, 0.0, 0.0, 0.0, 0.0, 0.0, 0.0, 0.0, 1.0, 0.29333333333333333, 0.4742857142835429, 0.0014667384877461351, 0.2733333333333333, 0.8914285714284571, 0.03993942263564875, 0.2866666666666667, 0.39999999999934, 0.004882278855274617, 0.32666666666666666, 0.21999999999936, 0.003137499205192424, 0.29333333333333333, 0.75142857142848, 0.005228569277877371, 0.2866666666666667, 0.9057142857138172, 0.004299117769788352, 0.2866666666666667, 0.9399999999995485, 0.004461860398297855, 0.24666666666666667, 0.5842857142857114, 0.0052742406773867295, 0.28, 0.99428571428472, 0.0032212707579531243, 0.32666666666666666, 0.14571428571, 0.0003034817893798185, 0.2733333333333333, 0.47428571428561145, 0.042499642035366055, 0.28, 0.26714285714232, 0.0025964553092095925, 0.3333333333333333, 0.28, 0.001285870193510074, 0.22666666666666666, 0.22999999999999715, 0.0165686355466282, 0.26666666666666666, 0.6185714285691428, 0.0016710137868781653, 0.31333333333333335, 0.14285714285633141, 0.0024380051589110016, 0.2866666666666667, 0.9199999999996, 0.018835831823678845, 0.22, 0.33857142857104283, 0.007538682396080158, 0.31333333333333335, 0.6528571428555886, 0.0015947749631803757, 0.3333333333333333, 0.24857142857142858, 0.01826460519761248, 0.2733333333333333, 0.181428571428, 0.0005419131062726566, 0.0, 0.0, 0.0, 0.0, 0.0, 0.0, 0.0, 0.0, 0.0, 0.0, 0.0, 0.0, 0.0, 0.0, 0.0, 0.0, 0.0, 0.0, 0.0, 0.0, 0.0, 0.0, 0.0, 0.0, 0.0, 0.0, 0.0, 0.0, 0.0, 0.0, 0.0, 0.0, 0.0, 0.0, 0.0, 0.0, 0.0, 0.0, 0.0, 0.0, 0.0, 0.0, 0.0, 0.0, 0.0, 0.0, 0.0, 0.0, 0.0, 0.0, 0.0, 0.0, 0.0, 0.0, 0.0, 0.0, 0.0, 0.0, 0.0, 0.0, 0.0, 0.0, 0.0, 0.0, 0.0, 0.0, 0.0, 0.0, 0.0, 0.0, 0.0, 0.0, 0.0, 0.0, 0.0, 0.0, 0.0, 0.0, 0.0, 0.0, 0.0, 0.0, 0.0, 0.0, 0.0, 0.0, 0.0, 0.0, 0.0, 0.0, 0.0, 0.0, 0.0, 0.0, 0.0, 0.0, 0.0, 0.0, 0.0, 0.0, 0.0, 0.0, 0.0, 0.0, 0.0, 0.0, 0.0, 0.0, 0.0, 0.0, 0.0, 0.0, 0.0, 0.0, 0.0, 0.0, 0.0, 0.0, 0.0, 0.0, 0.0, 0.0, 0.0, 0.0, 0.0, 0.0, 0.0, 0.0, 0.0],[1, 0, 0, 0, 0, 0, 0, 0, 0, 0, 0, 0, 0, 0, 0, 0, 0, 0, 0, 0, 0, 0, 0, 0, 0, 0, 0, 0, 0, 0, 0, 0, 0, 0, 0, 0, 0, 0, 0, 0, 0, 0, 0, 0, 0, 0, 0, 0, 0, 0, 0, 0, 0, 0, 0, 0, 0, 0, 0, 0, 0, 0, 0, 0]
[0.0, 0.0, 0.0, 0.0, 0.0, 0.0, 0.0, 0.0, 0.0, 0.0, 0.0, 0.0, 0.0, 0.0, 0.0, 0.0, 0.0, 0.0, 0.0, 0.0, 0.0, 0.0, 0.0, 0.0, 0.0, 0.0, 0.0, 0.0, 0.0, 0.0, 0.0, 0.0, 0.0, 0.0, 0.0, 0.0, 0.0, 0.0, 0.0, 0.0, 0.0, 0.0, 0.0, 0.0, 0.0, 0.0, 0.0, 0.0, 0.0, 0.0, 0.0, 0.0, 0.0, 0.0, 0.0, 0.0, 0.0, 0.0, 0.0, 0.0, 0.0, 0.0, 0.0, 0.0, 0.0, 0.0, 0.0, 0.0, 0.0, 0.0, 0.0, 0.0, 0.0, 0.0, 0.0, 0.0, 0.0, 0.0, 0.0, 0.0, 0.0, 0.0, 0.0, 0.0, 0.0, 0.0, 0.0, 0.0, 0.0, 0.0, 0.0, 0.0, 0.0, 0.0, 0.0, 0.0, 0.0, 0.0, 0.0, 0.0, 0.0, 0.0, 0.0, 0.0, 0.0, 0.0, 0.0, 0.0, 0.0, 0.0, 0.0, 0.0, 0.0, 0.0, 0.0, 0.0, 0.0, 0.0, 0.0, 0.0, 0.0, 0.0, 0.0, 0.0, 0.0, 0.0, 0.0, 0.0, 0.0, 0.0, 0.0, 0.0, 0.0, 0.0, 0.0, 0.0, 1.0, 1.0, 1.0, 1.0, 0.0, 1.0, 0.0, 0.0, 0.0, 0.0, 0.0, 0.0, 0.0, 1.0, 0.2733333333333333, 0.8914285714284571, 0.03993942263564875, 0.2866666666666667, 0.39999999999934, 0.004882278855274617, 0.32666666666666666, 0.21999999999936, 0.003137499205192424, 0.29333333333333333, 0.75142857142848, 0.005228569277877371, 0.2866666666666667, 0.9057142857138172, 0.004299117769788352, 0.2866666666666667, 0.9399999999995485, 0.004461860398297855, 0.24666666666666667, 0.5842857142857114, 0.0052742406773867295, 0.28, 0.99428571428472, 0.0032212707579531243, 0.32666666666666666, 0.14571428571, 0.0003034817893798185, 0.2733333333333333, 0.47428571428561145, 0.042499642035366055, 0.28, 0.26714285714232, 0.0025964553092095925, 0.3333333333333333, 0.28, 0.001285870193510074, 0.22666666666666666, 0.22999999999999715, 0.0165686355466282, 0.26666666666666666, 0.6185714285691428, 0.0016710137868781653, 0.31333333333333335, 0.14285714285633141, 0.0024380051589110016, 0.2866666666666667, 0.9199999999996, 0.018835831823678845, 0.22, 0.33857142857104283, 0.007538682396080158, 0.31333333333333335, 0.6528571428555886, 0.0015947749631803757, 0.3333333333333333, 0.24857142857142858, 0.01826460519761248, 0.2733333333333333, 0.181428571428, 0.0005419131062726566, 0.0, 0.0, 0.0, 0.0, 0.0, 0.0, 0.0, 0.0, 0.0, 0.0, 0.0, 0.0, 0.0, 0.0, 0.0, 0.0, 0.0, 0.0, 0.0, 0.0, 0.0, 0.0, 0.0, 0.0, 0.0, 0.0, 0.0, 0.0, 0.0, 0.0, 0.0, 0.0, 0.0, 0.0, 0.0, 0.0, 0.0, 0.0, 0.0, 0.0, 0.0, 0.0, 0.0, 0.0, 0.0, 0.0, 0.0, 0.0, 0.0, 0.0, 0.0, 0.0, 0.0, 0.0, 0.0, 0.0, 0.0, 0.0, 0.0, 0.0, 0.0, 0.0, 0.0, 0.0, 0.0, 0.0, 0.0, 0.0, 0.0, 0.0, 0.0, 0.0, 0.0, 0.0, 0.0, 0.0, 0.0, 0.0, 0.0, 0.0, 0.0, 0.0, 0.0, 0.0, 0.0, 0.0, 0.0, 0.0, 0.0, 0.0, 0.0, 0.0, 0.0, 0.0, 0.0, 0.0, 0.0, 0.0, 0.0, 0.0, 0.0, 0.0, 0.0, 0.0, 0.0, 0.0, 0.0, 0.0, 0.0, 0.0, 0.0, 0.0, 0.0, 0.0, 0.0, 0.0, 0.0, 0.0, 0.0, 0.0, 0.0, 0.0, 0.0, 0.0, 0.0, 0.0, 0.0, 0.0, 0.0, 0.0, 0.0, 0.0],[0, 0, 0, 0, 0, 0, 0, 0, 0, 0, 0, 0, 0, 0, 0, 0, 0, 0, 0, 0, 0, 0, 0, 0, 0, 0, 0, 0, 0, 0, 0, 0, 0, 0, 0, 0, 0, 0, 0, 0, 0, 0, 0, 0, 0, 0, 0, 0, 0, 0, 0, 0, 0, 0, 0, 0, 0, 0, 0, 0, 0, 0, 0, 0]
[0.0, 0.0, 0.0, 0.0, 0.0, 0.0, 0.0, 0.0, 0.0, 0.0, 0.0, 0.0, 0.0, 0.0, 0.0, 0.0, 0.0, 0.0, 0.0, 0.0, 0.0, 0.0, 0.0, 0.0, 0.0, 0.0, 0.0, 0.0, 0.0, 0.0, 0.0, 0.0, 0.0, 0.0, 0.0, 0.0, 0.0, 0.0, 0.0, 0.0, 0.0, 0.0, 0.0, 0.0, 0.0, 0.0, 0.0, 0.0, 0.0, 0.0, 0.0, 0.0, 0.0, 0.0, 0.0, 0.0, 0.0, 0.0, 0.0, 0.0, 0.0, 0.0, 0.0, 0.0, 0.0, 0.0, 0.0, 0.0, 1.0, 1.0, 1.0, 1.0, 1.0, 1.0, 1.0, 1.0, 1.0, 0.0, 0.0, 0.0, 0.0, 0.0, 1.0, 1.0, 1.0, 1.0, 1.0, 1.0, 1.0, 1.0, 1.0, 1.0, 1.0, 1.0, 1.0, 1.0, 1.0, 1.0, 1.0, 1.0, 1.0, 1.0, 1.0, 1.0, 1.0, 1.0, 1.0, 1.0, 0.0, 0.0, 0.0, 0.0, 0.0, 0.0, 0.0, 0.0, 0.0, 0.0, 0.0, 0.0, 0.0, 0.0, 0.0, 0.0, 0.0, 0.0, 0.0, 1.0, 1.0, 1.0, 1.0, 1.0, 1.0, 1.0, 1.0, 1.0, 1.0, 1.0, 1.0, 1.0, 0.0, 1.0, 0.0, 0.0, 0.0, 0.0, 0.0, 0.0, 0.0, 1.0, 0.2733333333333333, 0.8914285714284571, 0.03993942263564875, 0.2866666666666667, 0.39999999999934, 0.004882278855274617, 0.32666666666666666, 0.21999999999936, 0.003137499205192424, 0.29333333333333333, 0.75142857142848, 0.005228569277877371, 0.2866666666666667, 0.9057142857138172, 0.004299117769788352, 0.2866666666666667, 0.9399999999995485, 0.004461860398297855, 0.24666666666666667, 0.5842857142857114, 0.0052742406773867295, 0.28, 0.99428571428472, 0.0032212707579531243, 0.32666666666666666, 0.14571428571, 0.0003034817893798185, 0.2733333333333333, 0.47428571428561145, 0.042499642035366055, 0.28, 0.26714285714232, 0.0025964553092095925, 0.3333333333333333, 0.28, 0.001285870193510074, 0.22666666666666666, 0.22999999999999715, 0.0165686355466282, 0.26666666666666666, 0.6185714285691428, 0.0016710137868781653, 0.31333333333333335, 0.14285714285633141, 0.0024380051589110016, 0.2866666666666667, 0.9199999999996, 0.018835831823678845, 0.22, 0.33857142857104283, 0.007538682396080158, 0.31333333333333335, 0.6528571428555886, 0.0015947749631803757, 0.3333333333333333, 0.24857142857142858, 0.01826460519761248, 0.2733333333333333, 0.181428571428, 0.0005419131062726566, 0.0, 0.0, 0.0, 0.0, 0.0, 0.0, 0.0, 0.0, 0.0, 0.0, 0.0, 0.0, 0.0, 0.0, 0.0, 0.0, 0.0, 0.0, 0.0, 0.0, 0.0, 0.0, 0.0, 0.0, 0.0, 0.0, 0.0, 0.0, 0.0, 0.0, 0.0, 0.0, 0.0, 0.0, 0.0, 0.0, 0.0, 0.0, 0.0, 0.0, 0.0, 0.0, 0.0, 0.0, 0.0, 0.0, 0.0, 0.0, 0.0, 0.0, 0.0, 0.0, 0.0, 0.0, 0.0, 0.0, 0.0, 0.0, 0.0, 0.0, 0.0, 0.0, 0.0, 0.0, 0.0, 0.0, 0.0, 0.0, 0.0, 0.0, 0.0, 0.0, 0.0, 0.0, 0.0, 0.0, 0.0, 0.0, 0.0, 0.0, 0.0, 0.0, 0.0, 0.0, 0.0, 0.0, 0.0, 0.0, 0.0, 0.0, 0.0, 0.0, 0.0, 0.0, 0.0, 0.0, 0.0, 0.0, 0.0, 0.0, 0.0, 0.0, 0.0, 0.0, 0.0, 0.0, 0.0, 0.0, 0.0, 0.0, 0.0, 0.0, 0.0, 0.0, 0.0, 0.0, 0.0, 0.0, 0.0, 0.0, 0.0, 0.0, 0.0, 0.0, 0.0, 0.0, 0.0, 0.0, 0.0, 0.0, 0.0, 0.0],[1, 0, 0, 0, 0, 0, 0, 0, 0, 0, 0, 0, 0, 0, 0, 0, 0, 0, 0, 0, 0, 0, 0, 0, 0, 0, 0, 0, 0, 0, 0, 0, 0, 0, 0, 0, 0, 0, 0, 0, 0, 0, 0, 0, 0, 0, 0, 0, 0, 0, 0, 0, 0, 0, 0, 0, 0, 0, 0, 0, 0, 0, 0, 0]
[0.0, 0.0, 0.0, 0.0, 0.0, 0.0, 0.0, 0.0, 0.0, 0.0, 0.0, 0.0, 0.0, 0.0, 0.0, 0.0, 0.0, 0.0, 0.0, 0.0, 0.0, 0.0, 0.0, 0.0, 0.0, 0.0, 0.0, 0.0, 0.0, 0.0, 0.0, 0.0, 0.0, 0.0, 0.0, 0.0, 0.0, 0.0, 0.0, 0.0, 0.0, 0.0, 0.0, 0.0, 0.0, 0.0, 0.0, 0.0, 0.0, 0.0, 0.0, 0.0, 0.0, 0.0, 0.0, 0.0, 0.0, 0.0, 0.0, 0.0, 0.0, 0.0, 0.0, 0.0, 0.0, 0.0, 0.0, 0.0, 0.0, 0.0, 0.0, 0.0, 0.0, 0.0, 0.0, 0.0, 0.0, 0.0, 0.0, 0.0, 0.0, 0.0, 0.0, 0.0, 0.0, 0.0, 0.0, 0.0, 0.0, 0.0, 0.0, 0.0, 0.0, 0.0, 0.0, 0.0, 0.0, 0.0, 0.0, 0.0, 0.0, 0.0, 0.0, 0.0, 0.0, 0.0, 0.0, 0.0, 0.0, 0.0, 0.0, 0.0, 0.0, 0.0, 0.0, 0.0, 0.0, 0.0, 0.0, 0.0, 0.0, 0.0, 0.0, 0.0, 0.0, 0.0, 0.0, 0.0, 0.0, 0.0, 0.0, 0.0, 0.0, 1.0, 1.0, 1.0, 1.0, 1.0, 1.0, 1.0, 0.0, 1.0, 0.0, 0.0, 0.0, 0.0, 0.0, 0.0, 0.0, 1.0, 0.2866666666666667, 0.39999999999934, 0.004882278855274617, 0.32666666666666666, 0.21999999999936, 0.003137499205192424, 0.29333333333333333, 0.75142857142848, 0.005228569277877371, 0.2866666666666667, 0.9057142857138172, 0.004299117769788352, 0.2866666666666667, 0.9399999999995485, 0.004461860398297855, 0.24666666666666667, 0.5842857142857114, 0.0052742406773867295, 0.28, 0.99428571428472, 0.0032212707579531243, 0.32666666666666666, 0.14571428571, 0.0003034817893798185, 0.2733333333333333, 0.47428571428561145, 0.042499642035366055, 0.28, 0.26714285714232, 0.0025964553092095925, 0.3333333333333333, 0.28, 0.001285870193510074, 0.22666666666666666, 0.22999999999999715, 0.0165686355466282, 0.26666666666666666, 0.6185714285691428, 0.0016710137868781653, 0.31333333333333335, 0.14285714285633141, 0.0024380051589110016, 0.2866666666666667, 0.9199999999996, 0.018835831823678845, 0.22, 0.33857142857104283, 0.007538682396080158, 0.31333333333333335, 0.6528571428555886, 0.0015947749631803757, 0.3333333333333333, 0.24857142857142858, 0.01826460519761248, 0.2733333333333333, 0.181428571428, 0.0005419131062726566, 0.0, 0.0, 0.0, 0.0, 0.0, 0.0, 0.0, 0.0, 0.0, 0.0, 0.0, 0.0, 0.0, 0.0, 0.0, 0.0, 0.0, 0.0, 0.0, 0.0, 0.0, 0.0, 0.0, 0.0, 0.0, 0.0, 0.0, 0.0, 0.0, 0.0, 0.0, 0.0, 0.0, 0.0, 0.0, 0.0, 0.0, 0.0, 0.0, 0.0, 0.0, 0.0, 0.0, 0.0, 0.0, 0.0, 0.0, 0.0, 0.0, 0.0, 0.0, 0.0, 0.0, 0.0, 0.0, 0.0, 0.0, 0.0, 0.0, 0.0, 0.0, 0.0, 0.0, 0.0, 0.0, 0.0, 0.0, 0.0, 0.0, 0.0, 0.0, 0.0, 0.0, 0.0, 0.0, 0.0, 0.0, 0.0, 0.0, 0.0, 0.0, 0.0, 0.0, 0.0, 0.0, 0.0, 0.0, 0.0, 0.0, 0.0, 0.0, 0.0, 0.0, 0.0, 0.0, 0.0, 0.0, 0.0, 0.0, 0.0, 0.0, 0.0, 0.0, 0.0, 0.0, 0.0, 0.0, 0.0, 0.0, 0.0, 0.0, 0.0, 0.0, 0.0, 0.0, 0.0, 0.0, 0.0, 0.0, 0.0, 0.0, 0.0, 0.0, 0.0, 0.0, 0.0, 0.0, 0.0, 0.0, 0.0, 0.0, 0.0, 0.0, 0.0, 0.0],[0, 0, 0, 0, 0, 0, 0, 0, 0, 0, 0, 0, 0, 0, 0, 0, 0, 0, 0, 0, 0, 0, 0, 0, 0, 0, 0, 0, 0, 0, 0, 0, 0, 0, 0, 0, 0, 0, 0, 0, 0, 0, 0, 0, 0, 0, 0, 0, 0, 0, 0, 0, 0, 0, 0, 0, 0, 0, 0, 0, 0, 0, 0, 0]
[0.0, 0.0, 0.0, 0.0, 0.0, 0.0, 0.0, 1.0, 1.0, 1.0, 1.0, 1.0, 1.0, 1.0, 1.0, 1.0, 1.0, 1.0, 1.0, 1.0, 1.0, 1.0, 1.0, 1.0, 1.0, 1.0, 1.0, 1.0, 1.0, 1.0, 1.0, 1.0, 1.0, 1.0, 1.0, 1.0, 0.0, 0.0, 0.0, 0.0, 0.0, 1.0, 1.0, 1.0, 1.0, 0.0, 0.0, 0.0, 0.0, 0.0, 0.0, 0.0, 0.0, 0.0, 0.0, 0.0, 0.0, 0.0, 0.0, 0.0, 0.0, 0.0, 0.0, 0.0, 0.0, 0.0, 0.0, 0.0, 0.0, 0.0, 0.0, 0.0, 0.0, 0.0, 0.0, 0.0, 0.0, 0.0, 0.0, 0.0, 0.0, 0.0, 0.0, 0.0, 0.0, 0.0, 0.0, 0.0, 0.0, 0.0, 0.0, 0.0, 0.0, 0.0, 0.0, 0.0, 0.0, 0.0, 0.0, 0.0, 0.0, 0.0, 0.0, 0.0, 0.0, 0.0, 0.0, 0.0, 1.0, 1.0, 1.0, 1.0, 1.0, 1.0, 1.0, 1.0, 1.0, 0.0, 0.0, 0.0, 0.0, 0.0, 0.0, 0.0, 0.0, 0.0, 0.0, 0.0, 0.0, 0.0, 0.0, 0.0, 0.0, 1.0, 1.0, 1.0, 1.0, 1.0, 1.0, 1.0, 0.0, 1.0, 0.0, 0.0, 0.0, 0.0, 0.0, 0.0, 0.0, 1.0, 0.2866666666666667, 0.39999999999934, 0.004882278855274617, 0.32666666666666666, 0.21999999999936, 0.003137499205192424, 0.29333333333333333, 0.75142857142848, 0.005228569277877371, 0.2866666666666667, 0.9057142857138172, 0.004299117769788352, 0.2866666666666667, 0.9399999999995485, 0.004461860398297855, 0.24666666666666667, 0.5842857142857114, 0.0052742406773867295, 0.28, 0.99428571428472, 0.0032212707579531243, 0.32666666666666666, 0.14571428571, 0.0003034817893798185, 0.2733333333333333, 0.47428571428561145, 0.042499642035366055, 0.28, 0.26714285714232, 0.0025964553092095925, 0.3333333333333333, 0.28, 0.001285870193510074, 0.22666666666666666, 0.22999999999999715, 0.0165686355466282, 0.26666666666666666, 0.6185714285691428, 0.0016710137868781653, 0.31333333333333335, 0.14285714285633141, 0.0024380051589110016, 0.2866666666666667, 0.9199999999996, 0.018835831823678845, 0.22, 0.33857142857104283, 0.007538682396080158, 0.31333333333333335, 0.6528571428555886, 0.0015947749631803757, 0.3333333333333333, 0.24857142857142858, 0.01826460519761248, 0.2733333333333333, 0.181428571428, 0.0005419131062726566, 0.0, 0.0, 0.0, 0.0, 0.0, 0.0, 0.0, 0.0, 0.0, 0.0, 0.0, 0.0, 0.0, 0.0, 0.0, 0.0, 0.0, 0.0, 0.0, 0.0, 0.0, 0.0, 0.0, 0.0, 0.0, 0.0, 0.0, 0.0, 0.0, 0.0, 0.0, 0.0, 0.0, 0.0, 0.0, 0.0, 0.0, 0.0, 0.0, 0.0, 0.0, 0.0, 0.0, 0.0, 0.0, 0.0, 0.0, 0.0, 0.0, 0.0, 0.0, 0.0, 0.0, 0.0, 0.0, 0.0, 0.0, 0.0, 0.0, 0.0, 0.0, 0.0, 0.0, 0.0, 0.0, 0.0, 0.0, 0.0, 0.0, 0.0, 0.0, 0.0, 0.0, 0.0, 0.0, 0.0, 0.0, 0.0, 0.0, 0.0, 0.0, 0.0, 0.0, 0.0, 0.0, 0.0, 0.0, 0.0, 0.0, 0.0, 0.0, 0.0, 0.0, 0.0, 0.0, 0.0, 0.0, 0.0, 0.0, 0.0, 0.0, 0.0, 0.0, 0.0, 0.0, 0.0, 0.0, 0.0, 0.0, 0.0, 0.0, 0.0, 0.0, 0.0, 0.0, 0.0, 0.0, 0.0, 0.0, 0.0, 0.0, 0.0, 0.0, 0.0, 0.0, 0.0, 0.0, 0.0, 0.0, 0.0, 0.0, 0.0, 0.0, 0.0, 0.0],[1, 0, 0, 0, 0, 0, 0, 0, 0, 0, 0, 0, 0, 0, 0, 0, 0, 0, 0, 0, 0, 0, 0, 0, 0, 0, 0, 0, 0, 0, 0, 0, 0, 0, 0, 0, 0, 0, 0, 0, 0, 0, 0, 0, 0, 0, 0, 0, 0, 0, 0, 0, 0, 0, 0, 0, 0, 0, 0, 0, 0, 0, 0, 0]
[0.0, 0.0, 0.0, 0.0, 0.0, 0.0, 0.0, 0.0, 0.0, 0.0, 0.0, 0.0, 0.0, 0.0, 0.0, 0.0, 0.0, 0.0, 0.0, 0.0, 0.0, 0.0, 0.0, 0.0, 0.0, 0.0, 0.0, 0.0, 0.0, 0.0, 0.0, 0.0, 0.0, 0.0, 0.0, 0.0, 0.0, 0.0, 0.0, 0.0, 0.0, 0.0, 0.0, 0.0, 0.0, 0.0, 0.0, 0.0, 0.0, 0.0, 0.0, 0.0, 0.0, 0.0, 0.0, 0.0, 0.0, 0.0, 0.0, 0.0, 0.0, 0.0, 0.0, 0.0, 0.0, 0.0, 0.0, 0.0, 0.0, 0.0, 0.0, 0.0, 0.0, 0.0, 0.0, 0.0, 0.0, 0.0, 0.0, 0.0, 0.0, 0.0, 0.0, 0.0, 0.0, 0.0, 0.0, 0.0, 0.0, 0.0, 0.0, 0.0, 0.0, 0.0, 0.0, 0.0, 0.0, 0.0, 0.0, 0.0, 0.0, 0.0, 0.0, 0.0, 0.0, 0.0, 0.0, 0.0, 0.0, 0.0, 0.0, 0.0, 0.0, 0.0, 0.0, 0.0, 0.0, 0.0, 0.0, 0.0, 0.0, 0.0, 0.0, 0.0, 0.0, 0.0, 0.0, 0.0, 0.0, 0.0, 0.0, 0.0, 0.0, 0.0, 1.0, 1.0, 1.0, 1.0, 1.0, 1.0, 0.0, 1.0, 0.0, 0.0, 0.0, 0.0, 0.0, 0.0, 0.0, 1.0, 0.32666666666666666, 0.21999999999936, 0.003137499205192424, 0.29333333333333333, 0.75142857142848, 0.005228569277877371, 0.2866666666666667, 0.9057142857138172, 0.004299117769788352, 0.2866666666666667, 0.9399999999995485, 0.004461860398297855, 0.24666666666666667, 0.5842857142857114, 0.0052742406773867295, 0.28, 0.99428571428472, 0.0032212707579531243, 0.32666666666666666, 0.14571428571, 0.0003034817893798185, 0.2733333333333333, 0.47428571428561145, 0.042499642035366055, 0.28, 0.26714285714232, 0.0025964553092095925, 0.3333333333333333, 0.28, 0.001285870193510074, 0.22666666666666666, 0.22999999999999715, 0.0165686355466282, 0.26666666666666666, 0.6185714285691428, 0.0016710137868781653, 0.31333333333333335, 0.14285714285633141, 0.0024380051589110016, 0.2866666666666667, 0.9199999999996, 0.018835831823678845, 0.22, 0.33857142857104283, 0.007538682396080158, 0.31333333333333335, 0.6528571428555886, 0.0015947749631803757, 0.3333333333333333, 0.24857142857142858, 0.01826460519761248, 0.2733333333333333, 0.181428571428, 0.0005419131062726566, 0.0, 0.0, 0.0, 0.0, 0.0, 0.0, 0.0, 0.0, 0.0, 0.0, 0.0, 0.0, 0.0, 0.0, 0.0, 0.0, 0.0, 0.0, 0.0, 0.0, 0.0, 0.0, 0.0, 0.0, 0.0, 0.0, 0.0, 0.0, 0.0, 0.0, 0.0, 0.0, 0.0, 0.0, 0.0, 0.0, 0.0, 0.0, 0.0, 0.0, 0.0, 0.0, 0.0, 0.0, 0.0, 0.0, 0.0, 0.0, 0.0, 0.0, 0.0, 0.0, 0.0, 0.0, 0.0, 0.0, 0.0, 0.0, 0.0, 0.0, 0.0, 0.0, 0.0, 0.0, 0.0, 0.0, 0.0, 0.0, 0.0, 0.0, 0.0, 0.0, 0.0, 0.0, 0.0, 0.0, 0.0, 0.0, 0.0, 0.0, 0.0, 0.0, 0.0, 0.0, 0.0, 0.0, 0.0, 0.0, 0.0, 0.0, 0.0, 0.0, 0.0, 0.0, 0.0, 0.0, 0.0, 0.0, 0.0, 0.0, 0.0, 0.0, 0.0, 0.0, 0.0, 0.0, 0.0, 0.0, 0.0, 0.0, 0.0, 0.0, 0.0, 0.0, 0.0, 0.0, 0.0, 0.0, 0.0, 0.0, 0.0, 0.0, 0.0, 0.0, 0.0, 0.0, 0.0, 0.0, 0.0, 0.0, 0.0, 0.0, 0.0, 0.0, 0.0, 0.0, 0.0, 0.0],[0, 0, 0, 0, 0, 0, 0, 0, 0, 0, 0, 0, 0, 0, 0, 0, 0, 0, 0, 0, 0, 0, 0, 0, 0, 0, 0, 0, 0, 0, 0, 0, 0, 0, 0, 0, 0, 0, 0, 0, 0, 0, 0, 0, 0, 0, 0, 0, 0, 0, 0, 0, 0, 0, 0, 0, 0, 0, 0, 0, 0, 0, 0, 0]
[0.0, 0.0, 0.0, 0.0, 0.0, 0.0, 0.0, 0.0, 0.0, 0.0, 0.0, 0.0, 0.0, 0.0, 0.0, 0.0, 0.0, 0.0, 0.0, 0.0, 0.0, 0.0, 0.0, 0.0, 0.0, 0.0, 0.0, 0.0, 0.0, 0.0, 0.0, 0.0, 0.0, 0.0, 0.0, 0.0, 0.0, 0.0, 0.0, 0.0, 0.0, 0.0, 0.0, 0.0, 0.0, 0.0, 0.0, 0.0, 0.0, 0.0, 0.0, 0.0, 0.0, 0.0, 0.0, 0.0, 0.0, 0.0, 0.0, 0.0, 0.0, 0.0, 0.0, 0.0, 0.0, 0.0, 0.0, 0.0, 0.0, 0.0, 0.0, 0.0, 0.0, 0.0, 0.0, 0.0, 0.0, 1.0, 1.0, 1.0, 1.0, 0.0, 0.0, 0.0, 0.0, 0.0, 0.0, 0.0, 0.0, 0.0, 0.0, 0.0, 0.0, 0.0, 0.0, 0.0, 0.0, 0.0, 0.0, 0.0, 0.0, 0.0, 0.0, 0.0, 0.0, 0.0, 0.0, 0.0, 0.0, 0.0, 0.0, 0.0, 0.0, 0.0, 0.0, 0.0, 0.0, 0.0, 0.0, 0.0, 0.0, 0.0, 0.0, 0.0, 0.0, 0.0, 0.0, 0.0, 0.0, 0.0, 0.0, 0.0, 0.0, 0.0, 1.0, 1.0, 1.0, 1.0, 1.0, 1.0, 0.0, 1.0, 1.0, 1.0, 1.0, 0.0, 1.0, 1.0, 1.0, 1.0, 0.32666666666666666, 0.21999999999936, 0.003137499205192424, 0.29333333333333333, 0.75142857142848, 0.005228569277877371, 0.2866666666666667, 0.9057142857138172, 0.004299117769788352, 0.2866666666666667, 0.9399999999995485, 0.004461860398297855, 0.24666666666666667, 0.5842857142857114, 0.0052742406773867295, 0.28, 0.99428571428472, 0.0032212707579531243, 0.32666666666666666, 0.14571428571, 0.0003034817893798185, 0.2733333333333333, 0.47428571428561145, 0.042499642035366055, 0.28, 0.26714285714232, 0.0025964553092095925, 0.3333333333333333, 0.28, 0.001285870193510074, 0.22666666666666666, 0.22999999999999715, 0.0165686355466282, 0.26666666666666666, 0.6185714285691428, 0.0016710137868781653, 0.31333333333333335, 0.14285714285633141, 0.0024380051589110016, 0.2866666666666667, 0.9199999999996, 0.018835831823678845, 0.22, 0.33857142857104283, 0.007538682396080158, 0.31333333333333335, 0.6528571428555886, 0.0015947749631803757, 0.3333333333333333, 0.24857142857142858, 0.01826460519761248, 0.2733333333333333, 0.181428571428, 0.0005419131062726566, 0.0, 0.0, 0.0, 0.0, 0.0, 0.0, 0.0, 0.0, 0.0, 0.0, 0.0, 0.0, 0.0, 0.0, 0.0, 0.0, 0.0, 0.0, 0.0, 0.0, 0.0, 0.0, 0.0, 0.0, 0.0, 0.0, 0.0, 0.0, 0.0, 0.0, 0.0, 0.0, 0.0, 0.0, 0.0, 0.0, 0.0, 0.0, 0.0, 0.0, 0.0, 0.0, 0.0, 0.0, 0.0, 0.0, 0.0, 0.0, 0.0, 0.0, 0.0, 0.0, 0.0, 0.0, 0.0, 0.0, 0.0, 0.0, 0.0, 0.0, 0.0, 0.0, 0.0, 0.0, 0.0, 0.0, 0.0, 0.0, 0.0, 0.0, 0.0, 0.0, 0.0, 0.0, 0.0, 0.0, 0.0, 0.0, 0.0, 0.0, 0.0, 0.0, 0.0, 0.0, 0.0, 0.0, 0.0, 0.0, 0.0, 0.0, 0.0, 0.0, 0.0, 0.0, 0.0, 0.0, 0.0, 0.0, 0.0, 0.0, 0.0, 0.0, 0.0, 0.0, 0.0, 0.0, 0.0, 0.0, 0.0, 0.0, 0.0, 0.0, 0.0, 0.0, 0.0, 0.0, 0.0, 0.0, 0.0, 0.0, 0.0, 0.0, 0.0, 0.0, 0.0, 0.0, 0.0, 0.0, 0.0, 0.0, 0.0, 0.0, 0.0, 0.0, 0.0, 0.0, 0.0, 0.0],[0, 0, 0, 0, 0, 0, 0, 0, 0, 0, 0, 0, 0, 0, 0, 0, 0, 0, 0, 0, 0, 0, 0, 0, 0, 0, 0, 0, 0, 0, 0, 0, 0, 0, 0, 0, 0, 0, 0, 0, 0, 0, 0, 0, 0, 0, 0, 0, 0, 0, 0, 0, 0, 0, 0, 0, 0, 0, 0, 0, 0, 0, 0, 0]
[0.0, 0.0, 0.0, 0.0, 0.0, 0.0, 0.0, 1.0, 1.0, 1.0, 1.0, 1.0, 1.0, 1.0, 1.0, 1.0, 1.0, 1.0, 1.0, 1.0, 1.0, 1.0, 1.0, 1.0, 1.0, 1.0, 1.0, 1.0, 1.0, 1.0, 1.0, 1.0, 1.0, 1.0, 1.0, 1.0, 0.0, 0.0, 0.0, 0.0, 0.0, 1.0, 1.0, 1.0, 1.0, 0.0, 0.0, 0.0, 0.0, 0.0, 0.0, 0.0, 0.0, 0.0, 0.0, 0.0, 0.0, 0.0, 0.0, 0.0, 0.0, 0.0, 0.0, 0.0, 0.0, 0.0, 0.0, 0.0, 0.0, 0.0, 0.0, 0.0, 0.0, 0.0, 0.0, 0.0, 0.0, 1.0, 1.0, 1.0, 1.0, 0.0, 0.0, 0.0, 0.0, 0.0, 0.0, 0.0, 0.0, 0.0, 0.0, 0.0, 0.0, 0.0, 0.0, 0.0, 0.0, 0.0, 0.0, 0.0, 0.0, 0.0, 0.0, 0.0, 0.0, 0.0, 0.0, 0.0, 1.0, 1.0, 1.0, 1.0, 1.0, 1.0, 1.0, 1.0, 1.0, 0.0, 0.0, 0.0, 0.0, 0.0, 0.0, 0.0, 0.0, 0.0, 0.0, 0.0, 0.0, 0.0, 0.0, 0.0, 0.0, 1.0, 1.0, 1.0, 1.0, 1.0, 1.0, 1.0, 0.0, 1.0, 1.0, 1.0, 1.0, 0.0, 1.0, 1.0, 1.0, 1.0, 0.32666666666666666, 0.21999999999936, 0.003137499205192424, 0.29333333333333333, 0.75142857142848, 0.005228569277877371, 0.2866666666666667, 0.9057142857138172, 0.004299117769788352, 0.2866666666666667, 0.9399999999995485, 0.004461860398297855, 0.24666666666666667, 0.5842857142857114, 0.0052742406773867295, 0.28, 0.99428571428472, 0.0032212707579531243, 0.32666666666666666, 0.14571428571, 0.0003034817893798185, 0.2733333333333333, 0.47428571428561145, 0.042499642035366055, 0.28, 0.26714285714232, 0.0025964553092095925, 0.3333333333333333, 0.28, 0.001285870193510074, 0.22666666666666666, 0.22999999999999715, 0.0165686355466282, 0.26666666666666666, 0.6185714285691428, 0.0016710137868781653, 0.31333333333333335, 0.14285714285633141, 0.0024380051589110016, 0.2866666666666667, 0.9199999999996, 0.018835831823678845, 0.22, 0.33857142857104283, 0.007538682396080158, 0.31333333333333335, 0.6528571428555886, 0.0015947749631803757, 0.3333333333333333, 0.24857142857142858, 0.01826460519761248, 0.2733333333333333, 0.181428571428, 0.0005419131062726566, 0.0, 0.0, 0.0, 0.0, 0.0, 0.0, 0.0, 0.0, 0.0, 0.0, 0.0, 0.0, 0.0, 0.0, 0.0, 0.0, 0.0, 0.0, 0.0, 0.0, 0.0, 0.0, 0.0, 0.0, 0.0, 0.0, 0.0, 0.0, 0.0, 0.0, 0.0, 0.0, 0.0, 0.0, 0.0, 0.0, 0.0, 0.0, 0.0, 0.0, 0.0, 0.0, 0.0, 0.0, 0.0, 0.0, 0.0, 0.0, 0.0, 0.0, 0.0, 0.0, 0.0, 0.0, 0.0, 0.0, 0.0, 0.0, 0.0, 0.0, 0.0, 0.0, 0.0, 0.0, 0.0, 0.0, 0.0, 0.0, 0.0, 0.0, 0.0, 0.0, 0.0, 0.0, 0.0, 0.0, 0.0, 0.0, 0.0, 0.0, 0.0, 0.0, 0.0, 0.0, 0.0, 0.0, 0.0, 0.0, 0.0, 0.0, 0.0, 0.0, 0.0, 0.0, 0.0, 0.0, 0.0, 0.0, 0.0, 0.0, 0.0, 0.0, 0.0, 0.0, 0.0, 0.0, 0.0, 0.0, 0.0, 0.0, 0.0, 0.0, 0.0, 0.0, 0.0, 0.0, 0.0, 0.0, 0.0, 0.0, 0.0, 0.0, 0.0, 0.0, 0.0, 0.0, 0.0, 0.0, 0.0, 0.0, 0.0, 0.0, 0.0, 0.0, 0.0, 0.0, 0.0, 0.0],[1, 0, 0, 0, 0, 0, 0, 0, 0, 0, 0, 0, 0, 0, 0, 0, 0, 0, 0, 0, 0, 0, 0, 0, 0, 0, 0, 0, 0, 0, 0, 0, 0, 0, 0, 0, 0, 0, 0, 0, 0, 0, 0, 0, 0, 0, 0, 0, 0, 0, 0, 0, 0, 0, 0, 0, 0, 0, 0, 0, 0, 0, 0, 0]
[0.0, 0.0, 0.0, 0.0, 0.0, 0.0, 0.0, 0.0, 0.0, 0.0, 0.0, 0.0, 0.0, 0.0, 0.0, 0.0, 0.0, 0.0, 0.0, 0.0, 0.0, 0.0, 0.0, 0.0, 0.0, 0.0, 0.0, 0.0, 0.0, 0.0, 0.0, 0.0, 0.0, 0.0, 0.0, 0.0, 0.0, 0.0, 0.0, 0.0, 0.0, 0.0, 0.0, 0.0, 0.0, 0.0, 0.0, 0.0, 0.0, 0.0, 0.0, 0.0, 0.0, 0.0, 0.0, 0.0, 0.0, 0.0, 0.0, 0.0, 0.0, 0.0, 0.0, 0.0, 0.0, 0.0, 0.0, 0.0, 0.0, 0.0, 0.0, 0.0, 0.0, 0.0, 0.0, 0.0, 0.0, 0.0, 0.0, 0.0, 0.0, 0.0, 0.0, 0.0, 0.0, 0.0, 0.0, 0.0, 0.0, 0.0, 0.0, 0.0, 0.0, 0.0, 0.0, 0.0, 0.0, 0.0, 0.0, 0.0, 0.0, 0.0, 0.0, 0.0, 0.0, 0.0, 0.0, 0.0, 0.0, 0.0, 0.0, 0.0, 0.0, 0.0, 0.0, 0.0, 0.0, 0.0, 0.0, 0.0, 0.0, 0.0, 0.0, 0.0, 0.0, 0.0, 0.0, 0.0, 0.0, 0.0, 0.0, 0.0, 0.0, 0.0, 0.0, 0.0, 1.0, 1.0, 1.0, 1.0, 0.0, 1.0, 1.0, 1.0, 1.0, 0.0, 1.0, 1.0, 1.0, 1.0, 0.29333333333333333, 0.75142857142848, 0.005228569277877371, 0.2866666666666667, 0.9057142857138172, 0.004299117769788352, 0.2866666666666667, 0.9399999999995485, 0.004461860398297855, 0.24666666666666667, 0.5842857142857114, 0.0052742406773867295, 0.28, 0.99428571428472, 0.0032212707579531243, 0.32666666666666666, 0.14571428571, 0.0003034817893798185, 0.2733333333333333, 0.47428571428561145, 0.042499642035366055, 0.28, 0.26714285714232, 0.0025964553092095925, 0.3333333333333333, 0.28, 0.001285870193510074, 0.22666666666666666, 0.22999999999999715, 0.0165686355466282, 0.26666666666666666, 0.6185714285691428, 0.0016710137868781653, 0.31333333333333335, 0.14285714285633141, 0.0024380051589110016, 0.2866666666666667, 0.9199999999996, 0.018835831823678845, 0.22, 0.33857142857104283, 0.007538682396080158, 0.31333333333333335, 0.6528571428555886, 0.0015947749631803757, 0.3333333333333333, 0.24857142857142858, 0.01826460519761248, 0.2733333333333333, 0.181428571428, 0.0005419131062726566, 0.0, 0.0, 0.0, 0.0, 0.0, 0.0, 0.0, 0.0, 0.0, 0.0, 0.0, 0.0, 0.0, 0.0, 0.0, 0.0, 0.0, 0.0, 0.0, 0.0, 0.0, 0.0, 0.0, 0.0, 0.0, 0.0, 0.0, 0.0, 0.0, 0.0, 0.0, 0.0, 0.0, 0.0, 0.0, 0.0, 0.0, 0.0, 0.0, 0.0, 0.0, 0.0, 0.0, 0.0, 0.0, 0.0, 0.0, 0.0, 0.0, 0.0, 0.0, 0.0, 0.0, 0.0, 0.0, 0.0, 0.0, 0.0, 0.0, 0.0, 0.0, 0.0, 0.0, 0.0, 0.0, 0.0, 0.0, 0.0, 0.0, 0.0, 0.0, 0.0, 0.0, 0.0, 0.0, 0.0, 0.0, 0.0, 0.0, 0.0, 0.0, 0.0, 0.0, 0.0, 0.0, 0.0, 0.0, 0.0, 0.0, 0.0, 0.0, 0.0, 0.0, 0.0, 0.0, 0.0, 0.0, 0.0, 0.0, 0.0, 0.0, 0.0, 0.0, 0.0, 0.0, 0.0, 0.0, 0.0, 0.0, 0.0, 0.0, 0.0, 0.0, 0.0, 0.0, 0.0, 0.0, 0.0, 0.0, 0.0, 0.0, 0.0, 0.0, 0.0, 0.0, 0.0, 0.0, 0.0, 0.0, 0.0, 0.0, 0.0, 0.0, 0.0, 0.0, 0.0, 0.0, 0.0, 0.0, 0.0, 0.0],[0, 0, 0, 0, 0, 0, 0, 0, 0, 0, 0, 0, 0, 0, 0, 0, 0, 0, 0, 0, 0, 0, 0, 0, 0, 0, 0, 0, 0, 0, 0, 0, 0, 0, 0, 0, 0, 0, 0, 0, 0, 0, 0, 0, 0, 0, 0, 0, 0, 0, 0, 0, 0, 0, 0, 0, 0, 0, 0, 0, 0, 0, 0, 0]
[0.0, 0.0, 0.0, 0.0, 0.0, 0.0, 0.0, 0.0, 0.0, 0.0, 0.0, 0.0, 0.0, 0.0, 0.0, 0.0, 0.0, 0.0, 0.0, 0.0, 0.0, 0.0, 0.0, 0.0, 0.0, 0.0, 0.0, 0.0, 0.0, 0.0, 0.0, 0.0, 0.0, 0.0, 0.0, 0.0, 0.0, 0.0, 0.0, 0.0, 0.0, 0.0, 0.0, 0.0, 0.0, 0.0, 0.0, 0.0, 0.0, 0.0, 0.0, 0.0, 0.0, 0.0, 0.0, 1.0, 0.0, 0.0, 1.0, 1.0, 1.0, 1.0, 1.0, 1.0, 1.0, 1.0, 1.0, 1.0, 0.0, 0.0, 0.0, 0.0, 0.0, 0.0, 0.0, 0.0, 0.0, 0.0, 0.0, 0.0, 0.0, 0.0, 0.0, 0.0, 0.0, 0.0, 0.0, 0.0, 0.0, 0.0, 0.0, 0.0, 0.0, 0.0, 0.0, 0.0, 0.0, 0.0, 0.0, 0.0, 0.0, 0.0, 0.0, 0.0, 0.0, 0.0, 0.0, 0.0, 0.0, 0.0, 0.0, 0.0, 0.0, 0.0, 0.0, 0.0, 0.0, 1.0, 0.0, 0.0, 0.0, 1.0, 1.0, 0.0, 0.0, 1.0, 1.0, 0.0, 0.0, 0.0, 0.0, 0.0, 0.0, 0.0, 0.0, 0.0, 1.0, 1.0, 1.0, 1.0, 0.0, 1.0, 1.0, 1.0, 1.0, 0.0, 1.0, 1.0, 1.0, 1.0, 0.29333333333333333, 0.75142857142848, 0.005228569277877371, 0.2866666666666667, 0.9057142857138172, 0.004299117769788352, 0.2866666666666667, 0.9399999999995485, 0.004461860398297855, 0.24666666666666667, 0.5842857142857114, 0.0052742406773867295, 0.28, 0.99428571428472, 0.0032212707579531243, 0.32666666666666666, 0.14571428571, 0.0003034817893798185, 0.2733333333333333, 0.47428571428561145, 0.042499642035366055, 0.28, 0.26714285714232, 0.0025964553092095925, 0.3333333333333333, 0.28, 0.001285870193510074, 0.22666666666666666, 0.22999999999999715, 0.0165686355466282, 0.26666666666666666, 0.6185714285691428, 0.0016710137868781653, 0.31333333333333335, 0.14285714285633141, 0.0024380051589110016, 0.2866666666666667, 0.9199999999996, 0.018835831823678845, 0.22, 0.33857142857104283, 0.007538682396080158, 0.31333333333333335, 0.6528571428555886, 0.0015947749631803757, 0.3333333333333333, 0.24857142857142858, 0.01826460519761248, 0.2733333333333333, 0.181428571428, 0.0005419131062726566, 0.0, 0.0, 0.0, 0.0, 0.0, 0.0, 0.0, 0.0, 0.0, 0.0, 0.0, 0.0, 0.0, 0.0, 0.0, 0.0, 0.0, 0.0, 0.0, 0.0, 0.0, 0.0, 0.0, 0.0, 0.0, 0.0, 0.0, 0.0, 0.0, 0.0, 0.0, 0.0, 0.0, 0.0, 0.0, 0.0, 0.0, 0.0, 0.0, 0.0, 0.0, 0.0, 0.0, 0.0, 0.0, 0.0, 0.0, 0.0, 0.0, 0.0, 0.0, 0.0, 0.0, 0.0, 0.0, 0.0, 0.0, 0.0, 0.0, 0.0, 0.0, 0.0, 0.0, 0.0, 0.0, 0.0, 0.0, 0.0, 0.0, 0.0, 0.0, 0.0, 0.0, 0.0, 0.0, 0.0, 0.0, 0.0, 0.0, 0.0, 0.0, 0.0, 0.0, 0.0, 0.0, 0.0, 0.0, 0.0, 0.0, 0.0, 0.0, 0.0, 0.0, 0.0, 0.0, 0.0, 0.0, 0.0, 0.0, 0.0, 0.0, 0.0, 0.0, 0.0, 0.0, 0.0, 0.0, 0.0, 0.0, 0.0, 0.0, 0.0, 0.0, 0.0, 0.0, 0.0, 0.0, 0.0, 0.0, 0.0, 0.0, 0.0, 0.0, 0.0, 0.0, 0.0, 0.0, 0.0, 0.0, 0.0, 0.0, 0.0, 0.0, 0.0, 0.0, 0.0, 0.0, 0.0, 0.0, 0.0, 0.0],[0, 0, 0, 0, 0, 0, 0, 0, 0, 0, 0, 0, 0, 0, 0, 0, 0, 0, 0, 0, 0, 0, 0, 0, 0, 0, 0, 0, 0, 0, 0, 0, 0, 0, 0, 0, 0, 0, 0, 0, 0, 0, 0, 0, 0, 0, 0, 0, 0, 0, 0, 0, 0, 0, 0, 0, 0, 0, 0, 0, 0, 0, 0, 0]
[0.0, 0.0, 0.0, 0.0, 0.0, 0.0, 0.0, 1.0, 1.0, 1.0, 1.0, 1.0, 1.0, 1.0, 1.0, 1.0, 1.0, 1.0, 1.0, 1.0, 1.0, 1.0, 1.0, 1.0, 1.0, 1.0, 1.0, 1.0, 1.0, 1.0, 1.0, 1.0, 1.0, 1.0, 1.0, 1.0, 0.0, 0.0, 0.0, 0.0, 0.0, 1.0, 1.0, 1.0, 1.0, 0.0, 0.0, 0.0, 0.0, 0.0, 0.0, 0.0, 0.0, 0.0, 0.0, 1.0, 0.0, 0.0, 1.0, 1.0, 1.0, 1.0, 1.0, 1.0, 1.0, 1.0, 1.0, 1.0, 0.0, 0.0, 0.0, 0.0, 0.0, 0.0, 0.0, 0.0, 0.0, 1.0, 1.0, 1.0, 1.0, 0.0, 0.0, 0.0, 0.0, 0.0, 0.0, 0.0, 0.0, 0.0, 0.0, 0.0, 0.0, 0.0, 0.0, 0.0, 0.0, 0.0, 0.0, 0.0, 0.0, 0.0, 0.0, 0.0, 0.0, 0.0, 0.0, 0.0, 1.0, 1.0, 1.0, 1.0, 1.0, 1.0, 1.0, 1.0, 1.0, 1.0, 0.0, 0.0, 0.0, 1.0, 1.0, 0.0, 0.0, 1.0, 1.0, 0.0, 0.0, 0.0, 0.0, 0.0, 0.0, 1.0, 1.0, 1.0, 1.0, 1.0, 1.0, 1.0, 0.0, 1.0, 1.0, 1.0, 1.0, 0.0, 1.0, 1.0, 1.0, 1.0, 0.29333333333333333, 0.75142857142848, 0.005228569277877371, 0.2866666666666667, 0.9057142857138172, 0.004299117769788352, 0.2866666666666667, 0.9399999999995485, 0.004461860398297855, 0.24666666666666667, 0.5842857142857114, 0.0052742406773867295, 0.28, 0.99428571428472, 0.0032212707579531243, 0.32666666666666666, 0.14571428571, 0.0003034817893798185, 0.2733333333333333, 0.47428571428561145, 0.042499642035366055, 0.28, 0.26714285714232, 0.0025964553092095925, 0.3333333333333333, 0.28, 0.001285870193510074, 0.22666666666666666, 0.22999999999999715, 0.0165686355466282, 0.26666666666666666, 0.6185714285691428, 0.0016710137868781653, 0.31333333333333335, 0.14285714285633141, 0.0024380051589110016, 0.2866666666666667, 0.9199999999996, 0.018835831823678845, 0.22, 0.33857142857104283, 0.007538682396080158, 0.24, 0.4742857142853943, 0.005378041121756823, 0.31333333333333335, 0.6528571428555886, 0.0015947749631803757, 0.3333333333333333, 0.24857142857142858, 0.01826460519761248, 0.2733333333333333, 0.181428571428, 0.0005419131062726566, 0.0, 0.0, 0.0, 0.0, 0.0, 0.0, 0.0, 0.0, 0.0, 0.0, 0.0, 0.0, 0.0, 0.0, 0.0, 0.0, 0.0, 0.0, 0.0, 0.0, 0.0, 0.0, 0.0, 0.0, 0.0, 0.0, 0.0, 0.0, 0.0, 0.0, 0.0, 0.0, 0.0, 0.0, 0.0, 0.0, 0.0, 0.0, 0.0, 0.0, 0.0, 0.0, 0.0, 0.0, 0.0, 0.0, 0.0, 0.0, 0.0, 0.0, 0.0, 0.0, 0.0, 0.0, 0.0, 0.0, 0.0, 0.0, 0.0, 0.0, 0.0, 0.0, 0.0, 0.0, 0.0, 0.0, 0.0, 0.0, 0.0, 0.0, 0.0, 0.0, 0.0, 0.0, 0.0, 0.0, 0.0, 0.0, 0.0, 0.0, 0.0, 0.0, 0.0, 0.0, 0.0, 0.0, 0.0, 0.0, 0.0, 0.0, 0.0, 0.0, 0.0, 0.0, 0.0, 0.0, 0.0, 0.0, 0.0, 0.0, 0.0, 0.0, 0.0, 0.0, 0.0, 0.0, 0.0, 0.0, 0.0, 0.0, 0.0, 0.0, 0.0, 0.0, 0.0, 0.0, 0.0, 0.0, 0.0, 0.0, 0.0, 0.0, 0.0, 0.0, 0.0, 0.0, 0.0, 0.0, 0.0, 0.0, 0.0, 0.0, 0.0, 0.0, 0.0, 0.0, 0.0, 0.0],[1, 0, 0, 0, 0, 0, 0, 0, 0, 0, 0, 0, 0, 1, 0, 0, 0, 0, 0, 0, 0, 0, 0, 0, 0, 0, 0, 0, 0, 0, 0, 0, 0, 0, 0, 0, 0, 0, 0, 0, 0, 0, 0, 0, 0, 0, 0, 0, 0, 0, 0, 0, 0, 0, 0, 0, 0, 0, 0, 0, 0, 0, 0, 0]
[0.0, 0.0, 0.0, 0.0, 0.0, 0.0, 0.0, 0.0, 0.0, 0.0, 0.0, 0.0, 0.0, 0.0, 0.0, 0.0, 0.0, 0.0, 0.0, 0.0, 0.0, 0.0, 0.0, 0.0, 0.0, 0.0, 0.0, 0.0, 0.0, 0.0, 0.0, 0.0, 0.0, 0.0, 0.0, 0.0, 0.0, 0.0, 0.0, 0.0, 0.0, 0.0, 0.0, 0.0, 0.0, 0.0, 0.0, 0.0, 0.0, 0.0, 0.0, 0.0, 0.0, 0.0, 0.0, 0.0, 0.0, 0.0, 0.0, 0.0, 0.0, 0.0, 0.0, 0.0, 0.0, 0.0, 0.0, 0.0, 0.0, 0.0, 0.0, 0.0, 0.0, 0.0, 0.0, 0.0, 0.0, 0.0, 0.0, 0.0, 0.0, 0.0, 0.0, 0.0, 0.0, 0.0, 0.0, 0.0, 0.0, 0.0, 0.0, 0.0, 0.0, 0.0, 0.0, 0.0, 0.0, 0.0, 0.0, 0.0, 0.0, 0.0, 0.0, 0.0, 0.0, 0.0, 0.0, 0.0, 0.0, 0.0, 0.0, 0.0, 0.0, 0.0, 0.0, 0.0, 0.0, 0.0, 0.0, 0.0, 0.0, 0.0, 0.0, 0.0, 0.0, 0.0, 0.0, 0.0, 0.0, 0.0, 0.0, 0.0, 0.0, 0.0, 0.0, 0.0, 0.0, 0.0, 0.0, 0.0, 0.0, 0.0, 0.0, 0.0, 0.0, 0.0, 0.0, 0.0, 0.0, 0.0, 0.2866666666666667, 0.9057142857138172, 0.004299117769788352, 0.2866666666666667, 0.9399999999995485, 0.004461860398297855, 0.24666666666666667, 0.5842857142857114, 0.0052742406773867295, 0.28, 0.99428571428472, 0.0032212707579531243, 0.32666666666666666, 0.14571428571, 0.0003034817893798185, 0.2733333333333333, 0.47428571428561145, 0.042499642035366055, 0.28, 0.26714285714232, 0.0025964553092095925, 0.3333333333333333, 0.28, 0.001285870193510074, 0.22666666666666666, 0.22999999999999715, 0.0165686355466282, 0.26666666666666666, 0.6185714285691428, 0.0016710137868781653, 0.31333333333333335, 0.14285714285633141, 0.0024380051589110016, 0.2866666666666667, 0.9199999999996, 0.018835831823678845, 0.24, 0.4742857142853943, 0.005378041121756823, 0.31333333333333335, 0.6528571428555886, 0.0015947749631803757, 0.3333333333333333, 0.24857142857142858, 0.01826460519761248, 0.2733333333333333, 0.181428571428, 0.0005419131062726566, 0.0, 0.0, 0.0, 0.0, 0.0, 0.0, 0.0, 0.0, 0.0, 0.0, 0.0, 0.0, 0.0, 0.0, 0.0, 0.0, 0.0, 0.0, 0.0, 0.0, 0.0, 0.0, 0.0, 0.0, 0.0, 0.0, 0.0, 0.0, 0.0, 0.0, 0.0, 0.0, 0.0, 0.0, 0.0, 0.0, 0.0, 0.0, 0.0, 0.0, 0.0, 0.0, 0.0, 0.0, 0.0, 0.0, 0.0, 0.0, 0.0, 0.0, 0.0, 0.0, 0.0, 0.0, 0.0, 0.0, 0.0, 0.0, 0.0, 0.0, 0.0, 0.0, 0.0, 0.0, 0.0, 0.0, 0.0, 0.0, 0.0, 0.0, 0.0, 0.0, 0.0, 0.0, 0.0, 0.0, 0.0, 0.0, 0.0, 0.0, 0.0, 0.0, 0.0, 0.0, 0.0, 0.0, 0.0, 0.0, 0.0, 0.0, 0.0, 0.0, 0.0, 0.0, 0.0, 0.0, 0.0, 0.0, 0.0, 0.0, 0.0, 0.0, 0.0, 0.0, 0.0, 0.0, 0.0, 0.0, 0.0, 0.0, 0.0, 0.0, 0.0, 0.0, 0.0, 0.0, 0.0, 0.0, 0.0, 0.0, 0.0, 0.0, 0.0, 0.0, 0.0, 0.0, 0.0, 0.0, 0.0, 0.0, 0.0, 0.0, 0.0, 0.0, 0.0, 0.0, 0.0, 0.0, 0.0, 0.0, 0.0, 0.0, 0.0, 0.0],[0, 0, 0, 0, 0, 0, 0, 0, 0, 0, 0, 0, 0, 0, 0, 0, 0, 0, 0, 0, 0, 0, 0, 0, 0, 0, 0, 0, 0, 0, 0, 0, 0, 0, 0, 0, 0, 0, 0, 0, 0, 0, 0, 0, 0, 0, 0, 0, 0, 0, 0, 0, 0, 0, 0, 0, 0, 0, 0, 0, 0, 0, 0, 0]
[0.0, 0.0, 0.0, 1.0, 1.0, 1.0, 1.0, 0.0, 0.0, 0.0, 0.0, 0.0, 0.0, 0.0, 0.0, 0.0, 0.0, 0.0, 0.0, 0.0, 0.0, 0.0, 0.0, 0.0, 0.0, 0.0, 0.0, 0.0, 0.0, 0.0, 0.0, 0.0, 0.0, 0.0, 0.0, 0.0, 0.0, 0.0, 0.0, 0.0, 0.0, 0.0, 0.0, 0.0, 0.0, 0.0, 0.0, 0.0, 0.0, 0.0, 0.0, 0.0, 0.0, 0.0, 0.0, 0.0, 0.0, 0.0, 0.0, 0.0, 0.0, 0.0, 0.0, 0.0, 0.0, 0.0, 0.0, 0.0, 0.0, 0.0, 0.0, 0.0, 0.0, 0.0, 0.0, 0.0, 0.0, 0.0, 0.0, 0.0, 0.0, 0.0, 0.0, 0.0, 0.0, 0.0, 0.0, 0.0, 0.0, 0.0, 0.0, 0.0, 0.0, 0.0, 0.0, 0.0, 0.0, 0.0, 0.0, 0.0, 0.0, 0.0, 0.0, 0.0, 0.0, 0.0, 0.0, 0.0, 0.0, 0.0, 0.0, 0.0, 0.0, 0.0, 0.0, 0.0, 0.0, 0.0, 0.0, 0.0, 0.0, 0.0, 0.0, 0.0, 0.0, 0.0, 0.0, 0.0, 0.0, 0.0, 0.0, 0.0, 0.0, 0.0, 0.0, 0.0, 0.0, 0.0, 0.0, 0.0, 0.0, 0.0, 0.0, 0.0, 0.0, 0.0, 0.0, 0.0, 0.0, 0.0, 0.2733333333333333, 0.2785714285709829, 0.012691017118341079, 0.32666666666666666, 0.28428571428565, 0.042630265474126926, 0.16666666666666666, 0.1685714285712857, 0.004128780485280549, 0.006666666666666667, 0.40714285714285714, 1.0, 0.16, 0.9528571428569143, 0.0361218419372746, 0.2866666666666667, 0.9057142857138172, 0.004299117769788352, 0.2866666666666667, 0.9399999999995485, 0.004461860398297855, 0.24666666666666667, 0.5842857142857114, 0.0052742406773867295, 0.28, 0.99428571428472, 0.0032212707579531243, 0.32666666666666666, 0.14571428571, 0.0003034817893798185, 0.2733333333333333, 0.47428571428561145, 0.042499642035366055, 0.28, 0.26714285714232, 0.0025964553092095925, 0.3333333333333333, 0.28, 0.001285870193510074, 0.22666666666666666, 0.22999999999999715, 0.0165686355466282, 0.26666666666666666, 0.6185714285691428, 0.0016710137868781653, 0.31333333333333335, 0.14285714285633141, 0.0024380051589110016, 0.2866666666666667, 0.9199999999996, 0.018835831823678845, 0.24, 0.4742857142853943, 0.005378041121756823, 0.31333333333333335, 0.6528571428555886, 0.0015947749631803757, 0.3333333333333333, 0.24857142857142858, 0.01826460519761248, 0.2733333333333333, 0.181428571428, 0.0005419131062726566, 0.0, 0.0, 0.0, 0.0, 0.0, 0.0, 0.0, 0.0, 0.0, 0.0, 0.0, 0.0, 0.0, 0.0, 0.0, 0.0, 0.0, 0.0, 0.0, 0.0, 0.0, 0.0, 0.0, 0.0, 0.0, 0.0, 0.0, 0.0, 0.0, 0.0, 0.0, 0.0, 0.0, 0.0, 0.0, 0.0, 0.0, 0.0, 0.0, 0.0, 0.0, 0.0, 0.0, 0.0, 0.0, 0.0, 0.0, 0.0, 0.0, 0.0, 0.0, 0.0, 0.0, 0.0, 0.0, 0.0, 0.0, 0.0, 0.0, 0.0, 0.0, 0.0, 0.0, 0.0, 0.0, 0.0, 0.0, 0.0, 0.0, 0.0, 0.0, 0.0, 0.0, 0.0, 0.0, 0.0, 0.0, 0.0, 0.0, 0.0, 0.0, 0.0, 0.0, 0.0, 0.0, 0.0, 0.0, 0.0, 0.0, 0.0, 0.0, 0.0, 0.0, 0.0, 0.0, 0.0, 0.0, 0.0, 0.0, 0.0, 0.0, 0.0, 0.0, 0.0, 0.0, 0.0, 0.0, 0.0, 0.0, 0.0, 0.0, 0.0, 0.0, 0.0, 0.0, 0.0, 0.0, 0.0, 0.0, 0.0, 0.0, 0.0, 0.0, 0.0, 0.0, 0.0, 0.0, 0.0, 0.0],[0, 0, 0, 1, 0, 0, 0, 0, 0, 0, 0, 0, 0, 0, 0, 0, 0, 0, 0, 0, 0, 0, 0, 0, 0, 0, 0, 0, 0, 0, 0, 0, 0, 0, 0, 0, 0, 0, 0, 0, 0, 0, 0, 0, 0, 0, 0, 0, 0, 0, 0, 0, 0, 0, 0, 0, 0, 0, 0, 0, 0, 0, 0, 0]
[0.0, 0.0, 0.0, 0.0, 1.0, 1.0, 1.0, 0.0, 0.0, 0.0, 0.0, 0.0, 0.0, 0.0, 0.0, 0.0, 0.0, 0.0, 0.0, 0.0, 0.0, 0.0, 0.0, 0.0, 0.0, 0.0, 0.0, 0.0, 0.0, 0.0, 0.0, 0.0, 0.0, 0.0, 0.0, 0.0, 0.0, 0.0, 0.0, 0.0, 0.0, 0.0, 0.0, 0.0, 0.0, 0.0, 0.0, 0.0, 0.0, 0.0, 0.0, 0.0, 0.0, 0.0, 0.0, 0.0, 0.0, 0.0, 0.0, 0.0, 0.0, 0.0, 0.0, 0.0, 0.0, 0.0, 0.0, 0.0, 0.0, 0.0, 0.0, 0.0, 0.0, 0.0, 0.0, 0.0, 0.0, 0.0, 0.0, 0.0, 0.0, 0.0, 0.0, 0.0, 0.0, 0.0, 0.0, 0.0, 0.0, 0.0, 0.0, 0.0, 0.0, 0.0, 0.0, 0.0, 0.0, 0.0, 0.0, 0.0, 0.0, 0.0, 0.0, 0.0, 0.0, 0.0, 0.0, 0.0, 0.0, 0.0, 0.0, 0.0, 0.0, 0.0, 0.0, 0.0, 0.0, 0.0, 0.0, 0.0, 0.0, 0.0, 0.0, 0.0, 0.0, 0.0, 0.0, 0.0, 0.0, 0.0, 0.0, 0.0, 0.0, 0.0, 0.0, 0.0, 0.0, 0.0, 0.0, 0.0, 0.0, 0.0, 0.0, 0.0, 0.0, 0.0, 0.0, 0.0, 0.0, 0.0, 0.2733333333333333, 0.2785714285709829, 0.012691017118341079, 0.32666666666666666, 0.28428571428565, 0.042630265474126926, 0.16666666666666666, 0.1685714285712857, 0.004128780485280549, 0.16, 0.9528571428569143, 0.0361218419372746, 0.2866666666666667, 0.9057142857138172, 0.004299117769788352, 0.2866666666666667, 0.9399999999995485, 0.004461860398297855, 0.24666666666666667, 0.5842857142857114, 0.0052742406773867295, 0.28, 0.99428571428472, 0.0032212707579531243, 0.32666666666666666, 0.14571428571, 0.0003034817893798185, 0.2733333333333333, 0.47428571428561145, 0.042499642035366055, 0.28, 0.26714285714232, 0.0025964553092095925, 0.3333333333333333, 0.28, 0.001285870193510074, 0.22666666666666666, 0.22999999999999715, 0.0165686355466282, 0.26666666666666666, 0.6185714285691428, 0.0016710137868781653, 0.31333333333333335, 0.14285714285633141, 0.0024380051589110016, 0.2866666666666667, 0.9199999999996, 0.018835831823678845, 0.24, 0.4742857142853943, 0.005378041121756823, 0.31333333333333335, 0.6528571428555886, 0.0015947749631803757, 0.3333333333333333, 0.24857142857142858, 0.01826460519761248, 0.2733333333333333, 0.181428571428, 0.0005419131062726566, 0.0, 0.0, 0.0, 0.0, 0.0, 0.0, 0.0, 0.0, 0.0, 0.0, 0.0, 0.0, 0.0, 0.0, 0.0, 0.0, 0.0, 0.0, 0.0, 0.0, 0.0, 0.0, 0.0, 0.0, 0.0, 0.0, 0.0, 0.0, 0.0, 0.0, 0.0, 0.0, 0.0, 0.0, 0.0, 0.0, 0.0, 0.0, 0.0, 0.0, 0.0, 0.0, 0.0, 0.0, 0.0, 0.0, 0.0, 0.0, 0.0, 0.0, 0.0, 0.0, 0.0, 0.0, 0.0, 0.0, 0.0, 0.0, 0.0, 0.0, 0.0, 0.0, 0.0, 0.0, 0.0, 0.0, 0.0, 0.0, 0.0, 0.0, 0.0, 0.0, 0.0, 0.0, 0.0, 0.0, 0.0, 0.0, 0.0, 0.0, 0.0, 0.0, 0.0, 0.0, 0.0, 0.0, 0.0, 0.0, 0.0, 0.0, 0.0, 0.0, 0.0, 0.0, 0.0, 0.0, 0.0, 0.0, 0.0, 0.0, 0.0, 0.0, 0.0, 0.0, 0.0, 0.0, 0.0, 0.0, 0.0, 0.0, 0.0, 0.0, 0.0, 0.0, 0.0, 0.0, 0.0, 0.0, 0.0, 0.0, 0.0, 0.0, 0.0, 0.0, 0.0, 0.0, 0.0, 0.0, 0.0, 0.0, 0.0, 0.0],[0, 0, 0, 0, 0, 0, 0, 0, 0, 0, 0, 0, 0, 0, 0, 0, 0, 0, 0, 0, 0, 0, 0, 0, 0, 0, 0, 0, 0, 0, 0, 0, 0, 0, 0, 0, 0, 0, 0, 0, 0, 0, 0, 0, 0, 0, 0, 0, 0, 0, 0, 0, 0, 0, 0, 0, 0, 0, 0, 0, 0, 0, 0, 0]
[0.0, 0.0, 0.0, 0.0, 1.0, 1.0, 1.0, 0.0, 0.0, 0.0, 0.0, 0.0, 0.0, 0.0, 0.0, 0.0, 0.0, 0.0, 0.0, 0.0, 0.0, 0.0, 0.0, 0.0, 0.0, 0.0, 0.0, 0.0, 0.0, 0.0, 0.0, 0.0, 0.0, 0.0, 0.0, 0.0, 0.0, 0.0, 0.0, 0.0, 0.0, 0.0, 0.0, 0.0, 0.0, 0.0, 0.0, 0.0, 0.0, 0.0, 0.0, 0.0, 0.0, 0.0, 0.0, 0.0, 0.0, 0.0, 0.0, 0.0, 0.0, 0.0, 0.0, 0.0, 0.0, 0.0, 0.0, 0.0, 0.0, 0.0, 0.0, 0.0, 0.0, 0.0, 0.0, 0.0, 0.0, 1.0, 1.0, 1.0, 1.0, 0.0, 0.0, 0.0, 0.0, 0.0, 0.0, 0.0, 0.0, 0.0, 0.0, 0.0, 0.0, 0.0, 0.0, 0.0, 0.0, 0.0, 0.0, 0.0, 0.0, 0.0, 0.0, 0.0, 0.0, 0.0, 0.0, 0.0, 1.0, 1.0, 1.0, 1.0, 1.0, 1.0, 1.0, 1.0, 1.0, 1.0, 0.0, 0.0, 0.0, 1.0, 1.0, 0.0, 0.0, 1.0, 1.0, 0.0, 0.0, 0.0, 0.0, 0.0, 0.0, 1.0, 1.0, 1.0, 1.0, 1.0, 1.0, 1.0, 0.0, 1.0, 1.0, 1.0, 1.0, 0.0, 1.0, 1.0, 1.0, 1.0, 0.2733333333333333, 0.2785714285709829, 0.012691017118341079, 0.32666666666666666, 0.28428571428565, 0.042630265474126926, 0.16666666666666666, 0.1685714285712857, 0.004128780485280549, 0.16, 0.9528571428569143, 0.0361218419372746, 0.2866666666666667, 0.9057142857138172, 0.004299117769788352, 0.2866666666666667, 0.9399999999995485, 0.004461860398297855, 0.24666666666666667, 0.5842857142857114, 0.0052742406773867295, 0.28, 0.99428571428472, 0.0032212707579531243, 0.32666666666666666, 0.14571428571, 0.0003034817893798185, 0.2733333333333333, 0.47428571428561145, 0.042499642035366055, 0.28, 0.26714285714232, 0.0025964553092095925, 0.3333333333333333, 0.28, 0.001285870193510074, 0.22666666666666666, 0.22999999999999715, 0.0165686355466282, 0.26666666666666666, 0.6185714285691428, 0.0016710137868781653, 0.31333333333333335, 0.14285714285633141, 0.0024380051589110016, 0.2866666666666667, 0.9199999999996, 0.018835831823678845, 0.24, 0.4742857142853943, 0.005378041121756823, 0.31333333333333335, 0.6528571428555886, 0.0015947749631803757, 0.3333333333333333, 0.24857142857142858, 0.01826460519761248, 0.2733333333333333, 0.181428571428, 0.0005419131062726566, 0.0, 0.0, 0.0, 0.0, 0.0, 0.0, 0.0, 0.0, 0.0, 0.0, 0.0, 0.0, 0.0, 0.0, 0.0, 0.0, 0.0, 0.0, 0.0, 0.0, 0.0, 0.0, 0.0, 0.0, 0.0, 0.0, 0.0, 0.0, 0.0, 0.0, 0.0, 0.0, 0.0, 0.0, 0.0, 0.0, 0.0, 0.0, 0.0, 0.0, 0.0, 0.0, 0.0, 0.0, 0.0, 0.0, 0.0, 0.0, 0.0, 0.0, 0.0, 0.0, 0.0, 0.0, 0.0, 0.0, 0.0, 0.0, 0.0, 0.0, 0.0, 0.0, 0.0, 0.0, 0.0, 0.0, 0.0, 0.0, 0.0, 0.0, 0.0, 0.0, 0.0, 0.0, 0.0, 0.0, 0.0, 0.0, 0.0, 0.0, 0.0, 0.0, 0.0, 0.0, 0.0, 0.0, 0.0, 0.0, 0.0, 0.0, 0.0, 0.0, 0.0, 0.0, 0.0, 0.0, 0.0, 0.0, 0.0, 0.0, 0.0, 0.0, 0.0, 0.0, 0.0, 0.0, 0.0, 0.0, 0.0, 0.0, 0.0, 0.0, 0.0, 0.0, 0.0, 0.0, 0.0, 0.0, 0.0, 0.0, 0.0, 0.0, 0.0, 0.0, 0.0, 0.0, 0.0, 0.0, 0.0, 0.0, 0.0, 0.0],[0, 0, 1, 0, 0, 0, 0, 0, 0, 0, 0, 0, 0, 0, 0, 0, 0, 0, 0, 0, 0, 0, 0, 0, 0, 0, 0, 0, 0, 0, 0, 0, 0, 0, 0, 0, 0, 0, 0, 0, 0, 0, 0, 0, 0, 0, 0, 0, 0, 0, 0, 0, 0, 0, 0, 0, 0, 0, 0, 0, 0, 0, 0, 0]
[0.0, 0.0, 0.0, 0.0, 0.0, 0.0, 0.0, 0.0, 0.0, 0.0, 0.0, 0.0, 0.0, 0.0, 0.0, 0.0, 0.0, 0.0, 0.0, 0.0, 0.0, 0.0, 0.0, 0.0, 0.0, 0.0, 0.0, 0.0, 0.0, 0.0, 0.0, 0.0, 0.0, 0.0, 0.0, 0.0, 0.0, 0.0, 0.0, 0.0, 0.0, 0.0, 0.0, 0.0, 0.0, 0.0, 0.0, 0.0, 0.0, 0.0, 0.0, 0.0, 0.0, 0.0, 0.0, 0.0, 0.0, 0.0, 0.0, 0.0, 0.0, 0.0, 0.0, 0.0, 0.0, 0.0, 0.0, 0.0, 0.0, 0.0, 0.0, 0.0, 0.0, 0.0, 0.0, 0.0, 0.0, 0.0, 0.0, 0.0, 0.0, 0.0, 0.0, 0.0, 0.0, 0.0, 0.0, 0.0, 0.0, 0.0, 0.0, 0.0, 0.0, 0.0, 0.0, 0.0, 0.0, 0.0, 0.0, 0.0, 0.0, 0.0, 0.0, 0.0, 0.0, 0.0, 0.0, 0.0, 0.0, 0.0, 0.0, 0.0, 0.0, 0.0, 0.0, 0.0, 0.0, 0.0, 0.0, 0.0, 0.0, 0.0, 0.0, 0.0, 0.0, 0.0, 0.0, 0.0, 0.0, 0.0, 0.0, 0.0, 0.0, 0.0, 0.0, 0.0, 0.0, 1.0, 1.0, 1.0, 0.0, 1.0, 1.0, 1.0, 1.0, 0.0, 1.0, 1.0, 1.0, 1.0, 0.2733333333333333, 0.2785714285709829, 0.012691017118341079, 0.32666666666666666, 0.28428571428565, 0.042630265474126926, 0.16, 0.9528571428569143, 0.0361218419372746, 0.2866666666666667, 0.9057142857138172, 0.004299117769788352, 0.2866666666666667, 0.9399999999995485, 0.004461860398297855, 0.24666666666666667, 0.5842857142857114, 0.0052742406773867295, 0.28, 0.99428571428472, 0.0032212707579531243, 0.32666666666666666, 0.14571428571, 0.0003034817893798185, 0.2733333333333333, 0.47428571428561145, 0.042499642035366055, 0.28, 0.26714285714232, 0.0025964553092095925, 0.3333333333333333, 0.28, 0.001285870193510074, 0.22666666666666666, 0.22999999999999715, 0.0165686355466282, 0.26666666666666666, 0.6185714285691428, 0.0016710137868781653, 0.31333333333333335, 0.14285714285633141, 0.0024380051589110016, 0.2866666666666667, 0.9199999999996, 0.018835831823678845, 0.24, 0.4742857142853943, 0.005378041121756823, 0.31333333333333335, 0.6528571428555886, 0.0015947749631803757, 0.3333333333333333, 0.24857142857142858, 0.01826460519761248, 0.2733333333333333, 0.181428571428, 0.0005419131062726566, 0.0, 0.0, 0.0, 0.0, 0.0, 0.0, 0.0, 0.0, 0.0, 0.0, 0.0, 0.0, 0.0, 0.0, 0.0, 0.0, 0.0, 0.0, 0.0, 0.0, 0.0, 0.0, 0.0, 0.0, 0.0, 0.0, 0.0, 0.0, 0.0, 0.0, 0.0, 0.0, 0.0, 0.0, 0.0, 0.0, 0.0, 0.0, 0.0, 0.0, 0.0, 0.0, 0.0, 0.0, 0.0, 0.0, 0.0, 0.0, 0.0, 0.0, 0.0, 0.0, 0.0, 0.0, 0.0, 0.0, 0.0, 0.0, 0.0, 0.0, 0.0, 0.0, 0.0, 0.0, 0.0, 0.0, 0.0, 0.0, 0.0, 0.0, 0.0, 0.0, 0.0, 0.0, 0.0, 0.0, 0.0, 0.0, 0.0, 0.0, 0.0, 0.0, 0.0, 0.0, 0.0, 0.0, 0.0, 0.0, 0.0, 0.0, 0.0, 0.0, 0.0, 0.0, 0.0, 0.0, 0.0, 0.0, 0.0, 0.0, 0.0, 0.0, 0.0, 0.0, 0.0, 0.0, 0.0, 0.0, 0.0, 0.0, 0.0, 0.0, 0.0, 0.0, 0.0, 0.0, 0.0, 0.0, 0.0, 0.0, 0.0, 0.0, 0.0, 0.0, 0.0, 0.0, 0.0, 0.0, 0.0, 0.0, 0.0, 0.0, 0.0, 0.0, 0.0],[0, 0, 0, 0, 0, 0, 0, 0, 0, 0, 0, 0, 0, 0, 0, 0, 0, 0, 0, 0, 0, 0, 0, 0, 0, 0, 0, 0, 0, 0, 0, 0, 0, 0, 0, 0, 0, 0, 0, 0, 0, 0, 0, 0, 0, 0, 0, 0, 0, 0, 0, 0, 0, 0, 0, 0, 0, 0, 0, 0, 0, 0, 0, 0]
[0.0, 0.0, 0.0, 0.0, 0.0, 0.0, 0.0, 1.0, 1.0, 1.0, 1.0, 1.0, 1.0, 1.0, 1.0, 1.0, 1.0, 1.0, 1.0, 1.0, 1.0, 1.0, 1.0, 1.0, 1.0, 1.0, 1.0, 1.0, 1.0, 1.0, 1.0, 1.0, 1.0, 1.0, 1.0, 1.0, 0.0, 0.0, 0.0, 0.0, 0.0, 1.0, 1.0, 1.0, 1.0, 0.0, 0.0, 0.0, 0.0, 0.0, 0.0, 0.0, 0.0, 0.0, 0.0, 1.0, 0.0, 0.0, 1.0, 1.0, 1.0, 1.0, 1.0, 1.0, 1.0, 1.0, 1.0, 1.0, 0.0, 0.0, 0.0, 0.0, 0.0, 0.0, 0.0, 0.0, 0.0, 0.0, 0.0, 0.0, 0.0, 0.0, 0.0, 0.0, 0.0, 0.0, 0.0, 0.0, 0.0, 0.0, 0.0, 0.0, 0.0, 0.0, 0.0, 0.0, 0.0, 0.0, 0.0, 0.0, 0.0, 0.0, 0.0, 0.0, 0.0, 0.0, 0.0, 0.0, 0.0, 0.0, 0.0, 0.0, 0.0, 0.0, 0.0, 0.0, 0.0, 0.0, 0.0, 0.0, 0.0, 0.0, 0.0, 0.0, 0.0, 0.0, 0.0, 0.0, 0.0, 0.0, 0.0, 0.0, 0.0, 0.0, 0.0, 0.0, 0.0, 1.0, 1.0, 1.0, 0.0, 1.0, 1.0, 1.0, 1.0, 0.0, 1.0, 1.0, 1.0, 1.0, 0.2733333333333333, 0.2785714285709829, 0.012691017118341079, 0.32666666666666666, 0.28428571428565, 0.042630265474126926, 0.16, 0.9528571428569143, 0.0361218419372746, 0.2866666666666667, 0.9057142857138172, 0.004299117769788352, 0.2866666666666667, 0.9399999999995485, 0.004461860398297855, 0.24666666666666667, 0.5842857142857114, 0.0052742406773867295, 0.28, 0.99428571428472, 0.0032212707579531243, 0.32666666666666666, 0.14571428571, 0.0003034817893798185, 0.2733333333333333, 0.47428571428561145, 0.042499642035366055, 0.28, 0.26714285714232, 0.0025964553092095925, 0.3333333333333333, 0.28, 0.001285870193510074, 0.22666666666666666, 0.22999999999999715, 0.0165686355466282, 0.26666666666666666, 0.6185714285691428, 0.0016710137868781653, 0.31333333333333335, 0.14285714285633141, 0.0024380051589110016, 0.2866666666666667, 0.9199999999996, 0.018835831823678845, 0.24, 0.4742857142853943, 0.005378041121756823, 0.31333333333333335, 0.6528571428555886, 0.0015947749631803757, 0.3333333333333333, 0.24857142857142858, 0.01826460519761248, 0.2733333333333333, 0.181428571428, 0.0005419131062726566, 0.0, 0.0, 0.0, 0.0, 0.0, 0.0, 0.0, 0.0, 0.0, 0.0, 0.0, 0.0, 0.0, 0.0, 0.0, 0.0, 0.0, 0.0, 0.0, 0.0, 0.0, 0.0, 0.0, 0.0, 0.0, 0.0, 0.0, 0.0, 0.0, 0.0, 0.0, 0.0, 0.0, 0.0, 0.0, 0.0, 0.0, 0.0, 0.0, 0.0, 0.0, 0.0, 0.0, 0.0, 0.0, 0.0, 0.0, 0.0, 0.0, 0.0, 0.0, 0.0, 0.0, 0.0, 0.0, 0.0, 0.0, 0.0, 0.0, 0.0, 0.0, 0.0, 0.0, 0.0, 0.0, 0.0, 0.0, 0.0, 0.0, 0.0, 0.0, 0.0, 0.0, 0.0, 0.0, 0.0, 0.0, 0.0, 0.0, 0.0, 0.0, 0.0, 0.0, 0.0, 0.0, 0.0, 0.0, 0.0, 0.0, 0.0, 0.0, 0.0, 0.0, 0.0, 0.0, 0.0, 0.0, 0.0, 0.0, 0.0, 0.0, 0.0, 0.0, 0.0, 0.0, 0.0, 0.0, 0.0, 0.0, 0.0, 0.0, 0.0, 0.0, 0.0, 0.0, 0.0, 0.0, 0.0, 0.0, 0.0, 0.0, 0.0, 0.0, 0.0, 0.0, 0.0, 0.0, 0.0, 0.0, 0.0, 0.0, 0.0, 0.0, 0.0, 0.0],[1, 0, 0, 0, 0, 0, 0, 0, 0, 0, 0, 0, 0, 0, 0, 0, 0, 0, 0, 0, 0, 0, 0, 0, 0, 0, 0, 0, 0, 0, 0, 0, 0, 0, 0, 0, 0, 0, 0, 0, 0, 0, 0, 0, 0, 0, 0, 0, 0, 0, 0, 0, 0, 0, 0, 0, 0, 0, 0, 0, 0, 0, 0, 0]
[0.0, 0.0, 0.0, 0.0, 0.0, 0.0, 0.0, 0.0, 0.0, 0.0, 0.0, 0.0, 0.0, 0.0, 0.0, 0.0, 0.0, 0.0, 0.0, 0.0, 0.0, 0.0, 0.0, 0.0, 0.0, 0.0, 0.0, 0.0, 0.0, 0.0, 0.0, 0.0, 0.0, 0.0, 0.0, 0.0, 0.0, 0.0, 0.0, 0.0, 0.0, 0.0, 0.0, 0.0, 0.0, 0.0, 0.0, 0.0, 0.0, 0.0, 0.0, 0.0, 0.0, 0.0, 0.0, 0.0, 0.0, 0.0, 0.0, 0.0, 0.0, 0.0, 0.0, 0.0, 0.0, 1.0, 1.0, 1.0, 0.0, 0.0, 0.0, 0.0, 0.0, 0.0, 0.0, 0.0, 0.0, 0.0, 0.0, 0.0, 0.0, 0.0, 0.0, 0.0, 0.0, 0.0, 0.0, 0.0, 0.0, 0.0, 0.0, 0.0, 0.0, 0.0, 0.0, 0.0, 0.0, 0.0, 0.0, 0.0, 0.0, 0.0, 0.0, 0.0, 0.0, 0.0, 0.0, 0.0, 0.0, 0.0, 0.0, 0.0, 0.0, 0.0, 0.0, 0.0, 0.0, 0.0, 0.0, 0.0, 0.0, 0.0, 0.0, 0.0, 0.0, 0.0, 0.0, 0.0, 0.0, 0.0, 0.0, 0.0, 0.0, 0.0, 0.0, 0.0, 0.0, 1.0, 1.0, 1.0, 0.0, 1.0, 1.0, 1.0, 1.0, 0.0, 1.0, 1.0, 1.0, 1.0, 0.32666666666666666, 0.28428571428565, 0.042630265474126926, 0.16, 0.9528571428569143, 0.0361218419372746, 0.2866666666666667, 0.9057142857138172, 0.004299117769788352, 0.2866666666666667, 0.9399999999995485, 0.004461860398297855, 0.24666666666666667, 0.5842857142857114, 0.0052742406773867295, 0.28, 0.99428571428472, 0.0032212707579531243, 0.32666666666666666, 0.14571428571, 0.0003034817893798185, 0.2733333333333333, 0.47428571428561145, 0.042499642035366055, 0.28, 0.26714285714232, 0.0025964553092095925, 0.3333333333333333, 0.28, 0.001285870193510074, 0.22666666666666666, 0.22999999999999715, 0.0165686355466282, 0.26666666666666666, 0.6185714285691428, 0.0016710137868781653, 0.31333333333333335, 0.14285714285633141, 0.0024380051589110016, 0.2866666666666667, 0.9199999999996, 0.018835831823678845, 0.24, 0.4742857142853943, 0.005378041121756823, 0.31333333333333335, 0.6528571428555886, 0.0015947749631803757, 0.3333333333333333, 0.24857142857142858, 0.01826460519761248, 0.2733333333333333, 0.181428571428, 0.0005419131062726566, 0.0, 0.0, 0.0, 0.0, 0.0, 0.0, 0.0, 0.0, 0.0, 0.0, 0.0, 0.0, 0.0, 0.0, 0.0, 0.0, 0.0, 0.0, 0.0, 0.0, 0.0, 0.0, 0.0, 0.0, 0.0, 0.0, 0.0, 0.0, 0.0, 0.0, 0.0, 0.0, 0.0, 0.0, 0.0, 0.0, 0.0, 0.0, 0.0, 0.0, 0.0, 0.0, 0.0, 0.0, 0.0, 0.0, 0.0, 0.0, 0.0, 0.0, 0.0, 0.0, 0.0, 0.0, 0.0, 0.0, 0.0, 0.0, 0.0, 0.0, 0.0, 0.0, 0.0, 0.0, 0.0, 0.0, 0.0, 0.0, 0.0, 0.0, 0.0, 0.0, 0.0, 0.0, 0.0, 0.0, 0.0, 0.0, 0.0, 0.0, 0.0, 0.0, 0.0, 0.0, 0.0, 0.0, 0.0, 0.0, 0.0, 0.0, 0.0, 0.0, 0.0, 0.0, 0.0, 0.0, 0.0, 0.0, 0.0, 0.0, 0.0, 0.0, 0.0, 0.0, 0.0, 0.0, 0.0, 0.0, 0.0, 0.0, 0.0, 0.0, 0.0, 0.0, 0.0, 0.0, 0.0, 0.0, 0.0, 0.0, 0.0, 0.0, 0.0, 0.0, 0.0, 0.0, 0.0, 0.0, 0.0, 0.0, 0.0, 0.0, 0.0, 0.0, 0.0, 0.0, 0.0, 0.0],[0, 0, 0, 0, 0, 0, 0, 0, 0, 0, 0, 0, 0, 0, 0, 0, 0, 0, 0, 0, 0, 0, 0, 0, 0, 0, 0, 0, 0, 0, 0, 0, 0, 0, 0, 0, 0, 0, 0, 0, 0, 0, 0, 0, 0, 0, 0, 0, 0, 0, 0, 0, 0, 0, 0, 0, 0, 0, 0, 0, 0, 0, 0, 0]
[0.0, 0.0, 0.0, 0.0, 1.0, 1.0, 1.0, 0.0, 0.0, 0.0, 0.0, 0.0, 0.0, 0.0, 0.0, 0.0, 0.0, 0.0, 0.0, 0.0, 0.0, 0.0, 0.0, 0.0, 0.0, 0.0, 0.0, 0.0, 0.0, 0.0, 0.0, 0.0, 0.0, 0.0, 0.0, 0.0, 0.0, 0.0, 0.0, 0.0, 0.0, 0.0, 0.0, 0.0, 0.0, 0.0, 0.0, 0.0, 0.0, 0.0, 0.0, 0.0, 0.0, 0.0, 0.0, 0.0, 0.0, 0.0, 0.0, 0.0, 0.0, 0.0, 0.0, 0.0, 0.0, 1.0, 1.0, 1.0, 0.0, 0.0, 0.0, 0.0, 0.0, 0.0, 0.0, 0.0, 0.0, 1.0, 1.0, 1.0, 1.0, 0.0, 0.0, 0.0, 0.0, 0.0, 0.0, 0.0, 0.0, 0.0, 0.0, 0.0, 0.0, 0.0, 0.0, 0.0, 0.0, 0.0, 0.0, 0.0, 0.0, 0.0, 0.0, 0.0, 0.0, 0.0, 0.0, 0.0, 1.0, 1.0, 1.0, 1.0, 1.0, 1.0, 1.0, 1.0, 1.0, 1.0, 0.0, 0.0, 0.0, 1.0, 1.0, 0.0, 0.0, 1.0, 1.0, 0.0, 0.0, 0.0, 0.0, 0.0, 0.0, 1.0, 1.0, 1.0, 1.0, 1.0, 1.0, 1.0, 0.0, 1.0, 1.0, 1.0, 1.0, 0.0, 1.0, 1.0, 1.0, 1.0, 0.32666666666666666, 0.28428571428565, 0.042630265474126926, 0.16, 0.9528571428569143, 0.0361218419372746, 0.2866666666666667, 0.9057142857138172, 0.004299117769788352, 0.2866666666666667, 0.9399999999995485, 0.004461860398297855, 0.24666666666666667, 0.5842857142857114, 0.0052742406773867295, 0.28, 0.99428571428472, 0.0032212707579531243, 0.32666666666666666, 0.14571428571, 0.0003034817893798185, 0.2733333333333333, 0.47428571428561145, 0.042499642035366055, 0.28, 0.26714285714232, 0.0025964553092095925, 0.3333333333333333, 0.28, 0.001285870193510074, 0.22666666666666666, 0.22999999999999715, 0.0165686355466282, 0.26666666666666666, 0.6185714285691428, 0.0016710137868781653, 0.31333333333333335, 0.14285714285633141, 0.0024380051589110016, 0.2866666666666667, 0.9199999999996, 0.018835831823678845, 0.24, 0.4742857142853943, 0.005378041121756823, 0.31333333333333335, 0.6528571428555886, 0.0015947749631803757, 0.3333333333333333, 0.24857142857142858, 0.01826460519761248, 0.2733333333333333, 0.181428571428, 0.0005419131062726566, 0.0, 0.0, 0.0, 0.0, 0.0, 0.0, 0.0, 0.0, 0.0, 0.0, 0.0, 0.0, 0.0, 0.0, 0.0, 0.0, 0.0, 0.0, 0.0, 0.0, 0.0, 0.0, 0.0, 0.0, 0.0, 0.0, 0.0, 0.0, 0.0, 0.0, 0.0, 0.0, 0.0, 0.0, 0.0, 0.0, 0.0, 0.0, 0.0, 0.0, 0.0, 0.0, 0.0, 0.0, 0.0, 0.0, 0.0, 0.0, 0.0, 0.0, 0.0, 0.0, 0.0, 0.0, 0.0, 0.0, 0.0, 0.0, 0.0, 0.0, 0.0, 0.0, 0.0, 0.0, 0.0, 0.0, 0.0, 0.0, 0.0, 0.0, 0.0, 0.0, 0.0, 0.0, 0.0, 0.0, 0.0, 0.0, 0.0, 0.0, 0.0, 0.0, 0.0, 0.0, 0.0, 0.0, 0.0, 0.0, 0.0, 0.0, 0.0, 0.0, 0.0, 0.0, 0.0, 0.0, 0.0, 0.0, 0.0, 0.0, 0.0, 0.0, 0.0, 0.0, 0.0, 0.0, 0.0, 0.0, 0.0, 0.0, 0.0, 0.0, 0.0, 0.0, 0.0, 0.0, 0.0, 0.0, 0.0, 0.0, 0.0, 0.0, 0.0, 0.0, 0.0, 0.0, 0.0, 0.0, 0.0, 0.0, 0.0, 0.0, 0.0, 0.0, 0.0, 0.0, 0.0, 0.0],[0, 1, 0, 0, 0, 0, 0, 0, 0, 0, 0, 0, 0, 0, 0, 0, 0, 0, 0, 0, 0, 0, 0, 0, 0, 0, 0, 0, 0, 0, 0, 0, 0, 0, 0, 0, 0, 0, 0, 0, 0, 0, 0, 0, 0, 0, 0, 0, 0, 0, 0, 0, 0, 0, 0, 0, 0, 0, 0, 0, 0, 0, 0, 0]
[0.0, 0.0, 0.0, 0.0, 0.0, 0.0, 0.0, 0.0, 0.0, 0.0, 0.0, 0.0, 0.0, 0.0, 0.0, 0.0, 0.0, 0.0, 0.0, 0.0, 0.0, 0.0, 0.0, 0.0, 0.0, 0.0, 0.0, 0.0, 0.0, 0.0, 0.0, 0.0, 0.0, 0.0, 0.0, 0.0, 0.0, 0.0, 0.0, 0.0, 0.0, 0.0, 0.0, 0.0, 0.0, 0.0, 0.0, 0.0, 0.0, 0.0, 0.0, 0.0, 0.0, 0.0, 0.0, 0.0, 0.0, 0.0, 0.0, 0.0, 0.0, 0.0, 0.0, 0.0, 0.0, 0.0, 0.0, 0.0, 0.0, 0.0, 0.0, 0.0, 0.0, 0.0, 0.0, 0.0, 0.0, 0.0, 0.0, 0.0, 0.0, 0.0, 0.0, 0.0, 0.0, 0.0, 0.0, 0.0, 0.0, 0.0, 0.0, 0.0, 0.0, 0.0, 0.0, 0.0, 0.0, 0.0, 0.0, 0.0, 0.0, 0.0, 0.0, 0.0, 0.0, 0.0, 0.0, 0.0, 0.0, 0.0, 0.0, 0.0, 0.0, 0.0, 0.0, 0.0, 0.0, 0.0, 0.0, 0.0, 0.0, 0.0, 0.0, 0.0, 0.0, 0.0, 0.0, 0.0, 0.0, 0.0, 0.0, 0.0, 0.0, 1.0, 1.0, 1.0, 1.0, 1.0, 1.0, 1.0, 0.0, 1.0, 1.0, 1.0, 1.0, 0.0, 1.0, 1.0, 1.0, 1.0, 0.32666666666666666, 0.28428571428565, 0.042630265474126926, 0.2866666666666667, 0.9057142857138172, 0.004299117769788352, 0.2866666666666667, 0.9399999999995485, 0.004461860398297855, 0.24666666666666667, 0.5842857142857114, 0.0052742406773867295, 0.28, 0.99428571428472, 0.0032212707579531243, 0.32666666666666666, 0.14571428571, 0.0003034817893798185, 0.2733333333333333, 0.47428571428561145, 0.042499642035366055, 0.28, 0.26714285714232, 0.0025964553092095925, 0.3333333333333333, 0.28, 0.001285870193510074, 0.22666666666666666, 0.22999999999999715, 0.0165686355466282, 0.26666666666666666, 0.6185714285691428, 0.0016710137868781653, 0.31333333333333335, 0.14285714285633141, 0.0024380051589110016, 0.2866666666666667, 0.9199999999996, 0.018835831823678845, 0.24, 0.4742857142853943, 0.005378041121756823, 0.31333333333333335, 0.6528571428555886, 0.0015947749631803757, 0.3333333333333333, 0.24857142857142858, 0.01826460519761248, 0.2733333333333333, 0.181428571428, 0.0005419131062726566, 0.0, 0.0, 0.0, 0.0, 0.0, 0.0, 0.0, 0.0, 0.0, 0.0, 0.0, 0.0, 0.0, 0.0, 0.0, 0.0, 0.0, 0.0, 0.0, 0.0, 0.0, 0.0, 0.0, 0.0, 0.0, 0.0, 0.0, 0.0, 0.0, 0.0, 0.0, 0.0, 0.0, 0.0, 0.0, 0.0, 0.0, 0.0, 0.0, 0.0, 0.0, 0.0, 0.0, 0.0, 0.0, 0.0, 0.0, 0.0, 0.0, 0.0, 0.0, 0.0, 0.0, 0.0, 0.0, 0.0, 0.0, 0.0, 0.0, 0.0, 0.0, 0.0, 0.0, 0.0, 0.0, 0.0, 0.0, 0.0, 0.0, 0.0, 0.0, 0.0, 0.0, 0.0, 0.0, 0.0, 0.0, 0.0, 0.0, 0.0, 0.0, 0.0, 0.0, 0.0, 0.0, 0.0, 0.0, 0.0, 0.0, 0.0, 0.0, 0.0, 0.0, 0.0, 0.0, 0.0, 0.0, 0.0, 0.0, 0.0, 0.0, 0.0, 0.0, 0.0, 0.0, 0.0, 0.0, 0.0, 0.0, 0.0, 0.0, 0.0, 0.0, 0.0, 0.0, 0.0, 0.0, 0.0, 0.0, 0.0, 0.0, 0.0, 0.0, 0.0, 0.0, 0.0, 0.0, 0.0, 0.0, 0.0, 0.0, 0.0, 0.0, 0.0, 0.0, 0.0, 0.0, 0.0, 0.0, 0.0, 0.0],[0, 0, 0, 0, 0, 0, 0, 0, 0, 0, 0, 0, 0, 0, 0, 0, 0, 0, 0, 0, 0, 0, 0, 0, 0, 0, 0, 0, 0, 0, 0, 0, 0, 0, 0, 0, 0, 0, 0, 0, 0, 0, 0, 0, 0, 0, 0, 0, 0, 0, 0, 0, 0, 0, 0, 0, 0, 0, 0, 0, 0, 0, 0, 0]
[0.0, 0.0, 0.0, 0.0, 0.0, 0.0, 0.0, 1.0, 1.0, 1.0, 1.0, 1.0, 1.0, 1.0, 1.0, 1.0, 1.0, 1.0, 1.0, 1.0, 1.0, 1.0, 1.0, 1.0, 1.0, 1.0, 1.0, 1.0, 1.0, 1.0, 1.0, 1.0, 1.0, 1.0, 1.0, 1.0, 0.0, 0.0, 0.0, 0.0, 0.0, 1.0, 1.0, 1.0, 1.0, 0.0, 0.0, 0.0, 0.0, 0.0, 0.0, 0.0, 0.0, 0.0, 0.0, 1.0, 0.0, 0.0, 1.0, 1.0, 1.0, 1.0, 1.0, 1.0, 1.0, 0.0, 0.0, 0.0, 0.0, 0.0, 0.0, 0.0, 0.0, 0.0, 0.0, 0.0, 0.0, 0.0, 0.0, 0.0, 0.0, 0.0, 0.0, 0.0, 0.0, 0.0, 0.0, 0.0, 0.0, 0.0, 0.0, 0.0, 0.0, 0.0, 0.0, 0.0, 0.0, 0.0, 0.0, 0.0, 0.0, 0.0, 0.0, 0.0, 0.0, 0.0, 0.0, 0.0, 0.0, 0.0, 0.0, 0.0, 0.0, 0.0, 0.0, 0.0, 0.0, 0.0, 0.0, 0.0, 0.0, 0.0, 0.0, 0.0, 0.0, 0.0, 0.0, 0.0, 0.0, 0.0, 0.0, 0.0, 0.0, 1.0, 1.0, 1.0, 1.0, 1.0, 1.0, 1.0, 0.0, 1.0, 1.0, 1.0, 1.0, 0.0, 1.0, 1.0, 1.0, 1.0, 0.32666666666666666, 0.28428571428565, 0.042630265474126926, 0.1, 0.9742857142851643, 0.014462394920195843, 0.21333333333333335, 0.9399999999996342, 0.012378270922965732, 0.02, 0.33571428571422857, 0.01581263712584071, 0.2866666666666667, 0.9057142857138172, 0.004299117769788352, 0.2866666666666667, 0.9399999999995485, 0.004461860398297855, 0.24666666666666667, 0.5842857142857114, 0.0052742406773867295, 0.28, 0.99428571428472, 0.0032212707579531243, 0.32666666666666666, 0.14571428571, 0.0003034817893798185, 0.2733333333333333, 0.47428571428561145, 0.042499642035366055, 0.28, 0.26714285714232, 0.0025964553092095925, 0.3333333333333333, 0.28, 0.001285870193510074, 0.22666666666666666, 0.22999999999999715, 0.0165686355466282, 0.26666666666666666, 0.6185714285691428, 0.0016710137868781653, 0.31333333333333335, 0.14285714285633141, 0.0024380051589110016, 0.2866666666666667, 0.9199999999996, 0.018835831823678845, 0.24, 0.4742857142853943, 0.005378041121756823, 0.31333333333333335, 0.6528571428555886, 0.0015947749631803757, 0.3333333333333333, 0.24857142857142858, 0.01826460519761248, 0.2733333333333333, 0.181428571428, 0.0005419131062726566, 0.0, 0.0, 0.0, 0.0, 0.0, 0.0, 0.0, 0.0, 0.0, 0.0, 0.0, 0.0, 0.0, 0.0, 0.0, 0.0, 0.0, 0.0, 0.0, 0.0, 0.0, 0.0, 0.0, 0.0, 0.0, 0.0, 0.0, 0.0, 0.0, 0.0, 0.0, 0.0, 0.0, 0.0, 0.0, 0.0, 0.0, 0.0, 0.0, 0.0, 0.0, 0.0, 0.0, 0.0, 0.0, 0.0, 0.0, 0.0, 0.0, 0.0, 0.0, 0.0, 0.0, 0.0, 0.0, 0.0, 0.0, 0.0, 0.0, 0.0, 0.0, 0.0, 0.0, 0.0, 0.0, 0.0, 0.0, 0.0, 0.0, 0.0, 0.0, 0.0, 0.0, 0.0, 0.0, 0.0, 0.0, 0.0, 0.0, 0.0, 0.0, 0.0, 0.0, 0.0, 0.0, 0.0, 0.0, 0.0, 0.0, 0.0, 0.0, 0.0, 0.0, 0.0, 0.0, 0.0, 0.0, 0.0, 0.0, 0.0, 0.0, 0.0, 0.0, 0.0, 0.0, 0.0, 0.0, 0.0, 0.0, 0.0, 0.0, 0.0, 0.0, 0.0, 0.0, 0.0, 0.0, 0.0, 0.0, 0.0, 0.0, 0.0, 0.0, 0.0, 0.0, 0.0, 0.0, 0.0, 0.0, 0.0, 0.0, 0.0],[1, 0, 0, 1, 0, 0, 0, 0, 0, 0, 0, 0, 0, 0, 0, 0, 0, 0, 0, 0, 0, 0, 0, 0, 0, 0, 0, 0, 0, 0, 0, 0, 0, 0, 0, 0, 0, 0, 0, 0, 0, 0, 0, 0, 0, 0, 0, 0, 0, 0, 0, 0, 0, 0, 0, 0, 0, 0, 0, 0, 0, 0, 0, 0]
[0.0, 0.0, 0.0, 0.0, 0.0, 0.0, 0.0, 0.0, 0.0, 0.0, 0.0, 0.0, 0.0, 0.0, 0.0, 0.0, 0.0, 0.0, 0.0, 0.0, 0.0, 0.0, 0.0, 0.0, 0.0, 0.0, 0.0, 0.0, 0.0, 0.0, 0.0, 0.0, 0.0, 0.0, 0.0, 0.0, 0.0, 0.0, 0.0, 0.0, 0.0, 0.0, 0.0, 0.0, 0.0, 0.0, 0.0, 0.0, 0.0, 0.0, 0.0, 0.0, 0.0, 0.0, 0.0, 0.0, 0.0, 0.0, 0.0, 0.0, 0.0, 0.0, 0.0, 0.0, 0.0, 0.0, 0.0, 0.0, 0.0, 0.0, 0.0, 0.0, 0.0, 0.0, 0.0, 0.0, 0.0, 0.0, 0.0, 0.0, 0.0, 0.0, 0.0, 0.0, 0.0, 0.0, 0.0, 0.0, 0.0, 0.0, 0.0, 0.0, 0.0, 0.0, 0.0, 0.0, 0.0, 0.0, 0.0, 0.0, 0.0, 0.0, 0.0, 0.0, 0.0, 0.0, 0.0, 0.0, 0.0, 0.0, 0.0, 0.0, 0.0, 0.0, 0.0, 0.0, 0.0, 0.0, 0.0, 0.0, 0.0, 0.0, 0.0, 0.0, 0.0, 0.0, 0.0, 0.0, 0.0, 0.0, 0.0, 0.0, 0.0, 0.0, 0.0, 0.0, 0.0, 0.0, 0.0, 0.0, 0.0, 0.0, 0.0, 0.0, 0.0, 0.0, 1.0, 1.0, 1.0, 1.0, 0.1, 0.9742857142851643, 0.014462394920195843, 0.21333333333333335, 0.9399999999996342, 0.012378270922965732, 0.2866666666666667, 0.9057142857138172, 0.004299117769788352, 0.2866666666666667, 0.9399999999995485, 0.004461860398297855, 0.24666666666666667, 0.5842857142857114, 0.0052742406773867295, 0.28, 0.99428571428472, 0.0032212707579531243, 0.32666666666666666, 0.14571428571, 0.0003034817893798185, 0.2733333333333333, 0.47428571428561145, 0.042499642035366055, 0.28, 0.26714285714232, 0.0025964553092095925, 0.3333333333333333, 0.28, 0.001285870193510074, 0.22666666666666666, 0.22999999999999715, 0.0165686355466282, 0.26666666666666666, 0.6185714285691428, 0.0016710137868781653, 0.31333333333333335, 0.14285714285633141, 0.0024380051589110016, 0.2866666666666667, 0.9199999999996, 0.018835831823678845, 0.24, 0.4742857142853943, 0.005378041121756823, 0.31333333333333335, 0.6528571428555886, 0.0015947749631803757, 0.3333333333333333, 0.24857142857142858, 0.01826460519761248, 0.2733333333333333, 0.181428571428, 0.0005419131062726566, 0.0, 0.0, 0.0, 0.0, 0.0, 0.0, 0.0, 0.0, 0.0, 0.0, 0.0, 0.0, 0.0, 0.0, 0.0, 0.0, 0.0, 0.0, 0.0, 0.0, 0.0, 0.0, 0.0, 0.0, 0.0, 0.0, 0.0, 0.0, 0.0, 0.0, 0.0, 0.0, 0.0, 0.0, 0.0, 0.0, 0.0, 0.0, 0.0, 0.0, 0.0, 0.0, 0.0, 0.0, 0.0, 0.0, 0.0, 0.0, 0.0, 0.0, 0.0, 0.0, 0.0, 0.0, 0.0, 0.0, 0.0, 0.0, 0.0, 0.0, 0.0, 0.0, 0.0, 0.0, 0.0, 0.0, 0.0, 0.0, 0.0, 0.0, 0.0, 0.0, 0.0, 0.0, 0.0, 0.0, 0.0, 0.0, 0.0, 0.0, 0.0, 0.0, 0.0, 0.0, 0.0, 0.0, 0.0, 0.0, 0.0, 0.0, 0.0, 0.0, 0.0, 0.0, 0.0, 0.0, 0.0, 0.0, 0.0, 0.0, 0.0, 0.0, 0.0, 0.0, 0.0, 0.0, 0.0, 0.0, 0.0, 0.0, 0.0, 0.0, 0.0, 0.0, 0.0, 0.0, 0.0, 0.0, 0.0, 0.0, 0.0, 0.0, 0.0, 0.0, 0.0, 0.0, 0.0, 0.0, 0.0, 0.0, 0.0, 0.0, 0.0, 0.0, 0.0, 0.0, 0.0, 0.0],[0, 0, 0, 0, 0, 0, 0, 0, 0, 0, 0, 0, 0, 0, 0, 0, 0, 0, 0, 0, 0, 0, 0, 0, 0, 0, 0, 0, 0, 0, 0, 0, 0, 0, 0, 0, 0, 0, 0, 0, 0, 0, 0, 0, 0, 0, 0, 0, 0, 0, 0, 0, 0, 0, 0, 0, 0, 0, 0, 0, 0, 0, 0, 0]
[0.0, 0.0, 0.0, 0.0, 0.0, 0.0, 0.0, 0.0, 0.0, 0.0, 0.0, 0.0, 0.0, 0.0, 0.0, 0.0, 0.0, 0.0, 0.0, 0.0, 0.0, 0.0, 0.0, 0.0, 0.0, 0.0, 0.0, 0.0, 0.0, 0.0, 0.0, 0.0, 0.0, 0.0, 0.0, 0.0, 0.0, 0.0, 0.0, 0.0, 0.0, 0.0, 0.0, 0.0, 0.0, 1.0, 1.0, 1.0, 1.0, 1.0, 1.0, 1.0, 1.0, 1.0, 1.0, 0.0, 1.0, 1.0, 0.0, 0.0, 0.0, 0.0, 0.0, 0.0, 0.0, 0.0, 0.0, 0.0, 0.0, 0.0, 0.0, 0.0, 0.0, 0.0, 0.0, 0.0, 0.0, 0.0, 0.0, 0.0, 0.0, 0.0, 0.0, 0.0, 0.0, 0.0, 0.0, 0.0, 0.0, 0.0, 0.0, 0.0, 0.0, 0.0, 0.0, 0.0, 0.0, 0.0, 0.0, 0.0, 0.0, 0.0, 0.0, 0.0, 0.0, 0.0, 0.0, 0.0, 0.0, 0.0, 0.0, 0.0, 0.0, 0.0, 0.0, 0.0, 0.0, 0.0, 1.0, 1.0, 1.0, 0.0, 0.0, 0.0, 0.0, 0.0, 0.0, 0.0, 0.0, 0.0, 0.0, 0.0, 0.0, 0.0, 0.0, 0.0, 0.0, 0.0, 0.0, 0.0, 0.0, 0.0, 0.0, 0.0, 0.0, 0.0, 1.0, 1.0, 1.0, 1.0, 0.1, 0.9742857142851643, 0.014462394920195843, 0.21333333333333335, 0.9399999999996342, 0.012378270922965732, 0.2866666666666667, 0.9057142857138172, 0.004299117769788352, 0.2866666666666667, 0.9399999999995485, 0.004461860398297855, 0.24666666666666667, 0.5842857142857114, 0.0052742406773867295, 0.28, 0.99428571428472, 0.0032212707579531243, 0.32666666666666666, 0.14571428571, 0.0003034817893798185, 0.2733333333333333, 0.47428571428561145, 0.042499642035366055, 0.28, 0.26714285714232, 0.0025964553092095925, 0.3333333333333333, 0.28, 0.001285870193510074, 0.22666666666666666, 0.22999999999999715, 0.0165686355466282, 0.26666666666666666, 0.6185714285691428, 0.0016710137868781653, 0.31333333333333335, 0.14285714285633141, 0.0024380051589110016, 0.2866666666666667, 0.9199999999996, 0.018835831823678845, 0.24, 0.4742857142853943, 0.005378041121756823, 0.31333333333333335, 0.6528571428555886, 0.0015947749631803757, 0.3333333333333333, 0.24857142857142858, 0.01826460519761248, 0.2733333333333333, 0.181428571428, 0.0005419131062726566, 0.0, 0.0, 0.0, 0.0, 0.0, 0.0, 0.0, 0.0, 0.0, 0.0, 0.0, 0.0, 0.0, 0.0, 0.0, 0.0, 0.0, 0.0, 0.0, 0.0, 0.0, 0.0, 0.0, 0.0, 0.0, 0.0, 0.0, 0.0, 0.0, 0.0, 0.0, 0.0, 0.0, 0.0, 0.0, 0.0, 0.0, 0.0, 0.0, 0.0, 0.0, 0.0, 0.0, 0.0, 0.0, 0.0, 0.0, 0.0, 0.0, 0.0, 0.0, 0.0, 0.0, 0.0, 0.0, 0.0, 0.0, 0.0, 0.0, 0.0, 0.0, 0.0, 0.0, 0.0, 0.0, 0.0, 0.0, 0.0, 0.0, 0.0, 0.0, 0.0, 0.0, 0.0, 0.0, 0.0, 0.0, 0.0, 0.0, 0.0, 0.0, 0.0, 0.0, 0.0, 0.0, 0.0, 0.0, 0.0, 0.0, 0.0, 0.0, 0.0, 0.0, 0.0, 0.0, 0.0, 0.0, 0.0, 0.0, 0.0, 0.0, 0.0, 0.0, 0.0, 0.0, 0.0, 0.0, 0.0, 0.0, 0.0, 0.0, 0.0, 0.0, 0.0, 0.0, 0.0, 0.0, 0.0, 0.0, 0.0, 0.0, 0.0, 0.0, 0.0, 0.0, 0.0, 0.0, 0.0, 0.0, 0.0, 0.0, 0.0, 0.0, 0.0, 0.0, 0.0, 0.0, 0.0],[1, 0, 0, 0, 0, 0, 0, 0, 0, 0, 0, 0, 0, 0, 0, 0, 0, 0, 0, 0, 0, 0, 0, 0, 0, 0, 0, 0, 0, 0, 0, 0, 0, 0, 0, 0, 0, 0, 0, 0, 0, 0, 0, 0, 0, 0, 0, 0, 0, 0, 0, 0, 0, 0, 0, 0, 0, 0, 0, 0, 0, 0, 0, 0]
[0.0, 0.0, 0.0, 0.0, 0.0, 0.0, 0.0, 0.0, 0.0, 0.0, 0.0, 0.0, 0.0, 0.0, 0.0, 0.0, 0.0, 0.0, 0.0, 0.0, 0.0, 0.0, 0.0, 0.0, 0.0, 0.0, 0.0, 0.0, 0.0, 0.0, 0.0, 0.0, 0.0, 0.0, 0.0, 0.0, 0.0, 0.0, 0.0, 0.0, 0.0, 0.0, 0.0, 0.0, 0.0, 0.0, 0.0, 0.0, 0.0, 0.0, 0.0, 0.0, 0.0, 0.0, 0.0, 0.0, 0.0, 0.0, 0.0, 0.0, 0.0, 0.0, 0.0, 0.0, 0.0, 0.0, 0.0, 0.0, 0.0, 0.0, 0.0, 0.0, 0.0, 0.0, 0.0, 0.0, 0.0, 0.0, 0.0, 0.0, 0.0, 0.0, 0.0, 0.0, 0.0, 0.0, 0.0, 0.0, 0.0, 0.0, 0.0, 0.0, 0.0, 0.0, 0.0, 0.0, 0.0, 0.0, 0.0, 0.0, 0.0, 0.0, 0.0, 0.0, 0.0, 0.0, 0.0, 0.0, 0.0, 0.0, 0.0, 0.0, 0.0, 0.0, 0.0, 0.0, 0.0, 0.0, 0.0, 0.0, 0.0, 0.0, 0.0, 0.0, 0.0, 0.0, 0.0, 0.0, 0.0, 0.0, 0.0, 0.0, 0.0, 0.0, 0.0, 0.0, 0.0, 0.0, 0.0, 0.0, 0.0, 0.0, 0.0, 0.0, 0.0, 0.0, 1.0, 1.0, 1.0, 1.0, 0.21333333333333335, 0.9399999999996342, 0.012378270922965732, 0.2866666666666667, 0.9057142857138172, 0.004299117769788352, 0.2866666666666667, 0.9399999999995485, 0.004461860398297855, 0.24666666666666667, 0.5842857142857114, 0.0052742406773867295, 0.28, 0.99428571428472, 0.0032212707579531243, 0.32666666666666666, 0.14571428571, 0.0003034817893798185, 0.2733333333333333, 0.47428571428561145, 0.042499642035366055, 0.28, 0.26714285714232, 0.0025964553092095925, 0.3333333333333333, 0.28, 0.001285870193510074, 0.22666666666666666, 0.22999999999999715, 0.0165686355466282, 0.26666666666666666, 0.6185714285691428, 0.0016710137868781653, 0.31333333333333335, 0.14285714285633141, 0.0024380051589110016, 0.2866666666666667, 0.9199999999996, 0.018835831823678845, 0.24, 0.4742857142853943, 0.005378041121756823, 0.31333333333333335, 0.6528571428555886, 0.0015947749631803757, 0.3333333333333333, 0.24857142857142858, 0.01826460519761248, 0.2733333333333333, 0.181428571428, 0.0005419131062726566, 0.0, 0.0, 0.0, 0.0, 0.0, 0.0, 0.0, 0.0, 0.0, 0.0, 0.0, 0.0, 0.0, 0.0, 0.0, 0.0, 0.0, 0.0, 0.0, 0.0, 0.0, 0.0, 0.0, 0.0, 0.0, 0.0, 0.0, 0.0, 0.0, 0.0, 0.0, 0.0, 0.0, 0.0, 0.0, 0.0, 0.0, 0.0, 0.0, 0.0, 0.0, 0.0, 0.0, 0.0, 0.0, 0.0, 0.0, 0.0, 0.0, 0.0, 0.0, 0.0, 0.0, 0.0, 0.0, 0.0, 0.0, 0.0, 0.0, 0.0, 0.0, 0.0, 0.0, 0.0, 0.0, 0.0, 0.0, 0.0, 0.0, 0.0, 0.0, 0.0, 0.0, 0.0, 0.0, 0.0, 0.0, 0.0, 0.0, 0.0, 0.0, 0.0, 0.0, 0.0, 0.0, 0.0, 0.0, 0.0, 0.0, 0.0, 0.0, 0.0, 0.0, 0.0, 0.0, 0.0, 0.0, 0.0, 0.0, 0.0, 0.0, 0.0, 0.0, 0.0, 0.0, 0.0, 0.0, 0.0, 0.0, 0.0, 0.0, 0.0, 0.0, 0.0, 0.0, 0.0, 0.0, 0.0, 0.0, 0.0, 0.0, 0.0, 0.0, 0.0, 0.0, 0.0, 0.0, 0.0, 0.0, 0.0, 0.0, 0.0, 0.0, 0.0, 0.0, 0.0, 0.0, 0.0, 0.0, 0.0, 0.0],[0, 0, 0, 0, 0, 0, 0, 0, 0, 0, 0, 0, 0, 0, 0, 0, 0, 0, 0, 0, 0, 0, 0, 0, 0, 0, 0, 0, 0, 0, 0, 0, 0, 0, 0, 0, 0, 0, 0, 0, 0, 0, 0, 0, 0, 0, 0, 0, 0, 0, 0, 0, 0, 0, 0, 0, 0, 0, 0, 0, 0, 0, 0, 0]
[0.0, 0.0, 0.0, 0.0, 0.0, 0.0, 0.0, 0.0, 0.0, 0.0, 0.0, 0.0, 0.0, 0.0, 0.0, 0.0, 0.0, 0.0, 0.0, 0.0, 0.0, 0.0, 0.0, 0.0, 0.0, 0.0, 0.0, 0.0, 0.0, 0.0, 0.0, 0.0, 0.0, 0.0, 0.0, 0.0, 0.0, 0.0, 0.0, 0.0, 0.0, 0.0, 0.0, 0.0, 0.0, 0.0, 0.0, 0.0, 0.0, 0.0, 0.0, 0.0, 0.0, 0.0, 0.0, 0.0, 0.0, 0.0, 0.0, 0.0, 0.0, 0.0, 0.0, 0.0, 0.0, 0.0, 0.0, 0.0, 1.0, 1.0, 1.0, 1.0, 1.0, 1.0, 1.0, 1.0, 1.0, 0.0, 0.0, 0.0, 0.0, 0.0, 1.0, 1.0, 1.0, 1.0, 1.0, 1.0, 1.0, 1.0, 1.0, 1.0, 1.0, 1.0, 1.0, 1.0, 1.0, 1.0, 1.0, 1.0, 1.0, 1.0, 1.0, 1.0, 1.0, 1.0, 1.0, 1.0, 0.0, 0.0, 0.0, 0.0, 0.0, 0.0, 0.0, 0.0, 0.0, 0.0, 0.0, 0.0, 0.0, 0.0, 0.0, 0.0, 0.0, 0.0, 0.0, 1.0, 1.0, 1.0, 1.0, 1.0, 1.0, 0.0, 0.0, 0.0, 0.0, 0.0, 0.0, 0.0, 0.0, 0.0, 0.0, 0.0, 0.0, 0.0, 1.0, 1.0, 1.0, 1.0, 0.21333333333333335, 0.9399999999996342, 0.012378270922965732, 0.2866666666666667, 0.9057142857138172, 0.004299117769788352, 0.2866666666666667, 0.9399999999995485, 0.004461860398297855, 0.24666666666666667, 0.5842857142857114, 0.0052742406773867295, 0.28, 0.99428571428472, 0.0032212707579531243, 0.32666666666666666, 0.14571428571, 0.0003034817893798185, 0.2733333333333333, 0.47428571428561145, 0.042499642035366055, 0.28, 0.26714285714232, 0.0025964553092095925, 0.3333333333333333, 0.28, 0.001285870193510074, 0.22666666666666666, 0.22999999999999715, 0.0165686355466282, 0.26666666666666666, 0.6185714285691428, 0.0016710137868781653, 0.31333333333333335, 0.14285714285633141, 0.0024380051589110016, 0.2866666666666667, 0.9199999999996, 0.018835831823678845, 0.24, 0.4742857142853943, 0.005378041121756823, 0.31333333333333335, 0.6528571428555886, 0.0015947749631803757, 0.3333333333333333, 0.24857142857142858, 0.01826460519761248, 0.2733333333333333, 0.181428571428, 0.0005419131062726566, 0.0, 0.0, 0.0, 0.0, 0.0, 0.0, 0.0, 0.0, 0.0, 0.0, 0.0, 0.0, 0.0, 0.0, 0.0, 0.0, 0.0, 0.0, 0.0, 0.0, 0.0, 0.0, 0.0, 0.0, 0.0, 0.0, 0.0, 0.0, 0.0, 0.0, 0.0, 0.0, 0.0, 0.0, 0.0, 0.0, 0.0, 0.0, 0.0, 0.0, 0.0, 0.0, 0.0, 0.0, 0.0, 0.0, 0.0, 0.0, 0.0, 0.0, 0.0, 0.0, 0.0, 0.0, 0.0, 0.0, 0.0, 0.0, 0.0, 0.0, 0.0, 0.0, 0.0, 0.0, 0.0, 0.0, 0.0, 0.0, 0.0, 0.0, 0.0, 0.0, 0.0, 0.0, 0.0, 0.0, 0.0, 0.0, 0.0, 0.0, 0.0, 0.0, 0.0, 0.0, 0.0, 0.0, 0.0, 0.0, 0.0, 0.0, 0.0, 0.0, 0.0, 0.0, 0.0, 0.0, 0.0, 0.0, 0.0, 0.0, 0.0, 0.0, 0.0, 0.0, 0.0, 0.0, 0.0, 0.0, 0.0, 0.0, 0.0, 0.0, 0.0, 0.0, 0.0, 0.0, 0.0, 0.0, 0.0, 0.0, 0.0, 0.0, 0.0, 0.0, 0.0, 0.0, 0.0, 0.0, 0.0, 0.0, 0.0, 0.0, 0.0, 0.0, 0.0, 0.0, 0.0, 0.0, 0.0, 0.0, 0.0],[1, 0, 0, 0, 0, 0, 0, 0, 0, 0, 0, 0, 0, 0, 0, 0, 0, 0, 0, 0, 0, 0, 0, 0, 0, 0, 0, 0, 0, 0, 0, 0, 0, 0, 0, 0, 0, 0, 0, 0, 0, 0, 0, 0, 0, 0, 0, 0, 0, 0, 0, 0, 0, 0, 0, 0, 0, 0, 0, 0, 0, 0, 0, 0]
[0.0, 0.0, 0.0, 0.0, 0.0, 0.0, 0.0, 0.0, 0.0, 0.0, 0.0, 0.0, 0.0, 0.0, 0.0, 0.0, 0.0, 0.0, 0.0, 0.0, 0.0, 0.0, 0.0, 0.0, 0.0, 0.0, 0.0, 0.0, 0.0, 0.0, 0.0, 0.0, 0.0, 0.0, 0.0, 0.0, 0.0, 0.0, 0.0, 0.0, 0.0, 0.0, 0.0, 0.0, 0.0, 0.0, 0.0, 0.0, 0.0, 0.0, 0.0, 0.0, 0.0, 0.0, 0.0, 0.0, 0.0, 0.0, 0.0, 0.0, 0.0, 0.0, 0.0, 0.0, 0.0, 0.0, 0.0, 0.0, 0.0, 0.0, 0.0, 0.0, 0.0, 0.0, 0.0, 0.0, 0.0, 0.0, 0.0, 0.0, 0.0, 0.0, 0.0, 0.0, 0.0, 0.0, 0.0, 0.0, 0.0, 0.0, 0.0, 0.0, 0.0, 0.0, 0.0, 0.0, 0.0, 0.0, 0.0, 0.0, 0.0, 0.0, 0.0, 0.0, 0.0, 1.0, 1.0, 1.0, 0.0, 0.0, 0.0, 0.0, 0.0, 0.0, 0.0, 0.0, 0.0, 0.0, 0.0, 0.0, 0.0, 0.0, 0.0, 0.0, 0.0, 0.0, 0.0, 1.0, 1.0, 1.0, 1.0, 1.0, 1.0, 0.0, 0.0, 0.0, 0.0, 0.0, 0.0, 0.0, 0.0, 0.0, 0.0, 0.0, 0.0, 0.0, 1.0, 1.0, 1.0, 1.0, 0.2866666666666667, 0.9057142857138172, 0.004299117769788352, 0.2866666666666667, 0.9399999999995485, 0.004461860398297855, 0.24666666666666667, 0.5842857142857114, 0.0052742406773867295, 0.28, 0.99428571428472, 0.0032212707579531243, 0.32666666666666666, 0.14571428571, 0.0003034817893798185, 0.2733333333333333, 0.47428571428561145, 0.042499642035366055, 0.28, 0.26714285714232, 0.0025964553092095925, 0.3333333333333333, 0.28, 0.001285870193510074, 0.22666666666666666, 0.22999999999999715, 0.0165686355466282, 0.26666666666666666, 0.6185714285691428, 0.0016710137868781653, 0.31333333333333335, 0.14285714285633141, 0.0024380051589110016, 0.2866666666666667, 0.9199999999996, 0.018835831823678845, 0.24, 0.4742857142853943, 0.005378041121756823, 0.31333333333333335, 0.6528571428555886, 0.0015947749631803757, 0.3333333333333333, 0.24857142857142858, 0.01826460519761248, 0.2733333333333333, 0.181428571428, 0.0005419131062726566, 0.0, 0.0, 0.0, 0.0, 0.0, 0.0, 0.0, 0.0, 0.0, 0.0, 0.0, 0.0, 0.0, 0.0, 0.0, 0.0, 0.0, 0.0, 0.0, 0.0, 0.0, 0.0, 0.0, 0.0, 0.0, 0.0, 0.0, 0.0, 0.0, 0.0, 0.0, 0.0, 0.0, 0.0, 0.0, 0.0, 0.0, 0.0, 0.0, 0.0, 0.0, 0.0, 0.0, 0.0, 0.0, 0.0, 0.0, 0.0, 0.0, 0.0, 0.0, 0.0, 0.0, 0.0, 0.0, 0.0, 0.0, 0.0, 0.0, 0.0, 0.0, 0.0, 0.0, 0.0, 0.0, 0.0, 0.0, 0.0, 0.0, 0.0, 0.0, 0.0, 0.0, 0.0, 0.0, 0.0, 0.0, 0.0, 0.0, 0.0, 0.0, 0.0, 0.0, 0.0, 0.0, 0.0, 0.0, 0.0, 0.0, 0.0, 0.0, 0.0, 0.0, 0.0, 0.0, 0.0, 0.0, 0.0, 0.0, 0.0, 0.0, 0.0, 0.0, 0.0, 0.0, 0.0, 0.0, 0.0, 0.0, 0.0, 0.0, 0.0, 0.0, 0.0, 0.0, 0.0, 0.0, 0.0, 0.0, 0.0, 0.0, 0.0, 0.0, 0.0, 0.0, 0.0, 0.0, 0.0, 0.0, 0.0, 0.0, 0.0, 0.0, 0.0, 0.0, 0.0, 0.0, 0.0, 0.0, 0.0, 0.0, 0.0, 0.0, 0.0],[0, 0, 0, 0, 0, 0, 0, 0, 0, 0, 0, 0, 0, 0, 0, 0, 0, 0, 0, 0, 0, 0, 0, 0, 0, 0, 0, 0, 0, 0, 0, 0, 0, 0, 0, 0, 0, 0, 0, 0, 0, 0, 0, 0, 0, 0, 0, 0, 0, 0, 0, 0, 0, 0, 0, 0, 0, 0, 0, 0, 0, 0, 0, 0]
[0.0, 0.0, 0.0, 0.0, 1.0, 1.0, 1.0, 0.0, 0.0, 0.0, 0.0, 0.0, 0.0, 0.0, 0.0, 0.0, 0.0, 0.0, 0.0, 0.0, 0.0, 0.0, 0.0, 0.0, 0.0, 0.0, 0.0, 0.0, 0.0, 0.0, 0.0, 0.0, 0.0, 0.0, 0.0, 0.0, 0.0, 0.0, 0.0, 0.0, 0.0, 0.0, 0.0, 0.0, 0.0, 0.0, 0.0, 0.0, 0.0, 0.0, 0.0, 0.0, 0.0, 0.0, 0.0, 0.0, 0.0, 0.0, 0.0, 0.0, 0.0, 0.0, 0.0, 0.0, 0.0, 1.0, 1.0, 1.0, 0.0, 0.0, 0.0, 0.0, 0.0, 0.0, 0.0, 0.0, 0.0, 1.0, 1.0, 1.0, 1.0, 0.0, 0.0, 0.0, 0.0, 0.0, 0.0, 0.0, 0.0, 0.0, 0.0, 0.0, 0.0, 0.0, 0.0, 0.0, 0.0, 0.0, 0.0, 0.0, 0.0, 0.0, 0.0, 0.0, 0.0, 1.0, 1.0, 1.0, 1.0, 1.0, 1.0, 1.0, 1.0, 1.0, 1.0, 1.0, 1.0, 1.0, 0.0, 0.0, 0.0, 1.0, 1.0, 0.0, 0.0, 1.0, 1.0, 1.0, 1.0, 1.0, 1.0, 1.0, 1.0, 0.0, 0.0, 0.0, 0.0, 0.0, 0.0, 0.0, 0.0, 0.0, 0.0, 0.0, 0.0, 0.0, 1.0, 1.0, 1.0, 1.0, 0.18666666666666668, 0.722857142856, 0.014446149718527921, 0.10666666666666667, 0.94, 0.05396062419194061, 0.2866666666666667, 0.9057142857138172, 0.004299117769788352, 0.2866666666666667, 0.9399999999995485, 0.004461860398297855, 0.24666666666666667, 0.5842857142857114, 0.0052742406773867295, 0.28, 0.99428571428472, 0.0032212707579531243, 0.32666666666666666, 0.14571428571, 0.0003034817893798185, 0.2733333333333333, 0.47428571428561145, 0.042499642035366055, 0.28, 0.26714285714232, 0.0025964553092095925, 0.3333333333333333, 0.28, 0.001285870193510074, 0.22666666666666666, 0.22999999999999715, 0.0165686355466282, 0.26666666666666666, 0.6185714285691428, 0.0016710137868781653, 0.31333333333333335, 0.14285714285633141, 0.0024380051589110016, 0.2866666666666667, 0.9199999999996, 0.018835831823678845, 0.24, 0.4742857142853943, 0.005378041121756823, 0.31333333333333335, 0.6528571428555886, 0.0015947749631803757, 0.3333333333333333, 0.24857142857142858, 0.01826460519761248, 0.2733333333333333, 0.181428571428, 0.0005419131062726566, 0.0, 0.0, 0.0, 0.0, 0.0, 0.0, 0.0, 0.0, 0.0, 0.0, 0.0, 0.0, 0.0, 0.0, 0.0, 0.0, 0.0, 0.0, 0.0, 0.0, 0.0, 0.0, 0.0, 0.0, 0.0, 0.0, 0.0, 0.0, 0.0, 0.0, 0.0, 0.0, 0.0, 0.0, 0.0, 0.0, 0.0, 0.0, 0.0, 0.0, 0.0, 0.0, 0.0, 0.0, 0.0, 0.0, 0.0, 0.0, 0.0, 0.0, 0.0, 0.0, 0.0, 0.0, 0.0, 0.0, 0.0, 0.0, 0.0, 0.0, 0.0, 0.0, 0.0, 0.0, 0.0, 0.0, 0.0, 0.0, 0.0, 0.0, 0.0, 0.0, 0.0, 0.0, 0.0, 0.0, 0.0, 0.0, 0.0, 0.0, 0.0, 0.0, 0.0, 0.0, 0.0, 0.0, 0.0, 0.0, 0.0, 0.0, 0.0, 0.0, 0.0, 0.0, 0.0, 0.0, 0.0, 0.0, 0.0, 0.0, 0.0, 0.0, 0.0, 0.0, 0.0, 0.0, 0.0, 0.0, 0.0, 0.0, 0.0, 0.0, 0.0, 0.0, 0.0, 0.0, 0.0, 0.0, 0.0, 0.0, 0.0, 0.0, 0.0, 0.0, 0.0, 0.0, 0.0, 0.0, 0.0, 0.0, 0.0, 0.0, 0.0, 0.0, 0.0, 0.0, 0.0, 0.0],[1, 0, 0, 0, 0, 0, 0, 0, 0, 0, 0, 0, 0, 0, 0, 0, 0, 0, 0, 0, 0, 0, 0, 0, 0, 0, 0, 0, 0, 0, 0, 0, 0, 0, 0, 0, 0, 0, 0, 0, 0, 0, 0, 0, 0, 0, 0, 0, 0, 0, 0, 0, 0, 0, 0, 0, 0, 0, 0, 0, 0, 0, 0, 0]
[0.0, 0.0, 0.0, 0.0, 0.0, 0.0, 0.0, 0.0, 0.0, 0.0, 0.0, 0.0, 0.0, 0.0, 0.0, 0.0, 0.0, 0.0, 0.0, 0.0, 0.0, 0.0, 0.0, 0.0, 0.0, 0.0, 0.0, 0.0, 0.0, 0.0, 0.0, 0.0, 0.0, 0.0, 0.0, 0.0, 0.0, 0.0, 0.0, 0.0, 0.0, 0.0, 0.0, 0.0, 0.0, 0.0, 0.0, 0.0, 0.0, 0.0, 0.0, 0.0, 0.0, 0.0, 0.0, 0.0, 0.0, 0.0, 0.0, 0.0, 0.0, 0.0, 0.0, 0.0, 0.0, 0.0, 0.0, 0.0, 0.0, 0.0, 0.0, 0.0, 0.0, 0.0, 0.0, 0.0, 0.0, 0.0, 0.0, 0.0, 0.0, 0.0, 0.0, 0.0, 0.0, 0.0, 0.0, 0.0, 0.0, 0.0, 0.0, 0.0, 0.0, 0.0, 0.0, 0.0, 0.0, 0.0, 0.0, 0.0, 0.0, 0.0, 0.0, 0.0, 0.0, 0.0, 0.0, 0.0, 0.0, 0.0, 0.0, 0.0, 0.0, 0.0, 0.0, 0.0, 0.0, 0.0, 0.0, 0.0, 0.0, 0.0, 0.0, 0.0, 0.0, 0.0, 0.0, 0.0, 1.0, 1.0, 1.0, 1.0, 1.0, 0.0, 0.0, 0.0, 0.0, 0.0, 0.0, 0.0, 0.0, 0.0, 0.0, 0.0, 0.0, 0.0, 1.0, 1.0, 1.0, 1.0, 0.10666666666666667, 0.94, 0.05396062419194061, 0.2866666666666667, 0.9057142857138172, 0.004299117769788352, 0.2866666666666667, 0.9399999999995485, 0.004461860398297855, 0.24666666666666667, 0.5842857142857114, 0.0052742406773867295, 0.28, 0.99428571428472, 0.0032212707579531243, 0.32666666666666666, 0.14571428571, 0.0003034817893798185, 0.2733333333333333, 0.47428571428561145, 0.042499642035366055, 0.28, 0.26714285714232, 0.0025964553092095925, 0.3333333333333333, 0.28, 0.001285870193510074, 0.22666666666666666, 0.22999999999999715, 0.0165686355466282, 0.26666666666666666, 0.6185714285691428, 0.0016710137868781653, 0.31333333333333335, 0.14285714285633141, 0.0024380051589110016, 0.2866666666666667, 0.9199999999996, 0.018835831823678845, 0.24, 0.4742857142853943, 0.005378041121756823, 0.31333333333333335, 0.6528571428555886, 0.0015947749631803757, 0.3333333333333333, 0.24857142857142858, 0.01826460519761248, 0.2733333333333333, 0.181428571428, 0.0005419131062726566, 0.0, 0.0, 0.0, 0.0, 0.0, 0.0, 0.0, 0.0, 0.0, 0.0, 0.0, 0.0, 0.0, 0.0, 0.0, 0.0, 0.0, 0.0, 0.0, 0.0, 0.0, 0.0, 0.0, 0.0, 0.0, 0.0, 0.0, 0.0, 0.0, 0.0, 0.0, 0.0, 0.0, 0.0, 0.0, 0.0, 0.0, 0.0, 0.0, 0.0, 0.0, 0.0, 0.0, 0.0, 0.0, 0.0, 0.0, 0.0, 0.0, 0.0, 0.0, 0.0, 0.0, 0.0, 0.0, 0.0, 0.0, 0.0, 0.0, 0.0, 0.0, 0.0, 0.0, 0.0, 0.0, 0.0, 0.0, 0.0, 0.0, 0.0, 0.0, 0.0, 0.0, 0.0, 0.0, 0.0, 0.0, 0.0, 0.0, 0.0, 0.0, 0.0, 0.0, 0.0, 0.0, 0.0, 0.0, 0.0, 0.0, 0.0, 0.0, 0.0, 0.0, 0.0, 0.0, 0.0, 0.0, 0.0, 0.0, 0.0, 0.0, 0.0, 0.0, 0.0, 0.0, 0.0, 0.0, 0.0, 0.0, 0.0, 0.0, 0.0, 0.0, 0.0, 0.0, 0.0, 0.0, 0.0, 0.0, 0.0, 0.0, 0.0, 0.0, 0.0, 0.0, 0.0, 0.0, 0.0, 0.0, 0.0, 0.0, 0.0, 0.0, 0.0, 0.0, 0.0, 0.0, 0.0, 0.0, 0.0, 0.0],[0, 0, 0, 0, 0, 0, 0, 0, 0, 0, 0, 0, 0, 0, 0, 0, 0, 0, 0, 0, 0, 0, 0, 0, 0, 0, 0, 0, 0, 0, 0, 0, 0, 0, 0, 0, 0, 0, 0, 0, 0, 0, 0, 0, 0, 0, 0, 0, 0, 0, 0, 0, 0, 0, 0, 0, 0, 0, 0, 0, 0, 0, 0, 0]
[0.0, 0.0, 0.0, 0.0, 0.0, 0.0, 0.0, 0.0, 0.0, 0.0, 0.0, 0.0, 0.0, 0.0, 0.0, 0.0, 0.0, 0.0, 0.0, 0.0, 0.0, 0.0, 0.0, 0.0, 0.0, 0.0, 0.0, 0.0, 0.0, 0.0, 0.0, 0.0, 0.0, 0.0, 0.0, 0.0, 0.0, 0.0, 0.0, 0.0, 0.0, 0.0, 0.0, 0.0, 0.0, 0.0, 0.0, 0.0, 0.0, 0.0, 0.0, 0.0, 0.0, 0.0, 0.0, 0.0, 0.0, 0.0, 0.0, 0.0, 0.0, 0.0, 0.0, 0.0, 0.0, 0.0, 0.0, 0.0, 1.0, 1.0, 1.0, 1.0, 1.0, 1.0, 1.0, 1.0, 1.0, 0.0, 0.0, 0.0, 0.0, 0.0, 1.0, 1.0, 1.0, 1.0, 1.0, 1.0, 1.0, 1.0, 1.0, 1.0, 1.0, 1.0, 1.0, 1.0, 1.0, 1.0, 1.0, 1.0, 1.0, 1.0, 1.0, 1.0, 1.0, 0.0, 0.0, 0.0, 0.0, 0.0, 0.0, 0.0, 0.0, 0.0, 0.0, 0.0, 0.0, 0.0, 0.0, 0.0, 0.0, 0.0, 0.0, 0.0, 0.0, 0.0, 0.0, 0.0, 1.0, 1.0, 1.0, 1.0, 1.0, 0.0, 0.0, 0.0, 0.0, 0.0, 0.0, 0.0, 0.0, 0.0, 0.0, 0.0, 0.0, 0.0, 1.0, 1.0, 1.0, 1.0, 0.10666666666666667, 0.94, 0.05396062419194061, 0.28, 0.4042857142854, 0.011788184799581084, 0.2866666666666667, 0.9057142857138172, 0.004299117769788352, 0.2866666666666667, 0.9399999999995485, 0.004461860398297855, 0.24666666666666667, 0.5842857142857114, 0.0052742406773867295, 0.28, 0.99428571428472, 0.0032212707579531243, 0.32666666666666666, 0.14571428571, 0.0003034817893798185, 0.2733333333333333, 0.47428571428561145, 0.042499642035366055, 0.28, 0.26714285714232, 0.0025964553092095925, 0.3333333333333333, 0.28, 0.001285870193510074, 0.22666666666666666, 0.22999999999999715, 0.0165686355466282, 0.26666666666666666, 0.6185714285691428, 0.0016710137868781653, 0.31333333333333335, 0.14285714285633141, 0.0024380051589110016, 0.2866666666666667, 0.9199999999996, 0.018835831823678845, 0.24, 0.4742857142853943, 0.005378041121756823, 0.31333333333333335, 0.6528571428555886, 0.0015947749631803757, 0.26666666666666666, 0.587142857142, 0.0051359829886479, 0.3333333333333333, 0.24857142857142858, 0.01826460519761248, 0.2733333333333333, 0.181428571428, 0.0005419131062726566, 0.0, 0.0, 0.0, 0.0, 0.0, 0.0, 0.0, 0.0, 0.0, 0.0, 0.0, 0.0, 0.0, 0.0, 0.0, 0.0, 0.0, 0.0, 0.0, 0.0, 0.0, 0.0, 0.0, 0.0, 0.0, 0.0, 0.0, 0.0, 0.0, 0.0, 0.0, 0.0, 0.0, 0.0, 0.0, 0.0, 0.0, 0.0, 0.0, 0.0, 0.0, 0.0, 0.0, 0.0, 0.0, 0.0, 0.0, 0.0, 0.0, 0.0, 0.0, 0.0, 0.0, 0.0, 0.0, 0.0, 0.0, 0.0, 0.0, 0.0, 0.0, 0.0, 0.0, 0.0, 0.0, 0.0, 0.0, 0.0, 0.0, 0.0, 0.0, 0.0, 0.0, 0.0, 0.0, 0.0, 0.0, 0.0, 0.0, 0.0, 0.0, 0.0, 0.0, 0.0, 0.0, 0.0, 0.0, 0.0, 0.0, 0.0, 0.0, 0.0, 0.0, 0.0, 0.0, 0.0, 0.0, 0.0, 0.0, 0.0, 0.0, 0.0, 0.0, 0.0, 0.0, 0.0, 0.0, 0.0, 0.0, 0.0, 0.0, 0.0, 0.0, 0.0, 0.0, 0.0, 0.0, 0.0, 0.0, 0.0, 0.0, 0.0, 0.0, 0.0, 0.0, 0.0, 0.0, 0.0, 0.0, 0.0, 0.0, 0.0, 0.0, 0.0, 0.0],[1, 0, 0, 0, 0, 0, 0, 0, 0, 0, 0, 0, 0, 0, 0, 0, 0, 0, 0, 0, 0, 0, 0, 0, 0, 0, 0, 0, 0, 0, 0, 0, 0, 0, 0, 0, 0, 0, 0, 0, 0, 0, 0, 0, 0, 0, 0, 0, 0, 0, 0, 0, 0, 0, 0, 0, 0, 0, 0, 0, 0, 0, 0, 0]
[0.0, 0.0, 0.0, 0.0, 0.0, 0.0, 0.0, 0.0, 0.0, 0.0, 0.0, 0.0, 0.0, 0.0, 0.0, 0.0, 0.0, 0.0, 0.0, 0.0, 0.0, 0.0, 0.0, 0.0, 0.0, 0.0, 0.0, 0.0, 0.0, 0.0, 0.0, 0.0, 0.0, 0.0, 0.0, 0.0, 0.0, 0.0, 0.0, 0.0, 0.0, 0.0, 0.0, 0.0, 0.0, 0.0, 0.0, 0.0, 0.0, 0.0, 0.0, 0.0, 0.0, 0.0, 0.0, 0.0, 0.0, 0.0, 0.0, 0.0, 0.0, 0.0, 0.0, 0.0, 0.0, 0.0, 0.0, 0.0, 0.0, 0.0, 0.0, 0.0, 0.0, 0.0, 0.0, 0.0, 0.0, 0.0, 0.0, 0.0, 0.0, 0.0, 0.0, 0.0, 0.0, 0.0, 0.0, 0.0, 0.0, 1.0, 1.0, 1.0, 1.0, 1.0, 1.0, 1.0, 1.0, 1.0, 1.0, 1.0, 1.0, 1.0, 1.0, 1.0, 1.0, 0.0, 0.0, 0.0, 0.0, 0.0, 0.0, 0.0, 0.0, 0.0, 0.0, 0.0, 0.0, 0.0, 0.0, 0.0, 0.0, 0.0, 0.0, 0.0, 0.0, 0.0, 0.0, 0.0, 1.0, 1.0, 1.0, 1.0, 1.0, 0.0, 0.0, 0.0, 0.0, 0.0, 0.0, 0.0, 0.0, 0.0, 0.0, 0.0, 0.0, 0.0, 1.0, 1.0, 1.0, 1.0, 0.28, 0.4042857142854, 0.011788184799581084, 0.2866666666666667, 0.9057142857138172, 0.004299117769788352, 0.2866666666666667, 0.9399999999995485, 0.004461860398297855, 0.24666666666666667, 0.5842857142857114, 0.0052742406773867295, 0.28, 0.99428571428472, 0.0032212707579531243, 0.32666666666666666, 0.14571428571, 0.0003034817893798185, 0.2733333333333333, 0.47428571428561145, 0.042499642035366055, 0.28, 0.26714285714232, 0.0025964553092095925, 0.3333333333333333, 0.28, 0.001285870193510074, 0.22666666666666666, 0.22999999999999715, 0.0165686355466282, 0.26666666666666666, 0.6185714285691428, 0.0016710137868781653, 0.31333333333333335, 0.14285714285633141, 0.0024380051589110016, 0.2866666666666667, 0.9199999999996, 0.018835831823678845, 0.24, 0.4742857142853943, 0.005378041121756823, 0.31333333333333335, 0.6528571428555886, 0.0015947749631803757, 0.26666666666666666, 0.587142857142, 0.0051359829886479, 0.3333333333333333, 0.24857142857142858, 0.01826460519761248, 0.2733333333333333, 0.181428571428, 0.0005419131062726566, 0.0, 0.0, 0.0, 0.0, 0.0, 0.0, 0.0, 0.0, 0.0, 0.0, 0.0, 0.0, 0.0, 0.0, 0.0, 0.0, 0.0, 0.0, 0.0, 0.0, 0.0, 0.0, 0.0, 0.0, 0.0, 0.0, 0.0, 0.0, 0.0, 0.0, 0.0, 0.0, 0.0, 0.0, 0.0, 0.0, 0.0, 0.0, 0.0, 0.0, 0.0, 0.0, 0.0, 0.0, 0.0, 0.0, 0.0, 0.0, 0.0, 0.0, 0.0, 0.0, 0.0, 0.0, 0.0, 0.0, 0.0, 0.0, 0.0, 0.0, 0.0, 0.0, 0.0, 0.0, 0.0, 0.0, 0.0, 0.0, 0.0, 0.0, 0.0, 0.0, 0.0, 0.0, 0.0, 0.0, 0.0, 0.0, 0.0, 0.0, 0.0, 0.0, 0.0, 0.0, 0.0, 0.0, 0.0, 0.0, 0.0, 0.0, 0.0, 0.0, 0.0, 0.0, 0.0, 0.0, 0.0, 0.0, 0.0, 0.0, 0.0, 0.0, 0.0, 0.0, 0.0, 0.0, 0.0, 0.0, 0.0, 0.0, 0.0, 0.0, 0.0, 0.0, 0.0, 0.0, 0.0, 0.0, 0.0, 0.0, 0.0, 0.0, 0.0, 0.0, 0.0, 0.0, 0.0, 0.0, 0.0, 0.0, 0.0, 0.0, 0.0, 0.0, 0.0, 0.0, 0.0, 0.0],[0, 0, 0, 0, 0, 0, 0, 0, 0, 0, 0, 0, 0, 0, 0, 0, 0, 0, 0, 0, 0, 0, 0, 0, 0, 0, 0, 0, 0, 0, 0, 0, 0, 0, 0, 0, 0, 0, 0, 0, 0, 0, 0, 0, 0, 0, 0, 0, 0, 0, 0, 0, 0, 0, 0, 0, 0, 0, 0, 0, 0, 0, 0, 0]
[0.0, 0.0, 0.0, 0.0, 1.0, 1.0, 1.0, 0.0, 0.0, 0.0, 0.0, 0.0, 0.0, 0.0, 0.0, 0.0, 0.0, 0.0, 0.0, 0.0, 0.0, 0.0, 0.0, 0.0, 0.0, 0.0, 0.0, 0.0, 0.0, 0.0, 0.0, 0.0, 0.0, 0.0, 0.0, 0.0, 0.0, 0.0, 0.0, 0.0, 0.0, 0.0, 0.0, 0.0, 0.0, 0.0, 0.0, 0.0, 0.0, 0.0, 0.0, 0.0, 0.0, 0.0, 0.0, 0.0, 0.0, 0.0, 0.0, 0.0, 0.0, 0.0, 0.0, 0.0, 0.0, 1.0, 1.0, 1.0, 0.0, 0.0, 0.0, 0.0, 0.0, 0.0, 0.0, 0.0, 0.0, 1.0, 1.0, 1.0, 1.0, 0.0, 0.0, 0.0, 0.0, 0.0, 0.0, 0.0, 0.0, 1.0, 1.0, 1.0, 1.0, 1.0, 1.0, 1.0, 1.0, 1.0, 1.0, 1.0, 1.0, 1.0, 1.0, 1.0, 1.0, 1.0, 1.0, 1.0, 1.0, 1.0, 1.0, 1.0, 1.0, 1.0, 1.0, 1.0, 1.0, 1.0, 0.0, 0.0, 0.0, 1.0, 1.0, 0.0, 0.0, 1.0, 1.0, 1.0, 1.0, 1.0, 1.0, 1.0, 1.0, 0.0, 0.0, 0.0, 0.0, 0.0, 0.0, 0.0, 0.0, 0.0, 0.0, 0.0, 0.0, 0.0, 1.0, 1.0, 1.0, 1.0, 0.03333333333333333, 0.8399999999998928, 0.04851900231293594, 0.28, 0.4042857142854, 0.011788184799581084, 0.2866666666666667, 0.9057142857138172, 0.004299117769788352, 0.2866666666666667, 0.9399999999995485, 0.004461860398297855, 0.24666666666666667, 0.5842857142857114, 0.0052742406773867295, 0.28, 0.99428571428472, 0.0032212707579531243, 0.32666666666666666, 0.14571428571, 0.0003034817893798185, 0.2733333333333333, 0.47428571428561145, 0.042499642035366055, 0.28, 0.26714285714232, 0.0025964553092095925, 0.3333333333333333, 0.28, 0.001285870193510074, 0.22666666666666666, 0.22999999999999715, 0.0165686355466282, 0.26666666666666666, 0.6185714285691428, 0.0016710137868781653, 0.31333333333333335, 0.14285714285633141, 0.0024380051589110016, 0.2866666666666667, 0.9199999999996, 0.018835831823678845, 0.24, 0.4742857142853943, 0.005378041121756823, 0.31333333333333335, 0.6528571428555886, 0.0015947749631803757, 0.26666666666666666, 0.587142857142, 0.0051359829886479, 0.3333333333333333, 0.24857142857142858, 0.01826460519761248, 0.2733333333333333, 0.181428571428, 0.0005419131062726566, 0.0, 0.0, 0.0, 0.0, 0.0, 0.0, 0.0, 0.0, 0.0, 0.0, 0.0, 0.0, 0.0, 0.0, 0.0, 0.0, 0.0, 0.0, 0.0, 0.0, 0.0, 0.0, 0.0, 0.0, 0.0, 0.0, 0.0, 0.0, 0.0, 0.0, 0.0, 0.0, 0.0, 0.0, 0.0, 0.0, 0.0, 0.0, 0.0, 0.0, 0.0, 0.0, 0.0, 0.0, 0.0, 0.0, 0.0, 0.0, 0.0, 0.0, 0.0, 0.0, 0.0, 0.0, 0.0, 0.0, 0.0, 0.0, 0.0, 0.0, 0.0, 0.0, 0.0, 0.0, 0.0, 0.0, 0.0, 0.0, 0.0, 0.0, 0.0, 0.0, 0.0, 0.0, 0.0, 0.0, 0.0, 0.0, 0.0, 0.0, 0.0, 0.0, 0.0, 0.0, 0.0, 0.0, 0.0, 0.0, 0.0, 0.0, 0.0, 0.0, 0.0, 0.0, 0.0, 0.0, 0.0, 0.0, 0.0, 0.0, 0.0, 0.0, 0.0, 0.0, 0.0, 0.0, 0.0, 0.0, 0.0, 0.0, 0.0, 0.0, 0.0, 0.0, 0.0, 0.0, 0.0, 0.0, 0.0, 0.0, 0.0, 0.0, 0.0, 0.0, 0.0, 0.0, 0.0, 0.0, 0.0, 0.0, 0.0, 0.0, 0.0, 0.0, 0.0],[1, 1, 0, 0, 0, 0, 0, 0, 0, 0, 0, 0, 0, 0, 0, 0, 0, 0, 0, 0, 0, 0, 0, 0, 0, 0, 0, 0, 0, 0, 0, 0, 0, 0, 0, 0, 0, 0, 0, 0, 0, 0, 0, 0, 0, 0, 0, 0, 0, 0, 0, 0, 0, 0, 0, 0, 0, 0, 0, 0, 0, 0, 0, 0]
[0.0, 0.0, 0.0, 0.0, 0.0, 0.0, 0.0, 0.0, 0.0, 0.0, 0.0, 0.0, 0.0, 0.0, 0.0, 0.0, 0.0, 0.0, 0.0, 0.0, 0.0, 0.0, 0.0, 0.0, 0.0, 0.0, 0.0, 0.0, 0.0, 0.0, 0.0, 0.0, 0.0, 0.0, 0.0, 0.0, 0.0, 0.0, 0.0, 0.0, 0.0, 0.0, 0.0, 0.0, 0.0, 0.0, 0.0, 0.0, 0.0, 0.0, 0.0, 0.0, 0.0, 0.0, 0.0, 0.0, 0.0, 0.0, 0.0, 0.0, 0.0, 0.0, 0.0, 0.0, 0.0, 0.0, 0.0, 0.0, 0.0, 0.0, 0.0, 0.0, 0.0, 0.0, 0.0, 0.0, 0.0, 0.0, 0.0, 0.0, 0.0, 0.0, 0.0, 0.0, 0.0, 0.0, 0.0, 0.0, 0.0, 0.0, 0.0, 0.0, 0.0, 0.0, 0.0, 0.0, 0.0, 0.0, 0.0, 0.0, 0.0, 0.0, 0.0, 0.0, 0.0, 0.0, 0.0, 0.0, 0.0, 0.0, 0.0, 0.0, 0.0, 0.0, 0.0, 0.0, 0.0, 0.0, 0.0, 0.0, 0.0, 0.0, 0.0, 0.0, 0.0, 0.0, 0.0, 0.0, 0.0, 0.0, 0.0, 1.0, 1.0, 0.0, 0.0, 0.0, 0.0, 0.0, 0.0, 0.0, 0.0, 0.0, 0.0, 0.0, 0.0, 0.0, 1.0, 1.0, 1.0, 1.0, 0.2866666666666667, 0.9057142857138172, 0.004299117769788352, 0.2866666666666667, 0.9399999999995485, 0.004461860398297855, 0.24666666666666667, 0.5842857142857114, 0.0052742406773867295, 0.28, 0.99428571428472, 0.0032212707579531243, 0.32666666666666666, 0.14571428571, 0.0003034817893798185, 0.2733333333333333, 0.47428571428561145, 0.042499642035366055, 0.28, 0.26714285714232, 0.0025964553092095925, 0.3333333333333333, 0.28, 0.001285870193510074, 0.22666666666666666, 0.22999999999999715, 0.0165686355466282, 0.26666666666666666, 0.6185714285691428, 0.0016710137868781653, 0.31333333333333335, 0.14285714285633141, 0.0024380051589110016, 0.2866666666666667, 0.9199999999996, 0.018835831823678845, 0.24, 0.4742857142853943, 0.005378041121756823, 0.31333333333333335, 0.6528571428555886, 0.0015947749631803757, 0.26666666666666666, 0.587142857142, 0.0051359829886479, 0.3333333333333333, 0.24857142857142858, 0.01826460519761248, 0.2733333333333333, 0.181428571428, 0.0005419131062726566, 0.0, 0.0, 0.0, 0.0, 0.0, 0.0, 0.0, 0.0, 0.0, 0.0, 0.0, 0.0, 0.0, 0.0, 0.0, 0.0, 0.0, 0.0, 0.0, 0.0, 0.0, 0.0, 0.0, 0.0, 0.0, 0.0, 0.0, 0.0, 0.0, 0.0, 0.0, 0.0, 0.0, 0.0, 0.0, 0.0, 0.0, 0.0, 0.0, 0.0, 0.0, 0.0, 0.0, 0.0, 0.0, 0.0, 0.0, 0.0, 0.0, 0.0, 0.0, 0.0, 0.0, 0.0, 0.0, 0.0, 0.0, 0.0, 0.0, 0.0, 0.0, 0.0, 0.0, 0.0, 0.0, 0.0, 0.0, 0.0, 0.0, 0.0, 0.0, 0.0, 0.0, 0.0, 0.0, 0.0, 0.0, 0.0, 0.0, 0.0, 0.0, 0.0, 0.0, 0.0, 0.0, 0.0, 0.0, 0.0, 0.0, 0.0, 0.0, 0.0, 0.0, 0.0, 0.0, 0.0, 0.0, 0.0, 0.0, 0.0, 0.0, 0.0, 0.0, 0.0, 0.0, 0.0, 0.0, 0.0, 0.0, 0.0, 0.0, 0.0, 0.0, 0.0, 0.0, 0.0, 0.0, 0.0, 0.0, 0.0, 0.0, 0.0, 0.0, 0.0, 0.0, 0.0, 0.0, 0.0, 0.0, 0.0, 0.0, 0.0, 0.0, 0.0, 0.0, 0.0, 0.0, 0.0, 0.0, 0.0, 0.0],[0, 0, 0, 0, 0, 0, 0, 0, 0, 0, 0, 0, 0, 0, 0, 0, 0, 0, 0, 0, 0, 0, 0, 0, 0, 0, 0, 0, 0, 0, 0, 0, 0, 0, 0, 0, 0, 0, 0, 0, 0, 0, 0, 0, 0, 0, 0, 0, 0, 0, 0, 0, 0, 0, 0, 0, 0, 0, 0, 0, 0, 0, 0, 0]
[0.0, 0.0, 0.0, 0.0, 0.0, 0.0, 0.0, 1.0, 1.0, 1.0, 1.0, 1.0, 1.0, 1.0, 1.0, 1.0, 1.0, 1.0, 1.0, 1.0, 1.0, 1.0, 1.0, 1.0, 1.0, 1.0, 1.0, 1.0, 1.0, 1.0, 1.0, 1.0, 1.0, 1.0, 1.0, 1.0, 0.0, 0.0, 0.0, 0.0, 0.0, 1.0, 1.0, 1.0, 1.0, 0.0, 0.0, 0.0, 0.0, 0.0, 0.0, 0.0, 0.0, 0.0, 0.0, 1.0, 0.0, 0.0, 1.0, 1.0, 1.0, 1.0, 1.0, 1.0, 1.0, 0.0, 0.0, 0.0, 0.0, 0.0, 0.0, 0.0, 0.0, 0.0, 0.0, 0.0, 0.0, 0.0, 0.0, 0.0, 0.0, 0.0, 0.0, 0.0, 0.0, 0.0, 0.0, 0.0, 0.0, 0.0, 0.0, 0.0, 0.0, 0.0, 0.0, 0.0, 0.0, 0.0, 0.0, 0.0, 0.0, 0.0, 0.0, 0.0, 0.0, 0.0, 0.0, 0.0, 0.0, 0.0, 0.0, 0.0, 0.0, 0.0, 0.0, 0.0, 0.0, 0.0, 0.0, 0.0, 0.0, 0.0, 0.0, 0.0, 0.0, 0.0, 0.0, 0.0, 0.0, 0.0, 0.0, 1.0, 1.0, 1.0, 1.0, 1.0, 1.0, 1.0, 1.0, 1.0, 0.0, 1.0, 0.0, 0.0, 0.0, 0.0, 1.0, 1.0, 1.0, 1.0, 0.2866666666666667, 0.9057142857138172, 0.004299117769788352, 0.2866666666666667, 0.9399999999995485, 0.004461860398297855, 0.24666666666666667, 0.5842857142857114, 0.0052742406773867295, 0.28, 0.99428571428472, 0.0032212707579531243, 0.32666666666666666, 0.14571428571, 0.0003034817893798185, 0.2733333333333333, 0.47428571428561145, 0.042499642035366055, 0.28, 0.26714285714232, 0.0025964553092095925, 0.3333333333333333, 0.28, 0.001285870193510074, 0.22666666666666666, 0.22999999999999715, 0.0165686355466282, 0.26666666666666666, 0.6185714285691428, 0.0016710137868781653, 0.31333333333333335, 0.14285714285633141, 0.0024380051589110016, 0.2866666666666667, 0.9199999999996, 0.018835831823678845, 0.24, 0.4742857142853943, 0.005378041121756823, 0.31333333333333335, 0.6528571428555886, 0.0015947749631803757, 0.26666666666666666, 0.587142857142, 0.0051359829886479, 0.3333333333333333, 0.24857142857142858, 0.01826460519761248, 0.2733333333333333, 0.181428571428, 0.0005419131062726566, 0.0, 0.0, 0.0, 0.0, 0.0, 0.0, 0.0, 0.0, 0.0, 0.0, 0.0, 0.0, 0.0, 0.0, 0.0, 0.0, 0.0, 0.0, 0.0, 0.0, 0.0, 0.0, 0.0, 0.0, 0.0, 0.0, 0.0, 0.0, 0.0, 0.0, 0.0, 0.0, 0.0, 0.0, 0.0, 0.0, 0.0, 0.0, 0.0, 0.0, 0.0, 0.0, 0.0, 0.0, 0.0, 0.0, 0.0, 0.0, 0.0, 0.0, 0.0, 0.0, 0.0, 0.0, 0.0, 0.0, 0.0, 0.0, 0.0, 0.0, 0.0, 0.0, 0.0, 0.0, 0.0, 0.0, 0.0, 0.0, 0.0, 0.0, 0.0, 0.0, 0.0, 0.0, 0.0, 0.0, 0.0, 0.0, 0.0, 0.0, 0.0, 0.0, 0.0, 0.0, 0.0, 0.0, 0.0, 0.0, 0.0, 0.0, 0.0, 0.0, 0.0, 0.0, 0.0, 0.0, 0.0, 0.0, 0.0, 0.0, 0.0, 0.0, 0.0, 0.0, 0.0, 0.0, 0.0, 0.0, 0.0, 0.0, 0.0, 0.0, 0.0, 0.0, 0.0, 0.0, 0.0, 0.0, 0.0, 0.0, 0.0, 0.0, 0.0, 0.0, 0.0, 0.0, 0.0, 0.0, 0.0, 0.0, 0.0, 0.0, 0.0, 0.0, 0.0, 0.0, 0.0, 0.0, 0.0, 0.0, 0.0],[1, 0, 0, 0, 0, 0, 0, 0, 0, 0, 0, 0, 0, 0, 0, 0, 0, 0, 0, 0, 0, 0, 0, 0, 0, 0, 0, 0, 0, 0, 0, 0, 0, 0, 0, 0, 0, 0, 0, 0, 0, 0, 0, 0, 0, 0, 0, 0, 0, 0, 0, 0, 0, 0, 0, 0, 0, 0, 0, 0, 0, 0, 0, 0]
[0.0, 0.0, 0.0, 0.0, 0.0, 0.0, 0.0, 0.0, 0.0, 0.0, 0.0, 0.0, 0.0, 0.0, 0.0, 0.0, 0.0, 0.0, 0.0, 0.0, 0.0, 0.0, 0.0, 0.0, 0.0, 0.0, 0.0, 0.0, 0.0, 0.0, 0.0, 0.0, 0.0, 0.0, 0.0, 0.0, 0.0, 0.0, 0.0, 0.0, 0.0, 0.0, 0.0, 0.0, 0.0, 0.0, 0.0, 0.0, 0.0, 0.0, 0.0, 0.0, 0.0, 0.0, 0.0, 0.0, 0.0, 0.0, 0.0, 0.0, 0.0, 0.0, 0.0, 0.0, 0.0, 0.0, 0.0, 0.0, 0.0, 0.0, 0.0, 0.0, 0.0, 0.0, 0.0, 0.0, 0.0, 0.0, 0.0, 0.0, 0.0, 0.0, 0.0, 0.0, 0.0, 0.0, 0.0, 0.0, 0.0, 0.0, 0.0, 0.0, 0.0, 0.0, 0.0, 0.0, 0.0, 0.0, 0.0, 0.0, 0.0, 0.0, 0.0, 0.0, 0.0, 0.0, 0.0, 0.0, 0.0, 0.0, 0.0, 0.0, 0.0, 0.0, 0.0, 0.0, 0.0, 0.0, 0.0, 0.0, 0.0, 0.0, 0.0, 0.0, 0.0, 0.0, 0.0, 0.0, 0.0, 0.0, 0.0, 0.0, 0.0, 1.0, 1.0, 1.0, 1.0, 1.0, 1.0, 1.0, 0.0, 1.0, 0.0, 0.0, 0.0, 0.0, 1.0, 1.0, 1.0, 1.0, 0.2866666666666667, 0.9399999999995485, 0.004461860398297855, 0.24666666666666667, 0.5842857142857114, 0.0052742406773867295, 0.28, 0.99428571428472, 0.0032212707579531243, 0.32666666666666666, 0.14571428571, 0.0003034817893798185, 0.2733333333333333, 0.47428571428561145, 0.042499642035366055, 0.28, 0.26714285714232, 0.0025964553092095925, 0.3333333333333333, 0.28, 0.001285870193510074, 0.22666666666666666, 0.22999999999999715, 0.0165686355466282, 0.26666666666666666, 0.6185714285691428, 0.0016710137868781653, 0.31333333333333335, 0.14285714285633141, 0.0024380051589110016, 0.2866666666666667, 0.9199999999996, 0.018835831823678845, 0.24, 0.4742857142853943, 0.005378041121756823, 0.31333333333333335, 0.6528571428555886, 0.0015947749631803757, 0.26666666666666666, 0.587142857142, 0.0051359829886479, 0.3333333333333333, 0.24857142857142858, 0.01826460519761248, 0.2733333333333333, 0.181428571428, 0.0005419131062726566, 0.0, 0.0, 0.0, 0.0, 0.0, 0.0, 0.0, 0.0, 0.0, 0.0, 0.0, 0.0, 0.0, 0.0, 0.0, 0.0, 0.0, 0.0, 0.0, 0.0, 0.0, 0.0, 0.0, 0.0, 0.0, 0.0, 0.0, 0.0, 0.0, 0.0, 0.0, 0.0, 0.0, 0.0, 0.0, 0.0, 0.0, 0.0, 0.0, 0.0, 0.0, 0.0, 0.0, 0.0, 0.0, 0.0, 0.0, 0.0, 0.0, 0.0, 0.0, 0.0, 0.0, 0.0, 0.0, 0.0, 0.0, 0.0, 0.0, 0.0, 0.0, 0.0, 0.0, 0.0, 0.0, 0.0, 0.0, 0.0, 0.0, 0.0, 0.0, 0.0, 0.0, 0.0, 0.0, 0.0, 0.0, 0.0, 0.0, 0.0, 0.0, 0.0, 0.0, 0.0, 0.0, 0.0, 0.0, 0.0, 0.0, 0.0, 0.0, 0.0, 0.0, 0.0, 0.0, 0.0, 0.0, 0.0, 0.0, 0.0, 0.0, 0.0, 0.0, 0.0, 0.0, 0.0, 0.0, 0.0, 0.0, 0.0, 0.0, 0.0, 0.0, 0.0, 0.0, 0.0, 0.0, 0.0, 0.0, 0.0, 0.0, 0.0, 0.0, 0.0, 0.0, 0.0, 0.0, 0.0, 0.0, 0.0, 0.0, 0.0, 0.0, 0.0, 0.0, 0.0, 0.0, 0.0, 0.0, 0.0, 0.0, 0.0, 0.0, 0.0],[0, 0, 0, 0, 0, 0, 0, 0, 0, 0, 0, 0, 0, 0, 0, 0, 0, 0, 0, 0, 0, 0, 0, 0, 0, 0, 0, 0, 0, 0, 0, 0, 0, 0, 0, 0, 0, 0, 0, 0, 0, 0, 0, 0, 0, 0, 0, 0, 0, 0, 0, 0, 0, 0, 0, 0, 0, 0, 0, 0, 0, 0, 0, 0]
[0.0, 0.0, 0.0, 0.0, 0.0, 0.0, 0.0, 0.0, 0.0, 0.0, 0.0, 0.0, 0.0, 0.0, 0.0, 0.0, 0.0, 0.0, 0.0, 0.0, 0.0, 0.0, 0.0, 0.0, 0.0, 0.0, 0.0, 0.0, 0.0, 0.0, 0.0, 0.0, 0.0, 0.0, 0.0, 0.0, 0.0, 0.0, 0.0, 0.0, 0.0, 0.0, 0.0, 0.0, 0.0, 1.0, 1.0, 1.0, 1.0, 1.0, 1.0, 1.0, 1.0, 1.0, 1.0, 0.0, 1.0, 1.0, 0.0, 0.0, 0.0, 0.0, 0.0, 0.0, 0.0, 0.0, 0.0, 0.0, 0.0, 0.0, 0.0, 0.0, 0.0, 0.0, 0.0, 0.0, 0.0, 0.0, 0.0, 0.0, 0.0, 0.0, 0.0, 0.0, 0.0, 0.0, 0.0, 0.0, 0.0, 0.0, 0.0, 0.0, 0.0, 0.0, 0.0, 0.0, 0.0, 0.0, 0.0, 0.0, 0.0, 0.0, 0.0, 0.0, 0.0, 0.0, 0.0, 0.0, 0.0, 0.0, 0.0, 0.0, 0.0, 0.0, 0.0, 0.0, 0.0, 0.0, 1.0, 1.0, 1.0, 0.0, 0.0, 0.0, 0.0, 0.0, 0.0, 0.0, 0.0, 0.0, 0.0, 0.0, 0.0, 1.0, 1.0, 1.0, 1.0, 1.0, 1.0, 1.0, 0.0, 1.0, 0.0, 0.0, 0.0, 0.0, 1.0, 1.0, 1.0, 1.0, 0.2866666666666667, 0.9399999999995485, 0.004461860398297855, 0.24666666666666667, 0.5842857142857114, 0.0052742406773867295, 0.28, 0.99428571428472, 0.0032212707579531243, 0.32666666666666666, 0.14571428571, 0.0003034817893798185, 0.2733333333333333, 0.47428571428561145, 0.042499642035366055, 0.28, 0.26714285714232, 0.0025964553092095925, 0.3333333333333333, 0.28, 0.001285870193510074, 0.22666666666666666, 0.22999999999999715, 0.0165686355466282, 0.26666666666666666, 0.6185714285691428, 0.0016710137868781653, 0.31333333333333335, 0.14285714285633141, 0.0024380051589110016, 0.2866666666666667, 0.9199999999996, 0.018835831823678845, 0.24, 0.4742857142853943, 0.005378041121756823, 0.31333333333333335, 0.6528571428555886, 0.0015947749631803757, 0.26666666666666666, 0.587142857142, 0.0051359829886479, 0.3333333333333333, 0.24857142857142858, 0.01826460519761248, 0.2733333333333333, 0.181428571428, 0.0005419131062726566, 0.0, 0.0, 0.0, 0.0, 0.0, 0.0, 0.0, 0.0, 0.0, 0.0, 0.0, 0.0, 0.0, 0.0, 0.0, 0.0, 0.0, 0.0, 0.0, 0.0, 0.0, 0.0, 0.0, 0.0, 0.0, 0.0, 0.0, 0.0, 0.0, 0.0, 0.0, 0.0, 0.0, 0.0, 0.0, 0.0, 0.0, 0.0, 0.0, 0.0, 0.0, 0.0, 0.0, 0.0, 0.0, 0.0, 0.0, 0.0, 0.0, 0.0, 0.0, 0.0, 0.0, 0.0, 0.0, 0.0, 0.0, 0.0, 0.0, 0.0, 0.0, 0.0, 0.0, 0.0, 0.0, 0.0, 0.0, 0.0, 0.0, 0.0, 0.0, 0.0, 0.0, 0.0, 0.0, 0.0, 0.0, 0.0, 0.0, 0.0, 0.0, 0.0, 0.0, 0.0, 0.0, 0.0, 0.0, 0.0, 0.0, 0.0, 0.0, 0.0, 0.0, 0.0, 0.0, 0.0, 0.0, 0.0, 0.0, 0.0, 0.0, 0.0, 0.0, 0.0, 0.0, 0.0, 0.0, 0.0, 0.0, 0.0, 0.0, 0.0, 0.0, 0.0, 0.0, 0.0, 0.0, 0.0, 0.0, 0.0, 0.0, 0.0, 0.0, 0.0, 0.0, 0.0, 0.0, 0.0, 0.0, 0.0, 0.0, 0.0, 0.0, 0.0, 0.0, 0.0, 0.0, 0.0, 0.0, 0.0, 0.0, 0.0, 0.0, 0.0],[0, 0, 0, 0, 0, 0, 0, 0, 0, 0, 0, 0, 0, 0, 0, 0, 0, 0, 0, 0, 0, 0, 0, 0, 0, 0, 0, 0, 0, 0, 0, 0, 0, 0, 0, 0, 0, 0, 0, 0, 0, 0, 0, 0, 0, 0, 0, 0, 0, 0, 0, 0, 0, 0, 0, 0, 0, 0, 0, 0, 0, 0, 0, 0]
[0.0, 0.0, 0.0, 0.0, 0.0, 0.0, 0.0, 0.0, 0.0, 0.0, 0.0, 0.0, 0.0, 0.0, 0.0, 0.0, 0.0, 0.0, 0.0, 0.0, 0.0, 0.0, 0.0, 0.0, 0.0, 0.0, 0.0, 0.0, 0.0, 0.0, 0.0, 0.0, 0.0, 0.0, 0.0, 0.0, 0.0, 0.0, 0.0, 0.0, 0.0, 0.0, 0.0, 0.0, 0.0, 1.0, 1.0, 1.0, 1.0, 1.0, 1.0, 1.0, 1.0, 1.0, 1.0, 0.0, 1.0, 1.0, 0.0, 0.0, 0.0, 0.0, 0.0, 0.0, 0.0, 0.0, 0.0, 1.0, 0.0, 0.0, 0.0, 0.0, 0.0, 0.0, 0.0, 0.0, 0.0, 1.0, 1.0, 1.0, 1.0, 0.0, 0.0, 0.0, 0.0, 0.0, 0.0, 0.0, 0.0, 1.0, 1.0, 1.0, 1.0, 1.0, 1.0, 1.0, 1.0, 1.0, 1.0, 1.0, 1.0, 1.0, 1.0, 1.0, 1.0, 1.0, 1.0, 1.0, 1.0, 1.0, 1.0, 1.0, 1.0, 1.0, 1.0, 1.0, 1.0, 1.0, 1.0, 1.0, 1.0, 1.0, 1.0, 0.0, 0.0, 1.0, 1.0, 1.0, 1.0, 1.0, 1.0, 0.0, 0.0, 1.0, 1.0, 1.0, 1.0, 1.0, 1.0, 1.0, 0.0, 1.0, 0.0, 0.0, 0.0, 0.0, 1.0, 1.0, 1.0, 1.0, 0.2866666666666667, 0.9399999999995485, 0.004461860398297855, 0.24666666666666667, 0.5842857142857114, 0.0052742406773867295, 0.28, 0.99428571428472, 0.0032212707579531243, 0.32666666666666666, 0.14571428571, 0.0003034817893798185, 0.2733333333333333, 0.47428571428561145, 0.042499642035366055, 0.28, 0.26714285714232, 0.0025964553092095925, 0.3333333333333333, 0.28, 0.001285870193510074, 0.22666666666666666, 0.22999999999999715, 0.0165686355466282, 0.26666666666666666, 0.6185714285691428, 0.0016710137868781653, 0.31333333333333335, 0.14285714285633141, 0.0024380051589110016, 0.2866666666666667, 0.9199999999996, 0.018835831823678845, 0.24, 0.4742857142853943, 0.005378041121756823, 0.31333333333333335, 0.6528571428555886, 0.0015947749631803757, 0.26666666666666666, 0.587142857142, 0.0051359829886479, 0.3333333333333333, 0.24857142857142858, 0.01826460519761248, 0.2733333333333333, 0.181428571428, 0.0005419131062726566, 0.0, 0.0, 0.0, 0.0, 0.0, 0.0, 0.0, 0.0, 0.0, 0.0, 0.0, 0.0, 0.0, 0.0, 0.0, 0.0, 0.0, 0.0, 0.0, 0.0, 0.0, 0.0, 0.0, 0.0, 0.0, 0.0, 0.0, 0.0, 0.0, 0.0, 0.0, 0.0, 0.0, 0.0, 0.0, 0.0, 0.0, 0.0, 0.0, 0.0, 0.0, 0.0, 0.0, 0.0, 0.0, 0.0, 0.0, 0.0, 0.0, 0.0, 0.0, 0.0, 0.0, 0.0, 0.0, 0.0, 0.0, 0.0, 0.0, 0.0, 0.0, 0.0, 0.0, 0.0, 0.0, 0.0, 0.0, 0.0, 0.0, 0.0, 0.0, 0.0, 0.0, 0.0, 0.0, 0.0, 0.0, 0.0, 0.0, 0.0, 0.0, 0.0, 0.0, 0.0, 0.0, 0.0, 0.0, 0.0, 0.0, 0.0, 0.0, 0.0, 0.0, 0.0, 0.0, 0.0, 0.0, 0.0, 0.0, 0.0, 0.0, 0.0, 0.0, 0.0, 0.0, 0.0, 0.0, 0.0, 0.0, 0.0, 0.0, 0.0, 0.0, 0.0, 0.0, 0.0, 0.0, 0.0, 0.0, 0.0, 0.0, 0.0, 0.0, 0.0, 0.0, 0.0, 0.0, 0.0, 0.0, 0.0, 0.0, 0.0, 0.0, 0.0, 0.0, 0.0, 0.0, 0.0, 0.0, 0.0, 0.0, 0.0, 0.0, 0.0],[1, 0, 0, 0, 0, 0, 0, 0, 0, 0, 0, 0, 0, 0, 0, 0, 0, 0, 0, 0, 0, 0, 0, 0, 0, 0, 0, 0, 0, 0, 0, 0, 0, 0, 0, 0, 0, 0, 0, 0, 0, 0, 0, 0, 0, 0, 0, 0, 0, 0, 0, 0, 0, 0, 0, 0, 0, 0, 0, 0, 0, 0, 0, 0]
[0.0, 0.0, 0.0, 0.0, 0.0, 0.0, 0.0, 0.0, 0.0, 0.0, 0.0, 0.0, 0.0, 0.0, 0.0, 0.0, 0.0, 0.0, 0.0, 0.0, 0.0, 0.0, 0.0, 0.0, 0.0, 0.0, 0.0, 0.0, 0.0, 0.0, 0.0, 0.0, 0.0, 0.0, 0.0, 0.0, 0.0, 0.0, 0.0, 0.0, 0.0, 0.0, 0.0, 0.0, 0.0, 0.0, 0.0, 0.0, 0.0, 0.0, 0.0, 0.0, 0.0, 0.0, 0.0, 0.0, 0.0, 0.0, 0.0, 0.0, 0.0, 0.0, 0.0, 0.0, 0.0, 0.0, 0.0, 0.0, 0.0, 0.0, 0.0, 0.0, 0.0, 0.0, 0.0, 0.0, 0.0, 0.0, 0.0, 0.0, 0.0, 0.0, 0.0, 0.0, 0.0, 0.0, 0.0, 0.0, 0.0, 0.0, 0.0, 0.0, 0.0, 0.0, 0.0, 0.0, 0.0, 0.0, 0.0, 0.0, 0.0, 0.0, 0.0, 0.0, 0.0, 0.0, 0.0, 0.0, 0.0, 0.0, 0.0, 0.0, 0.0, 0.0, 0.0, 1.0, 1.0, 1.0, 1.0, 1.0, 1.0, 1.0, 1.0, 0.0, 0.0, 1.0, 1.0, 1.0, 1.0, 1.0, 1.0, 0.0, 0.0, 1.0, 1.0, 1.0, 1.0, 1.0, 1.0, 1.0, 0.0, 1.0, 0.0, 0.0, 0.0, 0.0, 1.0, 1.0, 1.0, 1.0, 0.24666666666666667, 0.5842857142857114, 0.0052742406773867295, 0.28, 0.99428571428472, 0.0032212707579531243, 0.32666666666666666, 0.14571428571, 0.0003034817893798185, 0.2733333333333333, 0.47428571428561145, 0.042499642035366055, 0.28, 0.26714285714232, 0.0025964553092095925, 0.3333333333333333, 0.28, 0.001285870193510074, 0.22666666666666666, 0.22999999999999715, 0.0165686355466282, 0.26666666666666666, 0.6185714285691428, 0.0016710137868781653, 0.31333333333333335, 0.14285714285633141, 0.0024380051589110016, 0.2866666666666667, 0.9199999999996, 0.018835831823678845, 0.24, 0.4742857142853943, 0.005378041121756823, 0.31333333333333335, 0.6528571428555886, 0.0015947749631803757, 0.26666666666666666, 0.587142857142, 0.0051359829886479, 0.3333333333333333, 0.24857142857142858, 0.01826460519761248, 0.2733333333333333, 0.181428571428, 0.0005419131062726566, 0.0, 0.0, 0.0, 0.0, 0.0, 0.0, 0.0, 0.0, 0.0, 0.0, 0.0, 0.0, 0.0, 0.0, 0.0, 0.0, 0.0, 0.0, 0.0, 0.0, 0.0, 0.0, 0.0, 0.0, 0.0, 0.0, 0.0, 0.0, 0.0, 0.0, 0.0, 0.0, 0.0, 0.0, 0.0, 0.0, 0.0, 0.0, 0.0, 0.0, 0.0, 0.0, 0.0, 0.0, 0.0, 0.0, 0.0, 0.0, 0.0, 0.0, 0.0, 0.0, 0.0, 0.0, 0.0, 0.0, 0.0, 0.0, 0.0, 0.0, 0.0, 0.0, 0.0, 0.0, 0.0, 0.0, 0.0, 0.0, 0.0, 0.0, 0.0, 0.0, 0.0, 0.0, 0.0, 0.0, 0.0, 0.0, 0.0, 0.0, 0.0, 0.0, 0.0, 0.0, 0.0, 0.0, 0.0, 0.0, 0.0, 0.0, 0.0, 0.0, 0.0, 0.0, 0.0, 0.0, 0.0, 0.0, 0.0, 0.0, 0.0, 0.0, 0.0, 0.0, 0.0, 0.0, 0.0, 0.0, 0.0, 0.0, 0.0, 0.0, 0.0, 0.0, 0.0, 0.0, 0.0, 0.0, 0.0, 0.0, 0.0, 0.0, 0.0, 0.0, 0.0, 0.0, 0.0, 0.0, 0.0, 0.0, 0.0, 0.0, 0.0, 0.0, 0.0, 0.0, 0.0, 0.0, 0.0, 0.0, 0.0, 0.0, 0.0, 0.0, 0.0, 0.0, 0.0],[0, 0, 0, 0, 0, 0, 0, 0, 0, 0, 0, 0, 0, 0, 0, 0, 0, 0, 0, 0, 0, 0, 0, 0, 0, 0, 0, 0, 0, 0, 0, 0, 0, 0, 0, 0, 0, 0, 0, 0, 0, 0, 0, 0, 0, 0, 0, 0, 0, 0, 0, 0, 0, 0, 0, 0, 0, 0, 0, 0, 0, 0, 0, 0]
[0.0, 0.0, 0.0, 0.0, 0.0, 0.0, 0.0, 1.0, 1.0, 1.0, 1.0, 1.0, 1.0, 1.0, 1.0, 1.0, 1.0, 1.0, 1.0, 1.0, 1.0, 1.0, 1.0, 1.0, 1.0, 1.0, 1.0, 1.0, 1.0, 1.0, 1.0, 1.0, 1.0, 1.0, 1.0, 1.0, 0.0, 0.0, 0.0, 0.0, 0.0, 1.0, 1.0, 1.0, 1.0, 0.0, 0.0, 0.0, 0.0, 0.0, 0.0, 0.0, 0.0, 0.0, 0.0, 1.0, 0.0, 0.0, 1.0, 1.0, 1.0, 1.0, 1.0, 1.0, 1.0, 0.0, 0.0, 0.0, 0.0, 0.0, 0.0, 0.0, 0.0, 0.0, 0.0, 0.0, 0.0, 0.0, 0.0, 0.0, 0.0, 0.0, 0.0, 0.0, 0.0, 0.0, 0.0, 0.0, 0.0, 0.0, 0.0, 0.0, 0.0, 0.0, 0.0, 0.0, 0.0, 0.0, 0.0, 0.0, 0.0, 0.0, 0.0, 0.0, 0.0, 0.0, 0.0, 0.0, 0.0, 0.0, 0.0, 0.0, 0.0, 0.0, 0.0, 1.0, 1.0, 1.0, 1.0, 1.0, 1.0, 1.0, 1.0, 0.0, 0.0, 1.0, 1.0, 1.0, 1.0, 1.0, 1.0, 1.0, 1.0, 1.0, 1.0, 1.0, 1.0, 1.0, 1.0, 1.0, 0.0, 1.0, 0.0, 0.0, 0.0, 0.0, 1.0, 1.0, 1.0, 1.0, 0.24666666666666667, 0.5842857142857114, 0.0052742406773867295, 0.28, 0.99428571428472, 0.0032212707579531243, 0.32666666666666666, 0.14571428571, 0.0003034817893798185, 0.2733333333333333, 0.47428571428561145, 0.042499642035366055, 0.28, 0.26714285714232, 0.0025964553092095925, 0.3333333333333333, 0.28, 0.001285870193510074, 0.22666666666666666, 0.22999999999999715, 0.0165686355466282, 0.26666666666666666, 0.6185714285691428, 0.0016710137868781653, 0.31333333333333335, 0.14285714285633141, 0.0024380051589110016, 0.2866666666666667, 0.9199999999996, 0.018835831823678845, 0.24, 0.4742857142853943, 0.005378041121756823, 0.31333333333333335, 0.6528571428555886, 0.0015947749631803757, 0.26666666666666666, 0.587142857142, 0.0051359829886479, 0.3333333333333333, 0.24857142857142858, 0.01826460519761248, 0.2733333333333333, 0.181428571428, 0.0005419131062726566, 0.0, 0.0, 0.0, 0.0, 0.0, 0.0, 0.0, 0.0, 0.0, 0.0, 0.0, 0.0, 0.0, 0.0, 0.0, 0.0, 0.0, 0.0, 0.0, 0.0, 0.0, 0.0, 0.0, 0.0, 0.0, 0.0, 0.0, 0.0, 0.0, 0.0, 0.0, 0.0, 0.0, 0.0, 0.0, 0.0, 0.0, 0.0, 0.0, 0.0, 0.0, 0.0, 0.0, 0.0, 0.0, 0.0, 0.0, 0.0, 0.0, 0.0, 0.0, 0.0, 0.0, 0.0, 0.0, 0.0, 0.0, 0.0, 0.0, 0.0, 0.0, 0.0, 0.0, 0.0, 0.0, 0.0, 0.0, 0.0, 0.0, 0.0, 0.0, 0.0, 0.0, 0.0, 0.0, 0.0, 0.0, 0.0, 0.0, 0.0, 0.0, 0.0, 0.0, 0.0, 0.0, 0.0, 0.0, 0.0, 0.0, 0.0, 0.0, 0.0, 0.0, 0.0, 0.0, 0.0, 0.0, 0.0, 0.0, 0.0, 0.0, 0.0, 0.0, 0.0, 0.0, 0.0, 0.0, 0.0, 0.0, 0.0, 0.0, 0.0, 0.0, 0.0, 0.0, 0.0, 0.0, 0.0, 0.0, 0.0, 0.0, 0.0, 0.0, 0.0, 0.0, 0.0, 0.0, 0.0, 0.0, 0.0, 0.0, 0.0, 0.0, 0.0, 0.0, 0.0, 0.0, 0.0, 0.0, 0.0, 0.0, 0.0, 0.0, 0.0, 0.0, 0.0, 0.0],[1, 0, 0, 0, 0, 0, 0, 0, 0, 0, 0, 0, 0, 0, 0, 0, 0, 0, 0, 0, 0, 0, 0, 0, 0, 0, 0, 0, 0, 0, 0, 0, 0, 0, 0, 0, 0, 0, 0, 0, 0, 0, 0, 0, 0, 0, 0, 0, 0, 0, 0, 0, 0, 0, 0, 0, 0, 0, 0, 0, 0, 0, 0, 0]
[0.0, 0.0, 0.0, 0.0, 0.0, 0.0, 0.0, 0.0, 0.0, 0.0, 0.0, 0.0, 0.0, 0.0, 0.0, 0.0, 0.0, 0.0, 0.0, 0.0, 0.0, 0.0, 0.0, 0.0, 0.0, 0.0, 0.0, 0.0, 0.0, 0.0, 0.0, 0.0, 0.0, 0.0, 0.0, 0.0, 0.0, 0.0, 0.0, 0.0, 0.0, 0.0, 0.0, 0.0, 0.0, 0.0, 0.0, 0.0, 0.0, 0.0, 0.0, 0.0, 0.0, 0.0, 0.0, 0.0, 0.0, 0.0, 0.0, 0.0, 0.0, 1.0, 1.0, 1.0, 1.0, 0.0, 0.0, 0.0, 0.0, 0.0, 0.0, 0.0, 0.0, 0.0, 0.0, 0.0, 0.0, 0.0, 0.0, 0.0, 0.0, 0.0, 0.0, 0.0, 0.0, 0.0, 0.0, 0.0, 0.0, 0.0, 0.0, 0.0, 0.0, 0.0, 0.0, 0.0, 0.0, 0.0, 0.0, 0.0, 0.0, 0.0, 0.0, 0.0, 0.0, 0.0, 0.0, 0.0, 0.0, 0.0, 0.0, 0.0, 0.0, 0.0, 0.0, 1.0, 1.0, 1.0, 1.0, 1.0, 1.0, 1.0, 1.0, 0.0, 0.0, 1.0, 1.0, 1.0, 1.0, 1.0, 1.0, 1.0, 1.0, 1.0, 1.0, 1.0, 1.0, 1.0, 1.0, 1.0, 0.0, 1.0, 0.0, 0.0, 0.0, 0.0, 1.0, 1.0, 1.0, 1.0, 0.28, 0.99428571428472, 0.0032212707579531243, 0.32666666666666666, 0.14571428571, 0.0003034817893798185, 0.2733333333333333, 0.47428571428561145, 0.042499642035366055, 0.28, 0.26714285714232, 0.0025964553092095925, 0.3333333333333333, 0.28, 0.001285870193510074, 0.22666666666666666, 0.22999999999999715, 0.0165686355466282, 0.26666666666666666, 0.6185714285691428, 0.0016710137868781653, 0.31333333333333335, 0.14285714285633141, 0.0024380051589110016, 0.2866666666666667, 0.9199999999996, 0.018835831823678845, 0.24, 0.4742857142853943, 0.005378041121756823, 0.31333333333333335, 0.6528571428555886, 0.0015947749631803757, 0.26666666666666666, 0.587142857142, 0.0051359829886479, 0.3333333333333333, 0.24857142857142858, 0.01826460519761248, 0.2733333333333333, 0.181428571428, 0.0005419131062726566, 0.0, 0.0, 0.0, 0.0, 0.0, 0.0, 0.0, 0.0, 0.0, 0.0, 0.0, 0.0, 0.0, 0.0, 0.0, 0.0, 0.0, 0.0, 0.0, 0.0, 0.0, 0.0, 0.0, 0.0, 0.0, 0.0, 0.0, 0.0, 0.0, 0.0, 0.0, 0.0, 0.0, 0.0, 0.0, 0.0, 0.0, 0.0, 0.0, 0.0, 0.0, 0.0, 0.0, 0.0, 0.0, 0.0, 0.0, 0.0, 0.0, 0.0, 0.0, 0.0, 0.0, 0.0, 0.0, 0.0, 0.0, 0.0, 0.0, 0.0, 0.0, 0.0, 0.0, 0.0, 0.0, 0.0, 0.0, 0.0, 0.0, 0.0, 0.0, 0.0, 0.0, 0.0, 0.0, 0.0, 0.0, 0.0, 0.0, 0.0, 0.0, 0.0, 0.0, 0.0, 0.0, 0.0, 0.0, 0.0, 0.0, 0.0, 0.0, 0.0, 0.0, 0.0, 0.0, 0.0, 0.0, 0.0, 0.0, 0.0, 0.0, 0.0, 0.0, 0.0, 0.0, 0.0, 0.0, 0.0, 0.0, 0.0, 0.0, 0.0, 0.0, 0.0, 0.0, 0.0, 0.0, 0.0, 0.0, 0.0, 0.0, 0.0, 0.0, 0.0, 0.0, 0.0, 0.0, 0.0, 0.0, 0.0, 0.0, 0.0, 0.0, 0.0, 0.0, 0.0, 0.0, 0.0, 0.0, 0.0, 0.0, 0.0, 0.0, 0.0, 0.0, 0.0, 0.0, 0.0, 0.0, 0.0],[0, 0, 0, 0, 0, 0, 0, 0, 0, 0, 0, 0, 0, 0, 0, 0, 0, 0, 0, 0, 0, 0, 0, 0, 0, 0, 0, 0, 0, 0, 0, 0, 0, 0, 0, 0, 0, 0, 0, 0, 0, 0, 0, 0, 0, 0, 0, 0, 0, 0, 0, 0, 0, 0, 0, 0, 0, 0, 0, 0, 0, 0, 0, 0]
[0.0, 0.0, 0.0, 0.0, 0.0, 0.0, 0.0, 0.0, 0.0, 0.0, 0.0, 0.0, 0.0, 0.0, 0.0, 0.0, 0.0, 0.0, 0.0, 0.0, 0.0, 0.0, 0.0, 0.0, 0.0, 0.0, 0.0, 0.0, 0.0, 0.0, 0.0, 0.0, 0.0, 0.0, 0.0, 0.0, 0.0, 0.0, 0.0, 0.0, 0.0, 0.0, 0.0, 0.0, 0.0, 1.0, 1.0, 1.0, 1.0, 1.0, 1.0, 1.0, 1.0, 1.0, 1.0, 0.0, 1.0, 1.0, 0.0, 0.0, 0.0, 1.0, 1.0, 1.0, 1.0, 0.0, 0.0, 1.0, 0.0, 0.0, 0.0, 0.0, 0.0, 0.0, 0.0, 0.0, 0.0, 1.0, 1.0, 1.0, 1.0, 0.0, 0.0, 0.0, 0.0, 0.0, 0.0, 0.0, 0.0, 1.0, 1.0, 1.0, 1.0, 1.0, 1.0, 1.0, 1.0, 1.0, 1.0, 1.0, 1.0, 1.0, 1.0, 1.0, 1.0, 1.0, 1.0, 1.0, 1.0, 1.0, 1.0, 1.0, 1.0, 1.0, 1.0, 1.0, 1.0, 1.0, 1.0, 1.0, 1.0, 1.0, 1.0, 0.0, 0.0, 1.0, 1.0, 1.0, 1.0, 1.0, 1.0, 1.0, 1.0, 1.0, 1.0, 1.0, 1.0, 1.0, 1.0, 1.0, 0.0, 1.0, 0.0, 0.0, 0.0, 0.0, 1.0, 1.0, 1.0, 1.0, 0.28, 0.99428571428472, 0.0032212707579531243, 0.32666666666666666, 0.14571428571, 0.0003034817893798185, 0.2733333333333333, 0.47428571428561145, 0.042499642035366055, 0.28, 0.26714285714232, 0.0025964553092095925, 0.3333333333333333, 0.28, 0.001285870193510074, 0.22666666666666666, 0.22999999999999715, 0.0165686355466282, 0.26666666666666666, 0.6185714285691428, 0.0016710137868781653, 0.31333333333333335, 0.14285714285633141, 0.0024380051589110016, 0.2866666666666667, 0.9199999999996, 0.018835831823678845, 0.24, 0.4742857142853943, 0.005378041121756823, 0.31333333333333335, 0.6528571428555886, 0.0015947749631803757, 0.26666666666666666, 0.587142857142, 0.0051359829886479, 0.3333333333333333, 0.24857142857142858, 0.01826460519761248, 0.2733333333333333, 0.181428571428, 0.0005419131062726566, 0.0, 0.0, 0.0, 0.0, 0.0, 0.0, 0.0, 0.0, 0.0, 0.0, 0.0, 0.0, 0.0, 0.0, 0.0, 0.0, 0.0, 0.0, 0.0, 0.0, 0.0, 0.0, 0.0, 0.0, 0.0, 0.0, 0.0, 0.0, 0.0, 0.0, 0.0, 0.0, 0.0, 0.0, 0.0, 0.0, 0.0, 0.0, 0.0, 0.0, 0.0, 0.0, 0.0, 0.0, 0.0, 0.0, 0.0, 0.0, 0.0, 0.0, 0.0, 0.0, 0.0, 0.0, 0.0, 0.0, 0.0, 0.0, 0.0, 0.0, 0.0, 0.0, 0.0, 0.0, 0.0, 0.0, 0.0, 0.0, 0.0, 0.0, 0.0, 0.0, 0.0, 0.0, 0.0, 0.0, 0.0, 0.0, 0.0, 0.0, 0.0, 0.0, 0.0, 0.0, 0.0, 0.0, 0.0, 0.0, 0.0, 0.0, 0.0, 0.0, 0.0, 0.0, 0.0, 0.0, 0.0, 0.0, 0.0, 0.0, 0.0, 0.0, 0.0, 0.0, 0.0, 0.0, 0.0, 0.0, 0.0, 0.0, 0.0, 0.0, 0.0, 0.0, 0.0, 0.0, 0.0, 0.0, 0.0, 0.0, 0.0, 0.0, 0.0, 0.0, 0.0, 0.0, 0.0, 0.0, 0.0, 0.0, 0.0, 0.0, 0.0, 0.0, 0.0, 0.0, 0.0, 0.0, 0.0, 0.0, 0.0, 0.0, 0.0, 0.0, 0.0, 0.0, 0.0, 0.0, 0.0, 0.0],[1, 0, 0, 0, 0, 0, 0, 0, 0, 0, 0, 0, 0, 0, 0, 0, 0, 0, 0, 0, 0, 0, 0, 0, 0, 0, 0, 0, 0, 0, 0, 0, 0, 0, 0, 0, 0, 0, 0, 0, 0, 0, 0, 0, 0, 0, 0, 0, 0, 0, 0, 0, 0, 0, 0, 0, 0, 0, 0, 0, 0, 0, 0, 0]
[0.0, 0.0, 0.0, 0.0, 0.0, 0.0, 0.0, 0.0, 0.0, 0.0, 0.0, 0.0, 0.0, 0.0, 0.0, 0.0, 0.0, 0.0, 0.0, 0.0, 0.0, 0.0, 0.0, 0.0, 0.0, 0.0, 0.0, 0.0, 0.0, 0.0, 0.0, 0.0, 0.0, 0.0, 0.0, 0.0, 0.0, 0.0, 0.0, 0.0, 0.0, 0.0, 0.0, 0.0, 0.0, 0.0, 0.0, 0.0, 0.0, 0.0, 0.0, 0.0, 0.0, 0.0, 0.0, 0.0, 0.0, 0.0, 0.0, 0.0, 0.0, 0.0, 0.0, 0.0, 0.0, 0.0, 0.0, 0.0, 0.0, 0.0, 0.0, 0.0, 0.0, 0.0, 0.0, 0.0, 0.0, 0.0, 0.0, 0.0, 0.0, 0.0, 0.0, 0.0, 0.0, 0.0, 0.0, 0.0, 0.0, 0.0, 0.0, 0.0, 0.0, 0.0, 0.0, 0.0, 0.0, 0.0, 0.0, 0.0, 0.0, 0.0, 0.0, 0.0, 0.0, 0.0, 0.0, 0.0, 0.0, 0.0, 1.0, 1.0, 1.0, 1.0, 1.0, 1.0, 1.0, 1.0, 1.0, 1.0, 1.0, 1.0, 1.0, 0.0, 0.0, 1.0, 1.0, 1.0, 1.0, 1.0, 1.0, 1.0, 1.0, 1.0, 1.0, 1.0, 1.0, 1.0, 1.0, 1.0, 0.0, 1.0, 0.0, 0.0, 0.0, 0.0, 1.0, 1.0, 1.0, 1.0, 0.32666666666666666, 0.14571428571, 0.0003034817893798185, 0.2733333333333333, 0.47428571428561145, 0.042499642035366055, 0.28, 0.26714285714232, 0.0025964553092095925, 0.3333333333333333, 0.28, 0.001285870193510074, 0.22666666666666666, 0.22999999999999715, 0.0165686355466282, 0.26666666666666666, 0.6185714285691428, 0.0016710137868781653, 0.31333333333333335, 0.14285714285633141, 0.0024380051589110016, 0.2866666666666667, 0.9199999999996, 0.018835831823678845, 0.24, 0.4742857142853943, 0.005378041121756823, 0.31333333333333335, 0.6528571428555886, 0.0015947749631803757, 0.26666666666666666, 0.587142857142, 0.0051359829886479, 0.3333333333333333, 0.24857142857142858, 0.01826460519761248, 0.2733333333333333, 0.181428571428, 0.0005419131062726566, 0.0, 0.0, 0.0, 0.0, 0.0, 0.0, 0.0, 0.0, 0.0, 0.0, 0.0, 0.0, 0.0, 0.0, 0.0, 0.0, 0.0, 0.0, 0.0, 0.0, 0.0, 0.0, 0.0, 0.0, 0.0, 0.0, 0.0, 0.0, 0.0, 0.0, 0.0, 0.0, 0.0, 0.0, 0.0, 0.0, 0.0, 0.0, 0.0, 0.0, 0.0, 0.0, 0.0, 0.0, 0.0, 0.0, 0.0, 0.0, 0.0, 0.0, 0.0, 0.0, 0.0, 0.0, 0.0, 0.0, 0.0, 0.0, 0.0, 0.0, 0.0, 0.0, 0.0, 0.0, 0.0, 0.0, 0.0, 0.0, 0.0, 0.0, 0.0, 0.0, 0.0, 0.0, 0.0, 0.0, 0.0, 0.0, 0.0, 0.0, 0.0, 0.0, 0.0, 0.0, 0.0, 0.0, 0.0, 0.0, 0.0, 0.0, 0.0, 0.0, 0.0, 0.0, 0.0, 0.0, 0.0, 0.0, 0.0, 0.0, 0.0, 0.0, 0.0, 0.0, 0.0, 0.0, 0.0, 0.0, 0.0, 0.0, 0.0, 0.0, 0.0, 0.0, 0.0, 0.0, 0.0, 0.0, 0.0, 0.0, 0.0, 0.0, 0.0, 0.0, 0.0, 0.0, 0.0, 0.0, 0.0, 0.0, 0.0, 0.0, 0.0, 0.0, 0.0, 0.0, 0.0, 0.0, 0.0, 0.0, 0.0, 0.0, 0.0, 0.0, 0.0, 0.0, 0.0, 0.0, 0.0, 0.0, 0.0, 0.0, 0.0],[0, 0, 0, 0, 0, 0, 0, 0, 0, 0, 0, 0, 0, 0, 0, 0, 0, 0, 0, 0, 0, 0, 0, 0, 0, 0, 0, 0, 0, 0, 0, 0, 0, 0, 0, 0, 0, 0, 0, 0, 0, 0, 0, 0, 0, 0, 0, 0, 0, 0, 0, 0, 0, 0, 0, 0, 0, 0, 0, 0, 0, 0, 0, 0]
[0.0, 0.0, 0.0, 0.0, 0.0, 0.0, 0.0, 1.0, 1.0, 1.0, 1.0, 1.0, 1.0, 1.0, 1.0, 1.0, 1.0, 1.0, 1.0, 1.0, 1.0, 1.0, 1.0, 1.0, 1.0, 1.0, 1.0, 1.0, 1.0, 1.0, 1.0, 1.0, 1.0, 1.0, 1.0, 1.0, 0.0, 0.0, 0.0, 0.0, 0.0, 1.0, 1.0, 1.0, 1.0, 0.0, 0.0, 0.0, 0.0, 0.0, 0.0, 0.0, 0.0, 0.0, 0.0, 1.0, 0.0, 0.0, 1.0, 1.0, 1.0, 0.0, 0.0, 0.0, 0.0, 0.0, 0.0, 0.0, 0.0, 0.0, 0.0, 0.0, 0.0, 0.0, 0.0, 0.0, 0.0, 0.0, 0.0, 0.0, 0.0, 0.0, 0.0, 0.0, 0.0, 0.0, 0.0, 0.0, 0.0, 0.0, 0.0, 0.0, 0.0, 0.0, 0.0, 0.0, 0.0, 0.0, 0.0, 0.0, 0.0, 0.0, 0.0, 0.0, 0.0, 0.0, 0.0, 0.0, 0.0, 0.0, 1.0, 1.0, 1.0, 1.0, 1.0, 1.0, 1.0, 1.0, 1.0, 1.0, 1.0, 1.0, 1.0, 0.0, 0.0, 1.0, 1.0, 1.0, 1.0, 1.0, 1.0, 1.0, 1.0, 1.0, 1.0, 1.0, 1.0, 1.0, 1.0, 1.0, 0.0, 1.0, 0.0, 0.0, 0.0, 0.0, 1.0, 1.0, 1.0, 1.0, 0.32666666666666666, 0.14571428571, 0.0003034817893798185, 0.2733333333333333, 0.47428571428561145, 0.042499642035366055, 0.28, 0.26714285714232, 0.0025964553092095925, 0.3333333333333333, 0.28, 0.001285870193510074, 0.22666666666666666, 0.22999999999999715, 0.0165686355466282, 0.26666666666666666, 0.6185714285691428, 0.0016710137868781653, 0.31333333333333335, 0.14285714285633141, 0.0024380051589110016, 0.2866666666666667, 0.9199999999996, 0.018835831823678845, 0.24, 0.4742857142853943, 0.005378041121756823, 0.31333333333333335, 0.6528571428555886, 0.0015947749631803757, 0.26666666666666666, 0.587142857142, 0.0051359829886479, 0.3333333333333333, 0.24857142857142858, 0.01826460519761248, 0.2733333333333333, 0.181428571428, 0.0005419131062726566, 0.0, 0.0, 0.0, 0.0, 0.0, 0.0, 0.0, 0.0, 0.0, 0.0, 0.0, 0.0, 0.0, 0.0, 0.0, 0.0, 0.0, 0.0, 0.0, 0.0, 0.0, 0.0, 0.0, 0.0, 0.0, 0.0, 0.0, 0.0, 0.0, 0.0, 0.0, 0.0, 0.0, 0.0, 0.0, 0.0, 0.0, 0.0, 0.0, 0.0, 0.0, 0.0, 0.0, 0.0, 0.0, 0.0, 0.0, 0.0, 0.0, 0.0, 0.0, 0.0, 0.0, 0.0, 0.0, 0.0, 0.0, 0.0, 0.0, 0.0, 0.0, 0.0, 0.0, 0.0, 0.0, 0.0, 0.0, 0.0, 0.0, 0.0, 0.0, 0.0, 0.0, 0.0, 0.0, 0.0, 0.0, 0.0, 0.0, 0.0, 0.0, 0.0, 0.0, 0.0, 0.0, 0.0, 0.0, 0.0, 0.0, 0.0, 0.0, 0.0, 0.0, 0.0, 0.0, 0.0, 0.0, 0.0, 0.0, 0.0, 0.0, 0.0, 0.0, 0.0, 0.0, 0.0, 0.0, 0.0, 0.0, 0.0, 0.0, 0.0, 0.0, 0.0, 0.0, 0.0, 0.0, 0.0, 0.0, 0.0, 0.0, 0.0, 0.0, 0.0, 0.0, 0.0, 0.0, 0.0, 0.0, 0.0, 0.0, 0.0, 0.0, 0.0, 0.0, 0.0, 0.0, 0.0, 0.0, 0.0, 0.0, 0.0, 0.0, 0.0, 0.0, 0.0, 0.0, 0.0, 0.0, 0.0, 0.0, 0.0, 0.0],[1, 0, 0, 0, 0, 0, 0, 0, 0, 0, 0, 0, 0, 0, 0, 0, 0, 0, 0, 0, 0, 0, 0, 0, 0, 0, 0, 0, 0, 0, 0, 0, 0, 0, 0, 0, 0, 0, 0, 0, 0, 0, 0, 0, 0, 0, 0, 0, 0, 0, 0, 0, 0, 0, 0, 0, 0, 0, 0, 0, 0, 0, 0, 0]
[0.0, 0.0, 0.0, 0.0, 0.0, 0.0, 0.0, 0.0, 0.0, 0.0, 0.0, 0.0, 0.0, 0.0, 0.0, 0.0, 0.0, 0.0, 0.0, 0.0, 0.0, 0.0, 0.0, 0.0, 0.0, 0.0, 0.0, 0.0, 0.0, 0.0, 0.0, 0.0, 0.0, 0.0, 0.0, 0.0, 0.0, 0.0, 0.0, 0.0, 0.0, 0.0, 0.0, 0.0, 0.0, 0.0, 0.0, 0.0, 0.0, 0.0, 0.0, 0.0, 0.0, 0.0, 0.0, 0.0, 0.0, 0.0, 0.0, 0.0, 0.0, 0.0, 0.0, 0.0, 0.0, 0.0, 0.0, 0.0, 0.0, 0.0, 0.0, 0.0, 0.0, 0.0, 0.0, 0.0, 0.0, 0.0, 0.0, 0.0, 0.0, 0.0, 0.0, 0.0, 0.0, 0.0, 0.0, 0.0, 0.0, 0.0, 0.0, 0.0, 0.0, 0.0, 0.0, 0.0, 0.0, 0.0, 0.0, 0.0, 0.0, 0.0, 0.0, 0.0, 0.0, 0.0, 0.0, 0.0, 0.0, 0.0, 0.0, 0.0, 0.0, 0.0, 0.0, 0.0, 0.0, 0.0, 0.0, 0.0, 0.0, 0.0, 1.0, 0.0, 0.0, 1.0, 1.0, 1.0, 1.0, 1.0, 1.0, 1.0, 1.0, 1.0, 1.0, 1.0, 1.0, 1.0, 1.0, 1.0, 0.0, 1.0, 0.0, 0.0, 0.0, 0.0, 1.0, 1.0, 1.0, 1.0, 0.2733333333333333, 0.47428571428561145, 0.042499642035366055, 0.28, 0.26714285714232, 0.0025964553092095925, 0.3333333333333333, 0.28, 0.001285870193510074, 0.22666666666666666, 0.22999999999999715, 0.0165686355466282, 0.26666666666666666, 0.6185714285691428, 0.0016710137868781653, 0.31333333333333335, 0.14285714285633141, 0.0024380051589110016, 0.2866666666666667, 0.9199999999996, 0.018835831823678845, 0.24, 0.4742857142853943, 0.005378041121756823, 0.31333333333333335, 0.6528571428555886, 0.0015947749631803757, 0.26666666666666666, 0.587142857142, 0.0051359829886479, 0.3333333333333333, 0.24857142857142858, 0.01826460519761248, 0.2733333333333333, 0.181428571428, 0.0005419131062726566, 0.0, 0.0, 0.0, 0.0, 0.0, 0.0, 0.0, 0.0, 0.0, 0.0, 0.0, 0.0, 0.0, 0.0, 0.0, 0.0, 0.0, 0.0, 0.0, 0.0, 0.0, 0.0, 0.0, 0.0, 0.0, 0.0, 0.0, 0.0, 0.0, 0.0, 0.0, 0.0, 0.0, 0.0, 0.0, 0.0, 0.0, 0.0, 0.0, 0.0, 0.0, 0.0, 0.0, 0.0, 0.0, 0.0, 0.0, 0.0, 0.0, 0.0, 0.0, 0.0, 0.0, 0.0, 0.0, 0.0, 0.0, 0.0, 0.0, 0.0, 0.0, 0.0, 0.0, 0.0, 0.0, 0.0, 0.0, 0.0, 0.0, 0.0, 0.0, 0.0, 0.0, 0.0, 0.0, 0.0, 0.0, 0.0, 0.0, 0.0, 0.0, 0.0, 0.0, 0.0, 0.0, 0.0, 0.0, 0.0, 0.0, 0.0, 0.0, 0.0, 0.0, 0.0, 0.0, 0.0, 0.0, 0.0, 0.0, 0.0, 0.0, 0.0, 0.0, 0.0, 0.0, 0.0, 0.0, 0.0, 0.0, 0.0, 0.0, 0.0, 0.0, 0.0, 0.0, 0.0, 0.0, 0.0, 0.0, 0.0, 0.0, 0.0, 0.0, 0.0, 0.0, 0.0, 0.0, 0.0, 0.0, 0.0, 0.0, 0.0, 0.0, 0.0, 0.0, 0.0, 0.0, 0.0, 0.0, 0.0, 0.0, 0.0, 0.0, 0.0, 0.0, 0.0, 0.0, 0.0, 0.0, 0.0, 0.0, 0.0, 0.0, 0.0, 0.0, 0.0],[0, 0, 0, 0, 0, 0, 0, 0, 0, 0, 0, 0, 0, 0, 0, 0, 0, 0, 0, 0, 0, 0, 0, 0, 0, 0, 0, 0, 0, 0, 0, 0, 0, 0, 0, 0, 0, 0, 0, 0, 0, 0, 0, 0, 0, 0, 0, 0, 0, 0, 0, 0, 0, 0, 0, 0, 0, 0, 0, 0, 0, 0, 0, 0]
[0.0, 0.0, 0.0, 0.0, 0.0, 0.0, 0.0, 1.0, 1.0, 1.0, 1.0, 1.0, 1.0, 1.0, 1.0, 1.0, 1.0, 1.0, 1.0, 1.0, 1.0, 1.0, 1.0, 1.0, 1.0, 1.0, 1.0, 1.0, 1.0, 1.0, 1.0, 1.0, 1.0, 1.0, 1.0, 1.0, 0.0, 0.0, 0.0, 0.0, 0.0, 1.0, 1.0, 1.0, 1.0, 0.0, 0.0, 0.0, 0.0, 0.0, 0.0, 0.0, 0.0, 0.0, 0.0, 1.0, 0.0, 0.0, 1.0, 1.0, 1.0, 0.0, 0.0, 0.0, 0.0, 0.0, 0.0, 0.0, 0.0, 0.0, 0.0, 0.0, 0.0, 0.0, 0.0, 0.0, 0.0, 0.0, 0.0, 0.0, 0.0, 0.0, 0.0, 0.0, 0.0, 0.0, 0.0, 0.0, 0.0, 0.0, 0.0, 0.0, 0.0, 0.0, 0.0, 0.0, 0.0, 0.0, 0.0, 0.0, 0.0, 0.0, 0.0, 0.0, 0.0, 0.0, 0.0, 0.0, 0.0, 0.0, 1.0, 1.0, 1.0, 1.0, 1.0, 1.0, 1.0, 1.0, 1.0, 1.0, 1.0, 1.0, 1.0, 0.0, 0.0, 1.0, 1.0, 1.0, 1.0, 1.0, 1.0, 1.0, 1.0, 1.0, 1.0, 1.0, 1.0, 1.0, 1.0, 1.0, 0.0, 1.0, 0.0, 0.0, 0.0, 0.0, 1.0, 1.0, 1.0, 1.0, 0.2733333333333333, 0.47428571428561145, 0.042499642035366055, 0.28, 0.26714285714232, 0.0025964553092095925, 0.3333333333333333, 0.28, 0.001285870193510074, 0.22666666666666666, 0.22999999999999715, 0.0165686355466282, 0.26666666666666666, 0.6185714285691428, 0.0016710137868781653, 0.31333333333333335, 0.14285714285633141, 0.0024380051589110016, 0.2866666666666667, 0.9199999999996, 0.018835831823678845, 0.24, 0.4742857142853943, 0.005378041121756823, 0.31333333333333335, 0.6528571428555886, 0.0015947749631803757, 0.26666666666666666, 0.587142857142, 0.0051359829886479, 0.3333333333333333, 0.24857142857142858, 0.01826460519761248, 0.2733333333333333, 0.181428571428, 0.0005419131062726566, 0.0, 0.0, 0.0, 0.0, 0.0, 0.0, 0.0, 0.0, 0.0, 0.0, 0.0, 0.0, 0.0, 0.0, 0.0, 0.0, 0.0, 0.0, 0.0, 0.0, 0.0, 0.0, 0.0, 0.0, 0.0, 0.0, 0.0, 0.0, 0.0, 0.0, 0.0, 0.0, 0.0, 0.0, 0.0, 0.0, 0.0, 0.0, 0.0, 0.0, 0.0, 0.0, 0.0, 0.0, 0.0, 0.0, 0.0, 0.0, 0.0, 0.0, 0.0, 0.0, 0.0, 0.0, 0.0, 0.0, 0.0, 0.0, 0.0, 0.0, 0.0, 0.0, 0.0, 0.0, 0.0, 0.0, 0.0, 0.0, 0.0, 0.0, 0.0, 0.0, 0.0, 0.0, 0.0, 0.0, 0.0, 0.0, 0.0, 0.0, 0.0, 0.0, 0.0, 0.0, 0.0, 0.0, 0.0, 0.0, 0.0, 0.0, 0.0, 0.0, 0.0, 0.0, 0.0, 0.0, 0.0, 0.0, 0.0, 0.0, 0.0, 0.0, 0.0, 0.0, 0.0, 0.0, 0.0, 0.0, 0.0, 0.0, 0.0, 0.0, 0.0, 0.0, 0.0, 0.0, 0.0, 0.0, 0.0, 0.0, 0.0, 0.0, 0.0, 0.0, 0.0, 0.0, 0.0, 0.0, 0.0, 0.0, 0.0, 0.0, 0.0, 0.0, 0.0, 0.0, 0.0, 0.0, 0.0, 0.0, 0.0, 0.0, 0.0, 0.0, 0.0, 0.0, 0.0, 0.0, 0.0, 0.0, 0.0, 0.0, 0.0, 0.0, 0.0, 0.0],[1, 0, 0, 0, 0, 0, 0, 0, 0, 0, 0, 0, 0, 0, 0, 0, 0, 0, 0, 0, 0, 0, 0, 0, 0, 0, 0, 0, 0, 0, 0, 0, 0, 0, 0, 0, 0, 0, 0, 0, 0, 0, 0, 0, 0, 0, 0, 0, 0, 0, 0, 0, 0, 0, 0, 0, 0, 0, 0, 0, 0, 0, 0, 0]
[0.0, 0.0, 0.0, 0.0, 0.0, 0.0, 0.0, 0.0, 0.0, 0.0, 0.0, 0.0, 0.0, 0.0, 0.0, 0.0, 0.0, 0.0, 0.0, 0.0, 0.0, 0.0, 0.0, 0.0, 0.0, 0.0, 0.0, 0.0, 0.0, 0.0, 0.0, 0.0, 0.0, 0.0, 0.0, 0.0, 0.0, 0.0, 0.0, 0.0, 0.0, 0.0, 0.0, 0.0, 0.0, 0.0, 0.0, 0.0, 0.0, 0.0, 0.0, 0.0, 0.0, 0.0, 0.0, 0.0, 0.0, 0.0, 0.0, 0.0, 0.0, 0.0, 0.0, 0.0, 0.0, 0.0, 0.0, 0.0, 0.0, 0.0, 0.0, 0.0, 0.0, 0.0, 0.0, 0.0, 0.0, 0.0, 0.0, 0.0, 0.0, 0.0, 0.0, 0.0, 0.0, 0.0, 0.0, 0.0, 0.0, 0.0, 0.0, 0.0, 0.0, 0.0, 0.0, 0.0, 0.0, 0.0, 0.0, 0.0, 0.0, 0.0, 0.0, 0.0, 0.0, 0.0, 0.0, 0.0, 0.0, 0.0, 0.0, 0.0, 0.0, 0.0, 1.0, 1.0, 1.0, 1.0, 1.0, 1.0, 1.0, 1.0, 1.0, 0.0, 0.0, 1.0, 1.0, 1.0, 1.0, 1.0, 1.0, 1.0, 1.0, 1.0, 1.0, 1.0, 1.0, 1.0, 1.0, 1.0, 0.0, 1.0, 0.0, 0.0, 0.0, 0.0, 1.0, 1.0, 1.0, 1.0, 0.28, 0.26714285714232, 0.0025964553092095925, 0.3333333333333333, 0.28, 0.001285870193510074, 0.22666666666666666, 0.22999999999999715, 0.0165686355466282, 0.26666666666666666, 0.6185714285691428, 0.0016710137868781653, 0.31333333333333335, 0.14285714285633141, 0.0024380051589110016, 0.2866666666666667, 0.9199999999996, 0.018835831823678845, 0.24, 0.4742857142853943, 0.005378041121756823, 0.31333333333333335, 0.6528571428555886, 0.0015947749631803757, 0.26666666666666666, 0.587142857142, 0.0051359829886479, 0.3333333333333333, 0.24857142857142858, 0.01826460519761248, 0.2733333333333333, 0.181428571428, 0.0005419131062726566, 0.0, 0.0, 0.0, 0.0, 0.0, 0.0, 0.0, 0.0, 0.0, 0.0, 0.0, 0.0, 0.0, 0.0, 0.0, 0.0, 0.0, 0.0, 0.0, 0.0, 0.0, 0.0, 0.0, 0.0, 0.0, 0.0, 0.0, 0.0, 0.0, 0.0, 0.0, 0.0, 0.0, 0.0, 0.0, 0.0, 0.0, 0.0, 0.0, 0.0, 0.0, 0.0, 0.0, 0.0, 0.0, 0.0, 0.0, 0.0, 0.0, 0.0, 0.0, 0.0, 0.0, 0.0, 0.0, 0.0, 0.0, 0.0, 0.0, 0.0, 0.0, 0.0, 0.0, 0.0, 0.0, 0.0, 0.0, 0.0, 0.0, 0.0, 0.0, 0.0, 0.0, 0.0, 0.0, 0.0, 0.0, 0.0, 0.0, 0.0, 0.0, 0.0, 0.0, 0.0, 0.0, 0.0, 0.0, 0.0, 0.0, 0.0, 0.0, 0.0, 0.0, 0.0, 0.0, 0.0, 0.0, 0.0, 0.0, 0.0, 0.0, 0.0, 0.0, 0.0, 0.0, 0.0, 0.0, 0.0, 0.0, 0.0, 0.0, 0.0, 0.0, 0.0, 0.0, 0.0, 0.0, 0.0, 0.0, 0.0, 0.0, 0.0, 0.0, 0.0, 0.0, 0.0, 0.0, 0.0, 0.0, 0.0, 0.0, 0.0, 0.0, 0.0, 0.0, 0.0, 0.0, 0.0, 0.0, 0.0, 0.0, 0.0, 0.0, 0.0, 0.0, 0.0, 0.0, 0.0, 0.0, 0.0, 0.0, 0.0, 0.0, 0.0, 0.0, 0.0, 0.0, 0.0, 0.0],[0, 0, 0, 0, 0, 0, 0, 0, 0, 0, 0, 0, 0, 0, 0, 0, 0, 0, 0, 0, 0, 0, 0, 0, 0, 0, 0, 0, 0, 0, 0, 0, 0, 0, 0, 0, 0, 0, 0, 0, 0, 0, 0, 0, 0, 0, 0, 0, 0, 0, 0, 0, 0, 0, 0, 0, 0, 0, 0, 0, 0, 0, 0, 0]
[0.0, 0.0, 0.0, 0.0, 0.0, 0.0, 0.0, 0.0, 0.0, 0.0, 0.0, 0.0, 0.0, 0.0, 0.0, 0.0, 0.0, 0.0, 0.0, 0.0, 0.0, 0.0, 0.0, 0.0, 0.0, 0.0, 0.0, 0.0, 0.0, 0.0, 0.0, 0.0, 0.0, 0.0, 0.0, 0.0, 0.0, 0.0, 0.0, 0.0, 0.0, 0.0, 0.0, 0.0, 0.0, 0.0, 0.0, 0.0, 0.0, 0.0, 0.0, 0.0, 0.0, 0.0, 0.0, 0.0, 0.0, 0.0, 0.0, 0.0, 0.0, 0.0, 0.0, 0.0, 0.0, 0.0, 0.0, 0.0, 0.0, 0.0, 0.0, 0.0, 0.0, 0.0, 0.0, 0.0, 0.0, 0.0, 0.0, 0.0, 0.0, 0.0, 0.0, 0.0, 0.0, 0.0, 0.0, 0.0, 0.0, 0.0, 0.0, 0.0, 0.0, 0.0, 0.0, 0.0, 0.0, 0.0, 0.0, 0.0, 0.0, 0.0, 0.0, 0.0, 0.0, 0.0, 0.0, 0.0, 0.0, 0.0, 0.0, 0.0, 0.0, 0.0, 1.0, 1.0, 1.0, 1.0, 1.0, 1.0, 1.0, 1.0, 1.0, 0.0, 0.0, 1.0, 1.0, 1.0, 1.0, 1.0, 1.0, 1.0, 1.0, 1.0, 1.0, 1.0, 1.0, 1.0, 1.0, 1.0, 0.0, 1.0, 1.0, 1.0, 1.0, 0.0, 1.0, 1.0, 1.0, 1.0, 0.28, 0.26714285714232, 0.0025964553092095925, 0.3333333333333333, 0.28, 0.001285870193510074, 0.22666666666666666, 0.22999999999999715, 0.0165686355466282, 0.26666666666666666, 0.6185714285691428, 0.0016710137868781653, 0.31333333333333335, 0.14285714285633141, 0.0024380051589110016, 0.2866666666666667, 0.9199999999996, 0.018835831823678845, 0.24, 0.4742857142853943, 0.005378041121756823, 0.31333333333333335, 0.6528571428555886, 0.0015947749631803757, 0.26666666666666666, 0.587142857142, 0.0051359829886479, 0.3333333333333333, 0.24857142857142858, 0.01826460519761248, 0.2733333333333333, 0.181428571428, 0.0005419131062726566, 0.0, 0.0, 0.0, 0.0, 0.0, 0.0, 0.0, 0.0, 0.0, 0.0, 0.0, 0.0, 0.0, 0.0, 0.0, 0.0, 0.0, 0.0, 0.0, 0.0, 0.0, 0.0, 0.0, 0.0, 0.0, 0.0, 0.0, 0.0, 0.0, 0.0, 0.0, 0.0, 0.0, 0.0, 0.0, 0.0, 0.0, 0.0, 0.0, 0.0, 0.0, 0.0, 0.0, 0.0, 0.0, 0.0, 0.0, 0.0, 0.0, 0.0, 0.0, 0.0, 0.0, 0.0, 0.0, 0.0, 0.0, 0.0, 0.0, 0.0, 0.0, 0.0, 0.0, 0.0, 0.0, 0.0, 0.0, 0.0, 0.0, 0.0, 0.0, 0.0, 0.0, 0.0, 0.0, 0.0, 0.0, 0.0, 0.0, 0.0, 0.0, 0.0, 0.0, 0.0, 0.0, 0.0, 0.0, 0.0, 0.0, 0.0, 0.0, 0.0, 0.0, 0.0, 0.0, 0.0, 0.0, 0.0, 0.0, 0.0, 0.0, 0.0, 0.0, 0.0, 0.0, 0.0, 0.0, 0.0, 0.0, 0.0, 0.0, 0.0, 0.0, 0.0, 0.0, 0.0, 0.0, 0.0, 0.0, 0.0, 0.0, 0.0, 0.0, 0.0, 0.0, 0.0, 0.0, 0.0, 0.0, 0.0, 0.0, 0.0, 0.0, 0.0, 0.0, 0.0, 0.0, 0.0, 0.0, 0.0, 0.0, 0.0, 0.0, 0.0, 0.0, 0.0, 0.0, 0.0, 0.0, 0.0, 0.0, 0.0, 0.0, 0.0, 0.0, 0.0, 0.0, 0.0, 0.0],[0, 0, 0, 0, 0, 0, 0, 0, 0, 0, 0, 0, 0, 0, 0, 0, 0, 0, 0, 0, 0, 0, 0, 0, 0, 0, 0, 0, 0, 0, 0, 0, 0, 0, 0, 0, 0, 0, 0, 0, 0, 0, 0, 0, 0, 0, 0, 0, 0, 0, 0, 0, 0, 0, 0, 0, 0, 0, 0, 0, 0, 0, 0, 0]
[1.0, 1.0, 1.0, 0.0, 0.0, 0.0, 0.0, 0.0, 0.0, 0.0, 0.0, 0.0, 0.0, 0.0, 0.0, 0.0, 0.0, 0.0, 0.0, 0.0, 0.0, 0.0, 0.0, 0.0, 0.0, 0.0, 0.0, 0.0, 0.0, 0.0, 0.0, 0.0, 0.0, 0.0, 0.0, 0.0, 0.0, 0.0, 0.0, 0.0, 0.0, 0.0, 0.0, 0.0, 0.0, 0.0, 0.0, 0.0, 0.0, 0.0, 0.0, 0.0, 0.0, 0.0, 0.0, 0.0, 0.0, 0.0, 0.0, 0.0, 0.0, 0.0, 0.0, 0.0, 0.0, 0.0, 0.0, 0.0, 0.0, 0.0, 0.0, 0.0, 0.0, 0.0, 0.0, 0.0, 0.0, 0.0, 0.0, 0.0, 0.0, 1.0, 0.0, 0.0, 0.0, 0.0, 0.0, 0.0, 0.0, 0.0, 0.0, 0.0, 0.0, 0.0, 0.0, 0.0, 0.0, 0.0, 0.0, 0.0, 0.0, 0.0, 0.0, 0.0, 0.0, 0.0, 0.0, 0.0, 0.0, 0.0, 0.0, 0.0, 0.0, 0.0, 1.0, 1.0, 1.0, 1.0, 1.0, 1.0, 1.0, 1.0, 1.0, 0.0, 0.0, 1.0, 1.0, 1.0, 1.0, 1.0, 1.0, 1.0, 1.0, 1.0, 1.0, 1.0, 1.0, 1.0, 1.0, 1.0, 0.0, 1.0, 1.0, 1.0, 1.0, 0.0, 1.0, 1.0, 1.0, 1.0, 0.28, 0.26714285714232, 0.0025964553092095925, 0.3333333333333333, 0.28, 0.001285870193510074, 0.22666666666666666, 0.22999999999999715, 0.0165686355466282, 0.26666666666666666, 0.6185714285691428, 0.0016710137868781653, 0.31333333333333335, 0.14285714285633141, 0.0024380051589110016, 0.2866666666666667, 0.9199999999996, 0.018835831823678845, 0.24, 0.4742857142853943, 0.005378041121756823, 0.31333333333333335, 0.6528571428555886, 0.0015947749631803757, 0.26666666666666666, 0.587142857142, 0.0051359829886479, 0.3333333333333333, 0.24857142857142858, 0.01826460519761248, 0.2733333333333333, 0.181428571428, 0.0005419131062726566, 0.0, 0.0, 0.0, 0.0, 0.0, 0.0, 0.0, 0.0, 0.0, 0.0, 0.0, 0.0, 0.0, 0.0, 0.0, 0.0, 0.0, 0.0, 0.0, 0.0, 0.0, 0.0, 0.0, 0.0, 0.0, 0.0, 0.0, 0.0, 0.0, 0.0, 0.0, 0.0, 0.0, 0.0, 0.0, 0.0, 0.0, 0.0, 0.0, 0.0, 0.0, 0.0, 0.0, 0.0, 0.0, 0.0, 0.0, 0.0, 0.0, 0.0, 0.0, 0.0, 0.0, 0.0, 0.0, 0.0, 0.0, 0.0, 0.0, 0.0, 0.0, 0.0, 0.0, 0.0, 0.0, 0.0, 0.0, 0.0, 0.0, 0.0, 0.0, 0.0, 0.0, 0.0, 0.0, 0.0, 0.0, 0.0, 0.0, 0.0, 0.0, 0.0, 0.0, 0.0, 0.0, 0.0, 0.0, 0.0, 0.0, 0.0, 0.0, 0.0, 0.0, 0.0, 0.0, 0.0, 0.0, 0.0, 0.0, 0.0, 0.0, 0.0, 0.0, 0.0, 0.0, 0.0, 0.0, 0.0, 0.0, 0.0, 0.0, 0.0, 0.0, 0.0, 0.0, 0.0, 0.0, 0.0, 0.0, 0.0, 0.0, 0.0, 0.0, 0.0, 0.0, 0.0, 0.0, 0.0, 0.0, 0.0, 0.0, 0.0, 0.0, 0.0, 0.0, 0.0, 0.0, 0.0, 0.0, 0.0, 0.0, 0.0, 0.0, 0.0, 0.0, 0.0, 0.0, 0.0, 0.0, 0.0, 0.0, 0.0, 0.0, 0.0, 0.0, 0.0, 0.0, 0.0, 0.0],[0, 0, 1, 0, 0, 0, 0, 0, 0, 0, 0, 0, 0, 0, 0, 0, 0, 0, 0, 0, 0, 0, 0, 0, 0, 0, 0, 0, 0, 0, 0, 0, 0, 0, 0, 0, 0, 0, 0, 0, 0, 0, 0, 0, 0, 0, 0, 0, 0, 0, 0, 0, 0, 0, 0, 0, 0, 0, 0, 0, 0, 0, 0, 0]
[0.0, 0.0, 0.0, 0.0, 0.0, 0.0, 0.0, 0.0, 0.0, 0.0, 0.0, 0.0, 0.0, 0.0, 0.0, 0.0, 0.0, 0.0, 0.0, 0.0, 0.0, 0.0, 0.0, 0.0, 0.0, 0.0, 0.0, 0.0, 0.0, 0.0, 0.0, 0.0, 0.0, 0.0, 0.0, 0.0, 0.0, 0.0, 0.0, 0.0, 0.0, 0.0, 0.0, 0.0, 0.0, 0.0, 0.0, 0.0, 0.0, 0.0, 0.0, 0.0, 0.0, 0.0, 0.0, 0.0, 0.0, 0.0, 0.0, 0.0, 0.0, 0.0, 0.0, 0.0, 0.0, 0.0, 0.0, 0.0, 0.0, 0.0, 0.0, 0.0, 0.0, 0.0, 0.0, 0.0, 0.0, 0.0, 0.0, 0.0, 0.0, 0.0, 0.0, 0.0, 0.0, 0.0, 0.0, 0.0, 0.0, 0.0, 0.0, 0.0, 0.0, 0.0, 0.0, 0.0, 0.0, 0.0, 0.0, 0.0, 0.0, 0.0, 0.0, 0.0, 0.0, 0.0, 0.0, 0.0, 0.0, 0.0, 0.0, 0.0, 0.0, 0.0, 0.0, 0.0, 0.0, 0.0, 0.0, 0.0, 0.0, 0.0, 0.0, 0.0, 0.0, 0.0, 0.0, 0.0, 0.0, 0.0, 0.0, 0.0, 0.0, 0.0, 0.0, 0.0, 0.0, 0.0, 0.0, 0.0, 0.0, 0.0, 0.0, 0.0, 0.0, 0.0, 0.0, 0.0, 1.0, 1.0, 0.28, 0.26714285714232, 0.0025964553092095925, 0.3333333333333333, 0.28, 0.001285870193510074, 0.26666666666666666, 0.6185714285691428, 0.0016710137868781653, 0.31333333333333335, 0.14285714285633141, 0.0024380051589110016, 0.2866666666666667, 0.9199999999996, 0.018835831823678845, 0.24, 0.4742857142853943, 0.005378041121756823, 0.31333333333333335, 0.6528571428555886, 0.0015947749631803757, 0.26666666666666666, 0.587142857142, 0.0051359829886479, 0.3333333333333333, 0.24857142857142858, 0.01826460519761248, 0.2733333333333333, 0.181428571428, 0.0005419131062726566, 0.0, 0.0, 0.0, 0.0, 0.0, 0.0, 0.0, 0.0, 0.0, 0.0, 0.0, 0.0, 0.0, 0.0, 0.0, 0.0, 0.0, 0.0, 0.0, 0.0, 0.0, 0.0, 0.0, 0.0, 0.0, 0.0, 0.0, 0.0, 0.0, 0.0, 0.0, 0.0, 0.0, 0.0, 0.0, 0.0, 0.0, 0.0, 0.0, 0.0, 0.0, 0.0, 0.0, 0.0, 0.0, 0.0, 0.0, 0.0, 0.0, 0.0, 0.0, 0.0, 0.0, 0.0, 0.0, 0.0, 0.0, 0.0, 0.0, 0.0, 0.0, 0.0, 0.0, 0.0, 0.0, 0.0, 0.0, 0.0, 0.0, 0.0, 0.0, 0.0, 0.0, 0.0, 0.0, 0.0, 0.0, 0.0, 0.0, 0.0, 0.0, 0.0, 0.0, 0.0, 0.0, 0.0, 0.0, 0.0, 0.0, 0.0, 0.0, 0.0, 0.0, 0.0, 0.0, 0.0, 0.0, 0.0, 0.0, 0.0, 0.0, 0.0, 0.0, 0.0, 0.0, 0.0, 0.0, 0.0, 0.0, 0.0, 0.0, 0.0, 0.0, 0.0, 0.0, 0.0, 0.0, 0.0, 0.0, 0.0, 0.0, 0.0, 0.0, 0.0, 0.0, 0.0, 0.0, 0.0, 0.0, 0.0, 0.0, 0.0, 0.0, 0.0, 0.0, 0.0, 0.0, 0.0, 0.0, 0.0, 0.0, 0.0, 0.0, 0.0, 0.0, 0.0, 0.0, 0.0, 0.0, 0.0, 0.0, 0.0, 0.0, 0.0, 0.0, 0.0, 0.0, 0.0, 0.0, 0.0, 0.0, 0.0],[0, 0, 0, 0, 0, 0, 0, 0, 0, 0, 0, 0, 0, 0, 0, 0, 0, 0, 0, 0, 0, 0, 0, 0, 0, 0, 0, 0, 0, 0, 0, 0, 0, 0, 0, 0, 0, 0, 0, 0, 0, 0, 0, 0, 0, 0, 0, 0, 0, 0, 0, 0, 0, 0, 0, 0, 0, 0, 0, 0, 0, 0, 0, 0]
[0.0, 0.0, 0.0, 0.0, 0.0, 0.0, 0.0, 0.0, 0.0, 0.0, 0.0, 0.0, 0.0, 0.0, 0.0, 0.0, 0.0, 0.0, 0.0, 0.0, 0.0, 0.0, 0.0, 0.0, 0.0, 0.0, 0.0, 0.0, 0.0, 0.0, 0.0, 0.0, 0.0, 0.0, 0.0, 0.0, 0.0, 0.0, 0.0, 0.0, 0.0, 0.0, 0.0, 0.0, 0.0, 1.0, 1.0, 1.0, 1.0, 1.0, 1.0, 1.0, 1.0, 1.0, 1.0, 0.0, 1.0, 1.0, 0.0, 0.0, 0.0, 1.0, 1.0, 1.0, 1.0, 0.0, 0.0, 1.0, 0.0, 0.0, 0.0, 0.0, 0.0, 0.0, 0.0, 0.0, 0.0, 1.0, 1.0, 1.0, 1.0, 0.0, 0.0, 0.0, 0.0, 0.0, 0.0, 0.0, 0.0, 1.0, 1.0, 1.0, 1.0, 1.0, 1.0, 1.0, 1.0, 1.0, 1.0, 1.0, 1.0, 1.0, 1.0, 1.0, 1.0, 1.0, 1.0, 1.0, 1.0, 1.0, 0.0, 0.0, 0.0, 0.0, 0.0, 0.0, 0.0, 0.0, 0.0, 0.0, 0.0, 0.0, 0.0, 0.0, 0.0, 0.0, 0.0, 0.0, 0.0, 0.0, 0.0, 0.0, 0.0, 0.0, 0.0, 0.0, 0.0, 0.0, 0.0, 0.0, 0.0, 0.0, 0.0, 0.0, 0.0, 0.0, 0.0, 0.0, 1.0, 1.0, 0.28, 0.26714285714232, 0.0025964553092095925, 0.3333333333333333, 0.28, 0.001285870193510074, 0.26666666666666666, 0.6185714285691428, 0.0016710137868781653, 0.31333333333333335, 0.14285714285633141, 0.0024380051589110016, 0.2866666666666667, 0.9199999999996, 0.018835831823678845, 0.24, 0.4742857142853943, 0.005378041121756823, 0.31333333333333335, 0.6528571428555886, 0.0015947749631803757, 0.26666666666666666, 0.587142857142, 0.0051359829886479, 0.3333333333333333, 0.24857142857142858, 0.01826460519761248, 0.2733333333333333, 0.181428571428, 0.0005419131062726566, 0.0, 0.0, 0.0, 0.0, 0.0, 0.0, 0.0, 0.0, 0.0, 0.0, 0.0, 0.0, 0.0, 0.0, 0.0, 0.0, 0.0, 0.0, 0.0, 0.0, 0.0, 0.0, 0.0, 0.0, 0.0, 0.0, 0.0, 0.0, 0.0, 0.0, 0.0, 0.0, 0.0, 0.0, 0.0, 0.0, 0.0, 0.0, 0.0, 0.0, 0.0, 0.0, 0.0, 0.0, 0.0, 0.0, 0.0, 0.0, 0.0, 0.0, 0.0, 0.0, 0.0, 0.0, 0.0, 0.0, 0.0, 0.0, 0.0, 0.0, 0.0, 0.0, 0.0, 0.0, 0.0, 0.0, 0.0, 0.0, 0.0, 0.0, 0.0, 0.0, 0.0, 0.0, 0.0, 0.0, 0.0, 0.0, 0.0, 0.0, 0.0, 0.0, 0.0, 0.0, 0.0, 0.0, 0.0, 0.0, 0.0, 0.0, 0.0, 0.0, 0.0, 0.0, 0.0, 0.0, 0.0, 0.0, 0.0, 0.0, 0.0, 0.0, 0.0, 0.0, 0.0, 0.0, 0.0, 0.0, 0.0, 0.0, 0.0, 0.0, 0.0, 0.0, 0.0, 0.0, 0.0, 0.0, 0.0, 0.0, 0.0, 0.0, 0.0, 0.0, 0.0, 0.0, 0.0, 0.0, 0.0, 0.0, 0.0, 0.0, 0.0, 0.0, 0.0, 0.0, 0.0, 0.0, 0.0, 0.0, 0.0, 0.0, 0.0, 0.0, 0.0, 0.0, 0.0, 0.0, 0.0, 0.0, 0.0, 0.0, 0.0, 0.0, 0.0, 0.0, 0.0, 0.0, 0.0, 0.0, 0.0, 0.0],[1, 0, 0, 0, 0, 0, 0, 0, 0, 0, 0, 0, 0, 0, 0, 0, 0, 0, 0, 0, 0, 0, 0, 0, 0, 0, 0, 0, 0, 0, 0, 0, 0, 0, 0, 0, 0, 0, 0, 0, 0, 0, 0, 0, 0, 0, 0, 0, 0, 0, 0, 0, 0, 0, 0, 0, 0, 0, 0, 0, 0, 0, 0, 0]
[0.0, 0.0, 0.0, 0.0, 0.0, 0.0, 0.0, 0.0, 0.0, 0.0, 0.0, 0.0, 0.0, 0.0, 0.0, 0.0, 0.0, 0.0, 0.0, 0.0, 0.0, 0.0, 0.0, 0.0, 0.0, 0.0, 0.0, 0.0, 0.0, 0.0, 0.0, 0.0, 0.0, 0.0, 0.0, 0.0, 0.0, 0.0, 0.0, 0.0, 0.0, 0.0, 0.0, 0.0, 0.0, 0.0, 0.0, 0.0, 0.0, 0.0, 0.0, 0.0, 0.0, 0.0, 0.0, 0.0, 0.0, 0.0, 0.0, 0.0, 0.0, 0.0, 0.0, 0.0, 0.0, 0.0, 0.0, 0.0, 0.0, 0.0, 0.0, 0.0, 0.0, 0.0, 0.0, 0.0, 0.0, 0.0, 0.0, 0.0, 0.0, 0.0, 0.0, 0.0, 0.0, 0.0, 0.0, 0.0, 0.0, 0.0, 0.0, 0.0, 0.0, 0.0, 0.0, 0.0, 0.0, 0.0, 0.0, 0.0, 0.0, 0.0, 0.0, 0.0, 0.0, 0.0, 0.0, 0.0, 0.0, 0.0, 0.0, 0.0, 0.0, 0.0, 0.0, 0.0, 0.0, 0.0, 0.0, 0.0, 0.0, 0.0, 0.0, 0.0, 0.0, 0.0, 0.0, 0.0, 0.0, 0.0, 0.0, 0.0, 0.0, 0.0, 0.0, 0.0, 0.0, 0.0, 0.0, 0.0, 0.0, 0.0, 0.0, 0.0, 0.0, 0.0, 0.0, 0.0, 1.0, 1.0, 0.3333333333333333, 0.28, 0.001285870193510074, 0.26666666666666666, 0.6185714285691428, 0.0016710137868781653, 0.31333333333333335, 0.14285714285633141, 0.0024380051589110016, 0.2866666666666667, 0.9199999999996, 0.018835831823678845, 0.24, 0.4742857142853943, 0.005378041121756823, 0.31333333333333335, 0.6528571428555886, 0.0015947749631803757, 0.26666666666666666, 0.587142857142, 0.0051359829886479, 0.3333333333333333, 0.24857142857142858, 0.01826460519761248, 0.2733333333333333, 0.181428571428, 0.0005419131062726566, 0.0, 0.0, 0.0, 0.0, 0.0, 0.0, 0.0, 0.0, 0.0, 0.0, 0.0, 0.0, 0.0, 0.0, 0.0, 0.0, 0.0, 0.0, 0.0, 0.0, 0.0, 0.0, 0.0, 0.0, 0.0, 0.0, 0.0, 0.0, 0.0, 0.0, 0.0, 0.0, 0.0, 0.0, 0.0, 0.0, 0.0, 0.0, 0.0, 0.0, 0.0, 0.0, 0.0, 0.0, 0.0, 0.0, 0.0, 0.0, 0.0, 0.0, 0.0, 0.0, 0.0, 0.0, 0.0, 0.0, 0.0, 0.0, 0.0, 0.0, 0.0, 0.0, 0.0, 0.0, 0.0, 0.0, 0.0, 0.0, 0.0, 0.0, 0.0, 0.0, 0.0, 0.0, 0.0, 0.0, 0.0, 0.0, 0.0, 0.0, 0.0, 0.0, 0.0, 0.0, 0.0, 0.0, 0.0, 0.0, 0.0, 0.0, 0.0, 0.0, 0.0, 0.0, 0.0, 0.0, 0.0, 0.0, 0.0, 0.0, 0.0, 0.0, 0.0, 0.0, 0.0, 0.0, 0.0, 0.0, 0.0, 0.0, 0.0, 0.0, 0.0, 0.0, 0.0, 0.0, 0.0, 0.0, 0.0, 0.0, 0.0, 0.0, 0.0, 0.0, 0.0, 0.0, 0.0, 0.0, 0.0, 0.0, 0.0, 0.0, 0.0, 0.0, 0.0, 0.0, 0.0, 0.0, 0.0, 0.0, 0.0, 0.0, 0.0, 0.0, 0.0, 0.0, 0.0, 0.0, 0.0, 0.0, 0.0, 0.0, 0.0, 0.0, 0.0, 0.0, 0.0, 0.0, 0.0, 0.0, 0.0, 0.0, 0.0, 0.0, 0.0],[0, 0, 0, 0, 0, 0, 0, 0, 0, 0, 0, 0, 0, 0, 0, 0, 0, 0, 0, 0, 0, 0, 0, 0, 0, 0, 0, 0, 0, 0, 0, 0, 0, 0, 0, 0, 0, 0, 0, 0, 0, 0, 0, 0, 0, 0, 0, 0, 0, 0, 0, 0, 0, 0, 0, 0, 0, 0, 0, 0, 0, 0, 0, 0]
[0.0, 0.0, 0.0, 0.0, 0.0, 0.0, 0.0, 0.0, 0.0, 0.0, 0.0, 0.0, 0.0, 0.0, 0.0, 0.0, 0.0, 0.0, 0.0, 0.0, 0.0, 0.0, 0.0, 0.0, 0.0, 0.0, 0.0, 0.0, 0.0, 0.0, 0.0, 0.0, 0.0, 0.0, 0.0, 0.0, 0.0, 0.0, 0.0, 0.0, 0.0, 0.0, 0.0, 0.0, 0.0, 1.0, 1.0, 1.0, 1.0, 1.0, 1.0, 1.0, 1.0, 1.0, 1.0, 0.0, 1.0, 1.0, 0.0, 0.0, 0.0, 1.0, 1.0, 1.0, 1.0, 0.0, 0.0, 1.0, 0.0, 0.0, 0.0, 0.0, 0.0, 0.0, 0.0, 0.0, 0.0, 1.0, 1.0, 1.0, 1.0, 0.0, 0.0, 0.0, 0.0, 0.0, 0.0, 0.0, 0.0, 1.0, 1.0, 1.0, 1.0, 1.0, 1.0, 1.0, 1.0, 1.0, 1.0, 1.0, 1.0, 1.0, 1.0, 1.0, 1.0, 1.0, 1.0, 1.0, 1.0, 1.0, 0.0, 0.0, 0.0, 0.0, 0.0, 0.0, 0.0, 0.0, 0.0, 0.0, 0.0, 0.0, 0.0, 0.0, 0.0, 0.0, 0.0, 0.0, 0.0, 0.0, 0.0, 0.0, 0.0, 0.0, 0.0, 0.0, 0.0, 0.0, 0.0, 0.0, 0.0, 0.0, 0.0, 0.0, 0.0, 0.0, 0.0, 0.0, 1.0, 1.0, 0.3333333333333333, 0.28, 0.001285870193510074, 0.26666666666666666, 0.6185714285691428, 0.0016710137868781653, 0.31333333333333335, 0.14285714285633141, 0.0024380051589110016, 0.2866666666666667, 0.9199999999996, 0.018835831823678845, 0.24, 0.4742857142853943, 0.005378041121756823, 0.31333333333333335, 0.6528571428555886, 0.0015947749631803757, 0.26666666666666666, 0.587142857142, 0.0051359829886479, 0.3333333333333333, 0.24857142857142858, 0.01826460519761248, 0.2733333333333333, 0.181428571428, 0.0005419131062726566, 0.0, 0.0, 0.0, 0.0, 0.0, 0.0, 0.0, 0.0, 0.0, 0.0, 0.0, 0.0, 0.0, 0.0, 0.0, 0.0, 0.0, 0.0, 0.0, 0.0, 0.0, 0.0, 0.0, 0.0, 0.0, 0.0, 0.0, 0.0, 0.0, 0.0, 0.0, 0.0, 0.0, 0.0, 0.0, 0.0, 0.0, 0.0, 0.0, 0.0, 0.0, 0.0, 0.0, 0.0, 0.0, 0.0, 0.0, 0.0, 0.0, 0.0, 0.0, 0.0, 0.0, 0.0, 0.0, 0.0, 0.0, 0.0, 0.0, 0.0, 0.0, 0.0, 0.0, 0.0, 0.0, 0.0, 0.0, 0.0, 0.0, 0.0, 0.0, 0.0, 0.0, 0.0, 0.0, 0.0, 0.0, 0.0, 0.0, 0.0, 0.0, 0.0, 0.0, 0.0, 0.0, 0.0, 0.0, 0.0, 0.0, 0.0, 0.0, 0.0, 0.0, 0.0, 0.0, 0.0, 0.0, 0.0, 0.0, 0.0, 0.0, 0.0, 0.0, 0.0, 0.0, 0.0, 0.0, 0.0, 0.0, 0.0, 0.0, 0.0, 0.0, 0.0, 0.0, 0.0, 0.0, 0.0, 0.0, 0.0, 0.0, 0.0, 0.0, 0.0, 0.0, 0.0, 0.0, 0.0, 0.0, 0.0, 0.0, 0.0, 0.0, 0.0, 0.0, 0.0, 0.0, 0.0, 0.0, 0.0, 0.0, 0.0, 0.0, 0.0, 0.0, 0.0, 0.0, 0.0, 0.0, 0.0, 0.0, 0.0, 0.0, 0.0, 0.0, 0.0, 0.0, 0.0, 0.0, 0.0, 0.0, 0.0, 0.0, 0.0, 0.0],[0, 1, 0, 0, 0, 0, 0, 0, 0, 0, 0, 0, 0, 0, 0, 0, 0, 0, 0, 0, 0, 0, 0, 0, 0, 0, 0, 0, 0, 0, 0, 0, 0, 0, 0, 0, 0, 0, 0, 0, 0, 0, 0, 0, 0, 0, 0, 0, 0, 0, 0, 0, 0, 0, 0, 0, 0, 0, 0, 0, 0, 0, 0, 0]
[0.0, 0.0, 0.0, 0.0, 0.0, 0.0, 0.0, 0.0, 0.0, 0.0, 0.0, 0.0, 0.0, 0.0, 0.0, 0.0, 0.0, 0.0, 0.0, 0.0, 0.0, 0.0, 0.0, 0.0, 0.0, 0.0, 0.0, 0.0, 0.0, 0.0, 0.0, 0.0, 0.0, 0.0, 0.0, 0.0, 0.0, 0.0, 0.0, 0.0, 0.0, 0.0, 0.0, 0.0, 0.0, 0.0, 0.0, 0.0, 0.0, 0.0, 0.0, 0.0, 0.0, 0.0, 0.0, 0.0, 0.0, 0.0, 0.0, 0.0, 0.0, 0.0, 0.0, 0.0, 0.0, 0.0, 0.0, 0.0, 0.0, 0.0, 0.0, 0.0, 0.0, 0.0, 0.0, 0.0, 0.0, 0.0, 0.0, 0.0, 0.0, 0.0, 0.0, 0.0, 0.0, 0.0, 0.0, 0.0, 0.0, 0.0, 0.0, 0.0, 0.0, 0.0, 0.0, 0.0, 0.0, 0.0, 0.0, 0.0, 0.0, 0.0, 0.0, 0.0, 0.0, 0.0, 0.0, 0.0, 1.0, 1.0, 0.0, 0.0, 0.0, 0.0, 0.0, 0.0, 0.0, 0.0, 0.0, 0.0, 0.0, 0.0, 0.0, 0.0, 0.0, 0.0, 0.0, 0.0, 0.0, 0.0, 0.0, 0.0, 0.0, 0.0, 0.0, 0.0, 0.0, 0.0, 0.0, 0.0, 0.0, 0.0, 0.0, 0.0, 0.0, 0.0, 0.0, 0.0, 1.0, 1.0, 0.3333333333333333, 0.28, 0.001285870193510074, 0.31333333333333335, 0.14285714285633141, 0.0024380051589110016, 0.2866666666666667, 0.9199999999996, 0.018835831823678845, 0.24, 0.4742857142853943, 0.005378041121756823, 0.31333333333333335, 0.6528571428555886, 0.0015947749631803757, 0.26666666666666666, 0.587142857142, 0.0051359829886479, 0.3333333333333333, 0.24857142857142858, 0.01826460519761248, 0.2733333333333333, 0.181428571428, 0.0005419131062726566, 0.0, 0.0, 0.0, 0.0, 0.0, 0.0, 0.0, 0.0, 0.0, 0.0, 0.0, 0.0, 0.0, 0.0, 0.0, 0.0, 0.0, 0.0, 0.0, 0.0, 0.0, 0.0, 0.0, 0.0, 0.0, 0.0, 0.0, 0.0, 0.0, 0.0, 0.0, 0.0, 0.0, 0.0, 0.0, 0.0, 0.0, 0.0, 0.0, 0.0, 0.0, 0.0, 0.0, 0.0, 0.0, 0.0, 0.0, 0.0, 0.0, 0.0, 0.0, 0.0, 0.0, 0.0, 0.0, 0.0, 0.0, 0.0, 0.0, 0.0, 0.0, 0.0, 0.0, 0.0, 0.0, 0.0, 0.0, 0.0, 0.0, 0.0, 0.0, 0.0, 0.0, 0.0, 0.0, 0.0, 0.0, 0.0, 0.0, 0.0, 0.0, 0.0, 0.0, 0.0, 0.0, 0.0, 0.0, 0.0, 0.0, 0.0, 0.0, 0.0, 0.0, 0.0, 0.0, 0.0, 0.0, 0.0, 0.0, 0.0, 0.0, 0.0, 0.0, 0.0, 0.0, 0.0, 0.0, 0.0, 0.0, 0.0, 0.0, 0.0, 0.0, 0.0, 0.0, 0.0, 0.0, 0.0, 0.0, 0.0, 0.0, 0.0, 0.0, 0.0, 0.0, 0.0, 0.0, 0.0, 0.0, 0.0, 0.0, 0.0, 0.0, 0.0, 0.0, 0.0, 0.0, 0.0, 0.0, 0.0, 0.0, 0.0, 0.0, 0.0, 0.0, 0.0, 0.0, 0.0, 0.0, 0.0, 0.0, 0.0, 0.0, 0.0, 0.0, 0.0, 0.0, 0.0, 0.0, 0.0, 0.0, 0.0, 0.0, 0.0, 0.0, 0.0, 0.0, 0.0],[0, 0, 0, 0, 0, 0, 0, 0, 0, 0, 0, 0, 0, 0, 0, 0, 0, 0, 0, 0, 0, 0, 0, 0, 0, 0, 0, 0, 0, 0, 0, 0, 0, 0, 0, 0, 0, 0, 0, 0, 0, 0, 0, 0, 0, 0, 0, 0, 0, 0, 0, 0, 0, 0, 0, 0, 0, 0, 0, 0, 0, 0, 0, 0]
[0.0, 0.0, 0.0, 0.0, 0.0, 0.0, 0.0, 0.0, 0.0, 0.0, 0.0, 0.0, 0.0, 0.0, 0.0, 0.0, 0.0, 0.0, 0.0, 0.0, 0.0, 0.0, 0.0, 0.0, 0.0, 0.0, 0.0, 0.0, 0.0, 0.0, 0.0, 0.0, 0.0, 0.0, 0.0, 0.0, 0.0, 0.0, 0.0, 0.0, 0.0, 0.0, 0.0, 0.0, 0.0, 0.0, 0.0, 0.0, 0.0, 0.0, 0.0, 0.0, 0.0, 0.0, 0.0, 0.0, 0.0, 0.0, 0.0, 0.0, 0.0, 0.0, 0.0, 0.0, 0.0, 0.0, 0.0, 0.0, 1.0, 1.0, 1.0, 1.0, 1.0, 1.0, 1.0, 1.0, 1.0, 0.0, 0.0, 0.0, 0.0, 0.0, 1.0, 1.0, 1.0, 1.0, 1.0, 1.0, 1.0, 0.0, 0.0, 0.0, 0.0, 0.0, 0.0, 0.0, 0.0, 0.0, 0.0, 0.0, 0.0, 0.0, 0.0, 0.0, 0.0, 0.0, 0.0, 0.0, 1.0, 1.0, 0.0, 0.0, 0.0, 0.0, 0.0, 0.0, 0.0, 0.0, 0.0, 0.0, 0.0, 0.0, 0.0, 0.0, 0.0, 0.0, 0.0, 0.0, 0.0, 0.0, 0.0, 0.0, 0.0, 0.0, 0.0, 0.0, 0.0, 0.0, 0.0, 0.0, 0.0, 0.0, 0.0, 0.0, 0.0, 0.0, 0.0, 0.0, 1.0, 1.0, 0.3333333333333333, 0.28, 0.001285870193510074, 0.31333333333333335, 0.14285714285633141, 0.0024380051589110016, 0.2866666666666667, 0.9199999999996, 0.018835831823678845, 0.24, 0.4742857142853943, 0.005378041121756823, 0.31333333333333335, 0.6528571428555886, 0.0015947749631803757, 0.26666666666666666, 0.587142857142, 0.0051359829886479, 0.3333333333333333, 0.24857142857142858, 0.01826460519761248, 0.2733333333333333, 0.181428571428, 0.0005419131062726566, 0.0, 0.0, 0.0, 0.0, 0.0, 0.0, 0.0, 0.0, 0.0, 0.0, 0.0, 0.0, 0.0, 0.0, 0.0, 0.0, 0.0, 0.0, 0.0, 0.0, 0.0, 0.0, 0.0, 0.0, 0.0, 0.0, 0.0, 0.0, 0.0, 0.0, 0.0, 0.0, 0.0, 0.0, 0.0, 0.0, 0.0, 0.0, 0.0, 0.0, 0.0, 0.0, 0.0, 0.0, 0.0, 0.0, 0.0, 0.0, 0.0, 0.0, 0.0, 0.0, 0.0, 0.0, 0.0, 0.0, 0.0, 0.0, 0.0, 0.0, 0.0, 0.0, 0.0, 0.0, 0.0, 0.0, 0.0, 0.0, 0.0, 0.0, 0.0, 0.0, 0.0, 0.0, 0.0, 0.0, 0.0, 0.0, 0.0, 0.0, 0.0, 0.0, 0.0, 0.0, 0.0, 0.0, 0.0, 0.0, 0.0, 0.0, 0.0, 0.0, 0.0, 0.0, 0.0, 0.0, 0.0, 0.0, 0.0, 0.0, 0.0, 0.0, 0.0, 0.0, 0.0, 0.0, 0.0, 0.0, 0.0, 0.0, 0.0, 0.0, 0.0, 0.0, 0.0, 0.0, 0.0, 0.0, 0.0, 0.0, 0.0, 0.0, 0.0, 0.0, 0.0, 0.0, 0.0, 0.0, 0.0, 0.0, 0.0, 0.0, 0.0, 0.0, 0.0, 0.0, 0.0, 0.0, 0.0, 0.0, 0.0, 0.0, 0.0, 0.0, 0.0, 0.0, 0.0, 0.0, 0.0, 0.0, 0.0, 0.0, 0.0, 0.0, 0.0, 0.0, 0.0, 0.0, 0.0, 0.0, 0.0, 0.0, 0.0, 0.0, 0.0, 0.0, 0.0, 0.0],[0, 0, 0, 0, 0, 0, 0, 0, 0, 0, 0, 0, 0, 0, 0, 0, 0, 0, 0, 0, 0, 0, 0, 0, 0, 0, 0, 0, 0, 0, 0, 0, 0, 0, 0, 0, 0, 0, 0, 0, 0, 0, 0, 0, 0, 0, 0, 0, 0, 0, 0, 0, 0, 0, 0, 0, 0, 0, 0, 0, 0, 0, 0, 0]
[1.0, 1.0, 1.0, 0.0, 0.0, 0.0, 0.0, 0.0, 0.0, 0.0, 0.0, 0.0, 0.0, 0.0, 0.0, 0.0, 0.0, 0.0, 0.0, 0.0, 0.0, 0.0, 0.0, 0.0, 0.0, 0.0, 0.0, 0.0, 0.0, 0.0, 0.0, 0.0, 0.0, 0.0, 0.0, 0.0, 0.0, 0.0, 0.0, 0.0, 0.0, 0.0, 0.0, 0.0, 0.0, 0.0, 0.0, 0.0, 0.0, 0.0, 0.0, 0.0, 0.0, 0.0, 0.0, 0.0, 0.0, 0.0, 0.0, 0.0, 0.0, 0.0, 0.0, 0.0, 0.0, 0.0, 0.0, 0.0, 1.0, 1.0, 1.0, 1.0, 1.0, 1.0, 1.0, 1.0, 1.0, 0.0, 0.0, 0.0, 0.0, 1.0, 1.0, 1.0, 1.0, 1.0, 1.0, 1.0, 1.0, 0.0, 0.0, 0.0, 0.0, 0.0, 0.0, 0.0, 0.0, 0.0, 0.0, 0.0, 0.0, 0.0, 0.0, 0.0, 0.0, 0.0, 0.0, 0.0, 1.0, 1.0, 0.0, 0.0, 0.0, 0.0, 1.0, 1.0, 1.0, 1.0, 1.0, 1.0, 1.0, 1.0, 1.0, 0.0, 0.0, 1.0, 1.0, 1.0, 1.0, 1.0, 1.0, 1.0, 1.0, 1.0, 1.0, 1.0, 1.0, 1.0, 1.0, 1.0, 0.0, 1.0, 1.0, 1.0, 1.0, 0.0, 1.0, 1.0, 1.0, 1.0, 0.3333333333333333, 0.28, 0.001285870193510074, 0.31333333333333335, 0.14285714285633141, 0.0024380051589110016, 0.2866666666666667, 0.9199999999996, 0.018835831823678845, 0.24, 0.4742857142853943, 0.005378041121756823, 0.31333333333333335, 0.6528571428555886, 0.0015947749631803757, 0.26666666666666666, 0.587142857142, 0.0051359829886479, 0.3333333333333333, 0.24857142857142858, 0.01826460519761248, 0.2733333333333333, 0.181428571428, 0.0005419131062726566, 0.0, 0.0, 0.0, 0.0, 0.0, 0.0, 0.0, 0.0, 0.0, 0.0, 0.0, 0.0, 0.0, 0.0, 0.0, 0.0, 0.0, 0.0, 0.0, 0.0, 0.0, 0.0, 0.0, 0.0, 0.0, 0.0, 0.0, 0.0, 0.0, 0.0, 0.0, 0.0, 0.0, 0.0, 0.0, 0.0, 0.0, 0.0, 0.0, 0.0, 0.0, 0.0, 0.0, 0.0, 0.0, 0.0, 0.0, 0.0, 0.0, 0.0, 0.0, 0.0, 0.0, 0.0, 0.0, 0.0, 0.0, 0.0, 0.0, 0.0, 0.0, 0.0, 0.0, 0.0, 0.0, 0.0, 0.0, 0.0, 0.0, 0.0, 0.0, 0.0, 0.0, 0.0, 0.0, 0.0, 0.0, 0.0, 0.0, 0.0, 0.0, 0.0, 0.0, 0.0, 0.0, 0.0, 0.0, 0.0, 0.0, 0.0, 0.0, 0.0, 0.0, 0.0, 0.0, 0.0, 0.0, 0.0, 0.0, 0.0, 0.0, 0.0, 0.0, 0.0, 0.0, 0.0, 0.0, 0.0, 0.0, 0.0, 0.0, 0.0, 0.0, 0.0, 0.0, 0.0, 0.0, 0.0, 0.0, 0.0, 0.0, 0.0, 0.0, 0.0, 0.0, 0.0, 0.0, 0.0, 0.0, 0.0, 0.0, 0.0, 0.0, 0.0, 0.0, 0.0, 0.0, 0.0, 0.0, 0.0, 0.0, 0.0, 0.0, 0.0, 0.0, 0.0, 0.0, 0.0, 0.0, 0.0, 0.0, 0.0, 0.0, 0.0, 0.0, 0.0, 0.0, 0.0, 0.0, 0.0, 0.0, 0.0, 0.0, 0.0, 0.0, 0.0, 0.0, 0.0],[1, 0, 0, 0, 0, 0, 0, 0, 0, 0, 0, 0, 0, 0, 0, 0, 0, 0, 0, 0, 0, 0, 0, 0, 0, 0, 0, 0, 0, 0, 0, 0, 0, 0, 0, 0, 0, 0, 0, 0, 0, 0, 0, 0, 0, 0, 0, 0, 0, 0, 0, 0, 0, 0, 0, 0, 0, 0, 0, 0, 0, 0, 0, 0]
[0.0, 0.0, 0.0, 0.0, 0.0, 0.0, 0.0, 0.0, 0.0, 0.0, 0.0, 0.0, 0.0, 0.0, 0.0, 0.0, 0.0, 0.0, 0.0, 0.0, 0.0, 0.0, 0.0, 0.0, 0.0, 0.0, 0.0, 0.0, 0.0, 0.0, 0.0, 0.0, 0.0, 0.0, 0.0, 0.0, 0.0, 0.0, 0.0, 0.0, 0.0, 0.0, 0.0, 0.0, 0.0, 0.0, 0.0, 0.0, 0.0, 0.0, 0.0, 0.0, 0.0, 0.0, 0.0, 0.0, 0.0, 0.0, 0.0, 0.0, 0.0, 0.0, 0.0, 0.0, 0.0, 0.0, 0.0, 0.0, 0.0, 0.0, 0.0, 0.0, 0.0, 0.0, 0.0, 0.0, 0.0, 0.0, 0.0, 0.0, 0.0, 0.0, 0.0, 0.0, 0.0, 0.0, 0.0, 0.0, 0.0, 0.0, 0.0, 0.0, 0.0, 0.0, 0.0, 0.0, 0.0, 0.0, 0.0, 0.0, 0.0, 0.0, 0.0, 0.0, 0.0, 0.0, 0.0, 0.0, 0.0, 0.0, 0.0, 0.0, 0.0, 0.0, 0.0, 0.0, 0.0, 0.0, 0.0, 0.0, 0.0, 0.0, 0.0, 0.0, 0.0, 0.0, 0.0, 0.0, 0.0, 0.0, 0.0, 0.0, 0.0, 0.0, 0.0, 0.0, 0.0, 0.0, 0.0, 0.0, 0.0, 0.0, 0.0, 0.0, 0.0, 0.0, 1.0, 1.0, 1.0, 1.0, 0.31333333333333335, 0.14285714285633141, 0.0024380051589110016, 0.2866666666666667, 0.9199999999996, 0.018835831823678845, 0.24, 0.4742857142853943, 0.005378041121756823, 0.31333333333333335, 0.6528571428555886, 0.0015947749631803757, 0.26666666666666666, 0.587142857142, 0.0051359829886479, 0.3333333333333333, 0.24857142857142858, 0.01826460519761248, 0.2733333333333333, 0.181428571428, 0.0005419131062726566, 0.0, 0.0, 0.0, 0.0, 0.0, 0.0, 0.0, 0.0, 0.0, 0.0, 0.0, 0.0, 0.0, 0.0, 0.0, 0.0, 0.0, 0.0, 0.0, 0.0, 0.0, 0.0, 0.0, 0.0, 0.0, 0.0, 0.0, 0.0, 0.0, 0.0, 0.0, 0.0, 0.0, 0.0, 0.0, 0.0, 0.0, 0.0, 0.0, 0.0, 0.0, 0.0, 0.0, 0.0, 0.0, 0.0, 0.0, 0.0, 0.0, 0.0, 0.0, 0.0, 0.0, 0.0, 0.0, 0.0, 0.0, 0.0, 0.0, 0.0, 0.0, 0.0, 0.0, 0.0, 0.0, 0.0, 0.0, 0.0, 0.0, 0.0, 0.0, 0.0, 0.0, 0.0, 0.0, 0.0, 0.0, 0.0, 0.0, 0.0, 0.0, 0.0, 0.0, 0.0, 0.0, 0.0, 0.0, 0.0, 0.0, 0.0, 0.0, 0.0, 0.0, 0.0, 0.0, 0.0, 0.0, 0.0, 0.0, 0.0, 0.0, 0.0, 0.0, 0.0, 0.0, 0.0, 0.0, 0.0, 0.0, 0.0, 0.0, 0.0, 0.0, 0.0, 0.0, 0.0, 0.0, 0.0, 0.0, 0.0, 0.0, 0.0, 0.0, 0.0, 0.0, 0.0, 0.0, 0.0, 0.0, 0.0, 0.0, 0.0, 0.0, 0.0, 0.0, 0.0, 0.0, 0.0, 0.0, 0.0, 0.0, 0.0, 0.0, 0.0, 0.0, 0.0, 0.0, 0.0, 0.0, 0.0, 0.0, 0.0, 0.0, 0.0, 0.0, 0.0, 0.0, 0.0, 0.0, 0.0, 0.0, 0.0, 0.0, 0.0, 0.0, 0.0, 0.0, 0.0, 0.0, 0.0, 0.0],[0, 0, 0, 0, 0, 0, 0, 0, 0, 0, 0, 0, 0, 0, 0, 0, 0, 0, 0, 0, 0, 0, 0, 0, 0, 0, 0, 0, 0, 0, 0, 0, 0, 0, 0, 0, 0, 0, 0, 0, 0, 0, 0, 0, 0, 0, 0, 0, 0, 0, 0, 0, 0, 0, 0, 0, 0, 0, 0, 0, 0, 0, 0, 0]
[0.0, 0.0, 0.0, 0.0, 0.0, 0.0, 0.0, 0.0, 0.0, 0.0, 0.0, 0.0, 0.0, 0.0, 0.0, 0.0, 0.0, 0.0, 0.0, 0.0, 0.0, 0.0, 0.0, 0.0, 0.0, 0.0, 0.0, 0.0, 0.0, 0.0, 0.0, 0.0, 0.0, 0.0, 0.0, 0.0, 0.0, 0.0, 0.0, 0.0, 0.0, 0.0, 0.0, 0.0, 0.0, 1.0, 1.0, 1.0, 1.0, 1.0, 1.0, 1.0, 1.0, 1.0, 1.0, 0.0, 1.0, 1.0, 0.0, 0.0, 0.0, 1.0, 1.0, 1.0, 1.0, 0.0, 0.0, 1.0, 0.0, 0.0, 0.0, 0.0, 0.0, 0.0, 0.0, 0.0, 0.0, 1.0, 1.0, 1.0, 1.0, 0.0, 0.0, 0.0, 0.0, 0.0, 0.0, 0.0, 0.0, 1.0, 1.0, 1.0, 1.0, 1.0, 1.0, 1.0, 1.0, 1.0, 1.0, 1.0, 1.0, 1.0, 1.0, 1.0, 1.0, 1.0, 1.0, 1.0, 0.0, 0.0, 0.0, 0.0, 0.0, 0.0, 0.0, 0.0, 0.0, 0.0, 0.0, 0.0, 0.0, 0.0, 0.0, 0.0, 0.0, 0.0, 0.0, 0.0, 0.0, 0.0, 0.0, 0.0, 0.0, 0.0, 0.0, 0.0, 0.0, 0.0, 0.0, 0.0, 0.0, 0.0, 0.0, 0.0, 0.0, 0.0, 1.0, 1.0, 1.0, 1.0, 0.31333333333333335, 0.14285714285633141, 0.0024380051589110016, 0.2866666666666667, 0.9199999999996, 0.018835831823678845, 0.24, 0.4742857142853943, 0.005378041121756823, 0.31333333333333335, 0.6528571428555886, 0.0015947749631803757, 0.26666666666666666, 0.587142857142, 0.0051359829886479, 0.3333333333333333, 0.24857142857142858, 0.01826460519761248, 0.2733333333333333, 0.181428571428, 0.0005419131062726566, 0.0, 0.0, 0.0, 0.0, 0.0, 0.0, 0.0, 0.0, 0.0, 0.0, 0.0, 0.0, 0.0, 0.0, 0.0, 0.0, 0.0, 0.0, 0.0, 0.0, 0.0, 0.0, 0.0, 0.0, 0.0, 0.0, 0.0, 0.0, 0.0, 0.0, 0.0, 0.0, 0.0, 0.0, 0.0, 0.0, 0.0, 0.0, 0.0, 0.0, 0.0, 0.0, 0.0, 0.0, 0.0, 0.0, 0.0, 0.0, 0.0, 0.0, 0.0, 0.0, 0.0, 0.0, 0.0, 0.0, 0.0, 0.0, 0.0, 0.0, 0.0, 0.0, 0.0, 0.0, 0.0, 0.0, 0.0, 0.0, 0.0, 0.0, 0.0, 0.0, 0.0, 0.0, 0.0, 0.0, 0.0, 0.0, 0.0, 0.0, 0.0, 0.0, 0.0, 0.0, 0.0, 0.0, 0.0, 0.0, 0.0, 0.0, 0.0, 0.0, 0.0, 0.0, 0.0, 0.0, 0.0, 0.0, 0.0, 0.0, 0.0, 0.0, 0.0, 0.0, 0.0, 0.0, 0.0, 0.0, 0.0, 0.0, 0.0, 0.0, 0.0, 0.0, 0.0, 0.0, 0.0, 0.0, 0.0, 0.0, 0.0, 0.0, 0.0, 0.0, 0.0, 0.0, 0.0, 0.0, 0.0, 0.0, 0.0, 0.0, 0.0, 0.0, 0.0, 0.0, 0.0, 0.0, 0.0, 0.0, 0.0, 0.0, 0.0, 0.0, 0.0, 0.0, 0.0, 0.0, 0.0, 0.0, 0.0, 0.0, 0.0, 0.0, 0.0, 0.0, 0.0, 0.0, 0.0, 0.0, 0.0, 0.0, 0.0, 0.0, 0.0, 0.0, 0.0, 0.0, 0.0, 0.0, 0.0],[0, 1, 0, 0, 0, 0, 0, 0, 0, 0, 0, 0, 0, 0, 0, 0, 0, 0, 0, 0, 0, 0, 0, 0, 0, 0, 0, 0, 0, 0, 0, 0, 0, 0, 0, 0, 0, 0, 0, 0, 0, 0, 0, 0, 0, 0, 0, 0, 0, 0, 0, 0, 0, 0, 0, 0, 0, 0, 0, 0, 0, 0, 0, 0]
[0.0, 0.0, 0.0, 0.0, 0.0, 0.0, 0.0, 0.0, 0.0, 0.0, 0.0, 0.0, 0.0, 0.0, 0.0, 0.0, 0.0, 0.0, 0.0, 0.0, 0.0, 0.0, 0.0, 0.0, 0.0, 0.0, 0.0, 0.0, 0.0, 0.0, 0.0, 0.0, 0.0, 0.0, 0.0, 0.0, 0.0, 0.0, 0.0, 0.0, 0.0, 0.0, 0.0, 0.0, 0.0, 0.0, 0.0, 0.0, 0.0, 0.0, 0.0, 0.0, 0.0, 0.0, 0.0, 0.0, 0.0, 0.0, 0.0, 0.0, 0.0, 0.0, 0.0, 0.0, 0.0, 0.0, 0.0, 0.0, 0.0, 0.0, 0.0, 0.0, 0.0, 0.0, 0.0, 0.0, 0.0, 0.0, 0.0, 0.0, 0.0, 0.0, 0.0, 0.0, 0.0, 0.0, 0.0, 0.0, 0.0, 0.0, 0.0, 0.0, 0.0, 0.0, 0.0, 0.0, 0.0, 0.0, 0.0, 0.0, 0.0, 0.0, 0.0, 0.0, 0.0, 0.0, 0.0, 0.0, 0.0, 0.0, 0.0, 0.0, 0.0, 0.0, 0.0, 0.0, 0.0, 0.0, 0.0, 0.0, 0.0, 0.0, 0.0, 0.0, 0.0, 0.0, 0.0, 0.0, 0.0, 0.0, 0.0, 0.0, 0.0, 0.0, 0.0, 0.0, 0.0, 0.0, 0.0, 0.0, 0.0, 0.0, 0.0, 0.0, 0.0, 0.0, 0.0, 0.0, 0.0, 1.0, 0.31333333333333335, 0.14285714285633141, 0.0024380051589110016, 0.24, 0.4742857142853943, 0.005378041121756823, 0.31333333333333335, 0.6528571428555886, 0.0015947749631803757, 0.26666666666666666, 0.587142857142, 0.0051359829886479, 0.3333333333333333, 0.24857142857142858, 0.01826460519761248, 0.2733333333333333, 0.181428571428, 0.0005419131062726566, 0.0, 0.0, 0.0, 0.0, 0.0, 0.0, 0.0, 0.0, 0.0, 0.0, 0.0, 0.0, 0.0, 0.0, 0.0, 0.0, 0.0, 0.0, 0.0, 0.0, 0.0, 0.0, 0.0, 0.0, 0.0, 0.0, 0.0, 0.0, 0.0, 0.0, 0.0, 0.0, 0.0, 0.0, 0.0, 0.0, 0.0, 0.0, 0.0, 0.0, 0.0, 0.0, 0.0, 0.0, 0.0, 0.0, 0.0, 0.0, 0.0, 0.0, 0.0, 0.0, 0.0, 0.0, 0.0, 0.0, 0.0, 0.0, 0.0, 0.0, 0.0, 0.0, 0.0, 0.0, 0.0, 0.0, 0.0, 0.0, 0.0, 0.0, 0.0, 0.0, 0.0, 0.0, 0.0, 0.0, 0.0, 0.0, 0.0, 0.0, 0.0, 0.0, 0.0, 0.0, 0.0, 0.0, 0.0, 0.0, 0.0, 0.0, 0.0, 0.0, 0.0, 0.0, 0.0, 0.0, 0.0, 0.0, 0.0, 0.0, 0.0, 0.0, 0.0, 0.0, 0.0, 0.0, 0.0, 0.0, 0.0, 0.0, 0.0, 0.0, 0.0, 0.0, 0.0, 0.0, 0.0, 0.0, 0.0, 0.0, 0.0, 0.0, 0.0, 0.0, 0.0, 0.0, 0.0, 0.0, 0.0, 0.0, 0.0, 0.0, 0.0, 0.0, 0.0, 0.0, 0.0, 0.0, 0.0, 0.0, 0.0, 0.0, 0.0, 0.0, 0.0, 0.0, 0.0, 0.0, 0.0, 0.0, 0.0, 0.0, 0.0, 0.0, 0.0, 0.0, 0.0, 0.0, 0.0, 0.0, 0.0, 0.0, 0.0, 0.0, 0.0, 0.0, 0.0, 0.0, 0.0, 0.0, 0.0, 0.0, 0.0, 0.0],[0, 0, 0, 0, 0, 0, 0, 0, 0, 0, 0, 0, 0, 0, 0, 0, 0, 0, 0, 0, 0, 0, 0, 0, 0, 0, 0, 0, 0, 0, 0, 0, 0, 0, 0, 0, 0, 0, 0, 0, 0, 0, 0, 0, 0, 0, 0, 0, 0, 0, 0, 0, 0, 0, 0, 0, 0, 0, 0, 0, 0, 0, 0, 0]
[1.0, 1.0, 1.0, 0.0, 0.0, 0.0, 0.0, 0.0, 0.0, 0.0, 0.0, 0.0, 0.0, 0.0, 0.0, 0.0, 0.0, 0.0, 0.0, 0.0, 0.0, 0.0, 0.0, 0.0, 0.0, 0.0, 0.0, 0.0, 0.0, 0.0, 0.0, 0.0, 0.0, 0.0, 0.0, 0.0, 0.0, 0.0, 0.0, 0.0, 0.0, 0.0, 0.0, 0.0, 0.0, 0.0, 0.0, 0.0, 0.0, 0.0, 0.0, 0.0, 0.0, 0.0, 0.0, 0.0, 0.0, 0.0, 0.0, 0.0, 0.0, 0.0, 0.0, 0.0, 0.0, 0.0, 0.0, 0.0, 1.0, 1.0, 1.0, 1.0, 1.0, 1.0, 1.0, 1.0, 1.0, 0.0, 0.0, 0.0, 0.0, 1.0, 1.0, 1.0, 1.0, 1.0, 1.0, 1.0, 1.0, 0.0, 0.0, 0.0, 0.0, 0.0, 0.0, 0.0, 0.0, 0.0, 0.0, 0.0, 0.0, 0.0, 0.0, 0.0, 0.0, 0.0, 0.0, 0.0, 1.0, 1.0, 0.0, 0.0, 0.0, 0.0, 1.0, 1.0, 1.0, 1.0, 1.0, 1.0, 1.0, 1.0, 1.0, 0.0, 0.0, 1.0, 1.0, 1.0, 1.0, 1.0, 1.0, 1.0, 1.0, 1.0, 1.0, 1.0, 1.0, 1.0, 1.0, 1.0, 0.0, 1.0, 1.0, 1.0, 1.0, 0.0, 0.0, 0.0, 0.0, 1.0, 0.31333333333333335, 0.14285714285633141, 0.0024380051589110016, 0.24, 0.4742857142853943, 0.005378041121756823, 0.31333333333333335, 0.6528571428555886, 0.0015947749631803757, 0.26666666666666666, 0.587142857142, 0.0051359829886479, 0.3333333333333333, 0.24857142857142858, 0.01826460519761248, 0.2733333333333333, 0.181428571428, 0.0005419131062726566, 0.0, 0.0, 0.0, 0.0, 0.0, 0.0, 0.0, 0.0, 0.0, 0.0, 0.0, 0.0, 0.0, 0.0, 0.0, 0.0, 0.0, 0.0, 0.0, 0.0, 0.0, 0.0, 0.0, 0.0, 0.0, 0.0, 0.0, 0.0, 0.0, 0.0, 0.0, 0.0, 0.0, 0.0, 0.0, 0.0, 0.0, 0.0, 0.0, 0.0, 0.0, 0.0, 0.0, 0.0, 0.0, 0.0, 0.0, 0.0, 0.0, 0.0, 0.0, 0.0, 0.0, 0.0, 0.0, 0.0, 0.0, 0.0, 0.0, 0.0, 0.0, 0.0, 0.0, 0.0, 0.0, 0.0, 0.0, 0.0, 0.0, 0.0, 0.0, 0.0, 0.0, 0.0, 0.0, 0.0, 0.0, 0.0, 0.0, 0.0, 0.0, 0.0, 0.0, 0.0, 0.0, 0.0, 0.0, 0.0, 0.0, 0.0, 0.0, 0.0, 0.0, 0.0, 0.0, 0.0, 0.0, 0.0, 0.0, 0.0, 0.0, 0.0, 0.0, 0.0, 0.0, 0.0, 0.0, 0.0, 0.0, 0.0, 0.0, 0.0, 0.0, 0.0, 0.0, 0.0, 0.0, 0.0, 0.0, 0.0, 0.0, 0.0, 0.0, 0.0, 0.0, 0.0, 0.0, 0.0, 0.0, 0.0, 0.0, 0.0, 0.0, 0.0, 0.0, 0.0, 0.0, 0.0, 0.0, 0.0, 0.0, 0.0, 0.0, 0.0, 0.0, 0.0, 0.0, 0.0, 0.0, 0.0, 0.0, 0.0, 0.0, 0.0, 0.0, 0.0, 0.0, 0.0, 0.0, 0.0, 0.0, 0.0, 0.0, 0.0, 0.0, 0.0, 0.0, 0.0, 0.0, 0.0, 0.0, 0.0, 0.0, 0.0],[1, 0, 0, 0, 0, 0, 0, 0, 0, 0, 0, 0, 0, 0, 0, 0, 0, 0, 0, 0, 0, 0, 0, 0, 0, 0, 0, 0, 0, 0, 0, 0, 0, 0, 0, 0, 0, 0, 0, 0, 0, 0, 0, 0, 0, 0, 0, 0, 0, 0, 0, 0, 0, 0, 0, 0, 0, 0, 0, 0, 0, 0, 0, 0]
[0.0, 0.0, 0.0, 0.0, 0.0, 0.0, 0.0, 0.0, 0.0, 0.0, 0.0, 0.0, 0.0, 0.0, 0.0, 0.0, 0.0, 0.0, 0.0, 0.0, 0.0, 0.0, 0.0, 0.0, 0.0, 0.0, 0.0, 0.0, 0.0, 0.0, 0.0, 0.0, 0.0, 0.0, 0.0, 0.0, 0.0, 0.0, 0.0, 0.0, 0.0, 0.0, 0.0, 0.0, 0.0, 0.0, 0.0, 0.0, 0.0, 0.0, 0.0, 0.0, 0.0, 0.0, 0.0, 0.0, 0.0, 0.0, 0.0, 0.0, 0.0, 0.0, 0.0, 0.0, 0.0, 0.0, 0.0, 0.0, 0.0, 0.0, 0.0, 0.0, 0.0, 0.0, 0.0, 0.0, 0.0, 0.0, 0.0, 0.0, 0.0, 0.0, 0.0, 0.0, 0.0, 0.0, 0.0, 0.0, 0.0, 0.0, 0.0, 0.0, 0.0, 0.0, 0.0, 0.0, 0.0, 0.0, 0.0, 0.0, 0.0, 0.0, 0.0, 0.0, 0.0, 0.0, 0.0, 0.0, 0.0, 0.0, 0.0, 0.0, 0.0, 0.0, 0.0, 0.0, 0.0, 0.0, 0.0, 0.0, 0.0, 0.0, 0.0, 0.0, 0.0, 0.0, 0.0, 0.0, 0.0, 0.0, 0.0, 0.0, 0.0, 0.0, 0.0, 0.0, 0.0, 0.0, 0.0, 0.0, 0.0, 0.0, 1.0, 1.0, 1.0, 0.0, 0.0, 0.0, 0.0, 1.0, 0.24, 0.4742857142853943, 0.005378041121756823, 0.31333333333333335, 0.6528571428555886, 0.0015947749631803757, 0.26666666666666666, 0.587142857142, 0.0051359829886479, 0.3333333333333333, 0.24857142857142858, 0.01826460519761248, 0.2733333333333333, 0.181428571428, 0.0005419131062726566, 0.0, 0.0, 0.0, 0.0, 0.0, 0.0, 0.0, 0.0, 0.0, 0.0, 0.0, 0.0, 0.0, 0.0, 0.0, 0.0, 0.0, 0.0, 0.0, 0.0, 0.0, 0.0, 0.0, 0.0, 0.0, 0.0, 0.0, 0.0, 0.0, 0.0, 0.0, 0.0, 0.0, 0.0, 0.0, 0.0, 0.0, 0.0, 0.0, 0.0, 0.0, 0.0, 0.0, 0.0, 0.0, 0.0, 0.0, 0.0, 0.0, 0.0, 0.0, 0.0, 0.0, 0.0, 0.0, 0.0, 0.0, 0.0, 0.0, 0.0, 0.0, 0.0, 0.0, 0.0, 0.0, 0.0, 0.0, 0.0, 0.0, 0.0, 0.0, 0.0, 0.0, 0.0, 0.0, 0.0, 0.0, 0.0, 0.0, 0.0, 0.0, 0.0, 0.0, 0.0, 0.0, 0.0, 0.0, 0.0, 0.0, 0.0, 0.0, 0.0, 0.0, 0.0, 0.0, 0.0, 0.0, 0.0, 0.0, 0.0, 0.0, 0.0, 0.0, 0.0, 0.0, 0.0, 0.0, 0.0, 0.0, 0.0, 0.0, 0.0, 0.0, 0.0, 0.0, 0.0, 0.0, 0.0, 0.0, 0.0, 0.0, 0.0, 0.0, 0.0, 0.0, 0.0, 0.0, 0.0, 0.0, 0.0, 0.0, 0.0, 0.0, 0.0, 0.0, 0.0, 0.0, 0.0, 0.0, 0.0, 0.0, 0.0, 0.0, 0.0, 0.0, 0.0, 0.0, 0.0, 0.0, 0.0, 0.0, 0.0, 0.0, 0.0, 0.0, 0.0, 0.0, 0.0, 0.0, 0.0, 0.0, 0.0, 0.0, 0.0, 0.0, 0.0, 0.0, 0.0, 0.0, 0.0, 0.0, 0.0, 0.0, 0.0, 0.0, 0.0, 0.0],[0, 0, 0, 0, 0, 0, 0, 0, 0, 0, 0, 0, 0, 0, 0, 0, 0, 0, 0, 0, 0, 0, 0, 0, 0, 0, 0, 0, 0, 0, 0, 0, 0, 0, 0, 0, 0, 0, 0, 0, 0, 0, 0, 0, 0, 0, 0, 0, 0, 0, 0, 0, 0, 0, 0, 0, 0, 0, 0, 0, 0, 0, 0, 0]
[1.0, 1.0, 1.0, 0.0, 0.0, 0.0, 0.0, 0.0, 0.0, 0.0, 0.0, 0.0, 0.0, 0.0, 0.0, 0.0, 0.0, 0.0, 0.0, 0.0, 0.0, 0.0, 0.0, 0.0, 0.0, 0.0, 0.0, 0.0, 0.0, 0.0, 0.0, 0.0, 0.0, 0.0, 0.0, 0.0, 0.0, 0.0, 0.0, 0.0, 0.0, 0.0, 0.0, 0.0, 0.0, 0.0, 0.0, 0.0, 0.0, 0.0, 0.0, 0.0, 0.0, 0.0, 0.0, 0.0, 0.0, 0.0, 0.0, 0.0, 0.0, 0.0, 0.0, 0.0, 0.0, 0.0, 0.0, 0.0, 1.0, 1.0, 1.0, 1.0, 1.0, 1.0, 1.0, 1.0, 1.0, 0.0, 0.0, 0.0, 0.0, 1.0, 1.0, 1.0, 1.0, 1.0, 1.0, 1.0, 1.0, 0.0, 0.0, 0.0, 0.0, 0.0, 0.0, 0.0, 0.0, 0.0, 0.0, 0.0, 0.0, 0.0, 0.0, 0.0, 0.0, 0.0, 0.0, 0.0, 1.0, 1.0, 0.0, 0.0, 0.0, 0.0, 1.0, 1.0, 1.0, 1.0, 1.0, 1.0, 1.0, 1.0, 1.0, 0.0, 0.0, 1.0, 1.0, 1.0, 1.0, 1.0, 1.0, 1.0, 1.0, 1.0, 1.0, 1.0, 1.0, 1.0, 1.0, 1.0, 0.0, 1.0, 1.0, 1.0, 1.0, 0.0, 0.0, 0.0, 0.0, 1.0, 0.24, 0.4742857142853943, 0.005378041121756823, 0.25333333333333335, 0.46999999999988573, 0.009088105127061472, 0.31333333333333335, 0.6528571428555886, 0.0015947749631803757, 0.26666666666666666, 0.587142857142, 0.0051359829886479, 0.3333333333333333, 0.24857142857142858, 0.01826460519761248, 0.2733333333333333, 0.181428571428, 0.0005419131062726566, 0.0, 0.0, 0.0, 0.0, 0.0, 0.0, 0.0, 0.0, 0.0, 0.0, 0.0, 0.0, 0.0, 0.0, 0.0, 0.0, 0.0, 0.0, 0.0, 0.0, 0.0, 0.0, 0.0, 0.0, 0.0, 0.0, 0.0, 0.0, 0.0, 0.0, 0.0, 0.0, 0.0, 0.0, 0.0, 0.0, 0.0, 0.0, 0.0, 0.0, 0.0, 0.0, 0.0, 0.0, 0.0, 0.0, 0.0, 0.0, 0.0, 0.0, 0.0, 0.0, 0.0, 0.0, 0.0, 0.0, 0.0, 0.0, 0.0, 0.0, 0.0, 0.0, 0.0, 0.0, 0.0, 0.0, 0.0, 0.0, 0.0, 0.0, 0.0, 0.0, 0.0, 0.0, 0.0, 0.0, 0.0, 0.0, 0.0, 0.0, 0.0, 0.0, 0.0, 0.0, 0.0, 0.0, 0.0, 0.0, 0.0, 0.0, 0.0, 0.0, 0.0, 0.0, 0.0, 0.0, 0.0, 0.0, 0.0, 0.0, 0.0, 0.0, 0.0, 0.0, 0.0, 0.0, 0.0, 0.0, 0.0, 0.0, 0.0, 0.0, 0.0, 0.0, 0.0, 0.0, 0.0, 0.0, 0.0, 0.0, 0.0, 0.0, 0.0, 0.0, 0.0, 0.0, 0.0, 0.0, 0.0, 0.0, 0.0, 0.0, 0.0, 0.0, 0.0, 0.0, 0.0, 0.0, 0.0, 0.0, 0.0, 0.0, 0.0, 0.0, 0.0, 0.0, 0.0, 0.0, 0.0, 0.0, 0.0, 0.0, 0.0, 0.0, 0.0, 0.0, 0.0, 0.0, 0.0, 0.0, 0.0, 0.0, 0.0, 0.0, 0.0, 0.0, 0.0, 0.0, 0.0, 0.0, 0.0, 0.0, 0.0, 0.0],[1, 0, 0, 0, 0, 0, 0, 0, 0, 0, 0, 0, 0, 0, 0, 0, 0, 0, 0, 0, 0, 0, 0, 0, 0, 0, 0, 0, 0, 0, 0, 0, 0, 0, 0, 0, 0, 0, 0, 0, 0, 0, 0, 0, 0, 0, 0, 0, 0, 0, 0, 0, 0, 0, 0, 0, 0, 0, 0, 0, 0, 0, 0, 0]
[0.0, 0.0, 0.0, 0.0, 0.0, 0.0, 0.0, 0.0, 0.0, 0.0, 0.0, 0.0, 0.0, 0.0, 0.0, 0.0, 0.0, 0.0, 0.0, 0.0, 0.0, 0.0, 0.0, 0.0, 0.0, 0.0, 0.0, 0.0, 0.0, 0.0, 0.0, 0.0, 0.0, 0.0, 0.0, 0.0, 0.0, 0.0, 0.0, 0.0, 0.0, 0.0, 0.0, 0.0, 0.0, 0.0, 0.0, 0.0, 0.0, 0.0, 0.0, 0.0, 0.0, 0.0, 0.0, 0.0, 0.0, 0.0, 0.0, 0.0, 0.0, 0.0, 0.0, 0.0, 0.0, 0.0, 0.0, 0.0, 0.0, 0.0, 0.0, 0.0, 0.0, 0.0, 0.0, 0.0, 0.0, 0.0, 0.0, 0.0, 0.0, 0.0, 0.0, 0.0, 0.0, 0.0, 0.0, 0.0, 0.0, 0.0, 0.0, 0.0, 0.0, 0.0, 0.0, 0.0, 0.0, 0.0, 0.0, 0.0, 0.0, 0.0, 0.0, 0.0, 0.0, 0.0, 0.0, 0.0, 0.0, 0.0, 0.0, 0.0, 0.0, 0.0, 0.0, 0.0, 0.0, 0.0, 0.0, 0.0, 0.0, 0.0, 0.0, 0.0, 0.0, 0.0, 0.0, 0.0, 0.0, 0.0, 1.0, 1.0, 1.0, 1.0, 1.0, 1.0, 1.0, 1.0, 1.0, 1.0, 0.0, 1.0, 1.0, 1.0, 1.0, 0.0, 0.0, 0.0, 0.0, 1.0, 0.25333333333333335, 0.46999999999988573, 0.009088105127061472, 0.31333333333333335, 0.6528571428555886, 0.0015947749631803757, 0.26666666666666666, 0.587142857142, 0.0051359829886479, 0.3333333333333333, 0.24857142857142858, 0.01826460519761248, 0.2733333333333333, 0.181428571428, 0.0005419131062726566, 0.0, 0.0, 0.0, 0.0, 0.0, 0.0, 0.0, 0.0, 0.0, 0.0, 0.0, 0.0, 0.0, 0.0, 0.0, 0.0, 0.0, 0.0, 0.0, 0.0, 0.0, 0.0, 0.0, 0.0, 0.0, 0.0, 0.0, 0.0, 0.0, 0.0, 0.0, 0.0, 0.0, 0.0, 0.0, 0.0, 0.0, 0.0, 0.0, 0.0, 0.0, 0.0, 0.0, 0.0, 0.0, 0.0, 0.0, 0.0, 0.0, 0.0, 0.0, 0.0, 0.0, 0.0, 0.0, 0.0, 0.0, 0.0, 0.0, 0.0, 0.0, 0.0, 0.0, 0.0, 0.0, 0.0, 0.0, 0.0, 0.0, 0.0, 0.0, 0.0, 0.0, 0.0, 0.0, 0.0, 0.0, 0.0, 0.0, 0.0, 0.0, 0.0, 0.0, 0.0, 0.0, 0.0, 0.0, 0.0, 0.0, 0.0, 0.0, 0.0, 0.0, 0.0, 0.0, 0.0, 0.0, 0.0, 0.0, 0.0, 0.0, 0.0, 0.0, 0.0, 0.0, 0.0, 0.0, 0.0, 0.0, 0.0, 0.0, 0.0, 0.0, 0.0, 0.0, 0.0, 0.0, 0.0, 0.0, 0.0, 0.0, 0.0, 0.0, 0.0, 0.0, 0.0, 0.0, 0.0, 0.0, 0.0, 0.0, 0.0, 0.0, 0.0, 0.0, 0.0, 0.0, 0.0, 0.0, 0.0, 0.0, 0.0, 0.0, 0.0, 0.0, 0.0, 0.0, 0.0, 0.0, 0.0, 0.0, 0.0, 0.0, 0.0, 0.0, 0.0, 0.0, 0.0, 0.0, 0.0, 0.0, 0.0, 0.0, 0.0, 0.0, 0.0, 0.0, 0.0, 0.0, 0.0, 0.0, 0.0, 0.0, 0.0, 0.0, 0.0, 0.0],[0, 0, 0, 0, 0, 0, 0, 0, 0, 0, 0, 0, 0, 0, 0, 0, 0, 0, 0, 0, 0, 0, 0, 0, 0, 0, 0, 0, 0, 0, 0, 0, 0, 0, 0, 0, 0, 0, 0, 0, 0, 0, 0, 0, 0, 0, 0, 0, 0, 0, 0, 0, 0, 0, 0, 0, 0, 0, 0, 0, 0, 0, 0, 0]
[1.0, 1.0, 1.0, 0.0, 0.0, 0.0, 0.0, 0.0, 0.0, 0.0, 0.0, 0.0, 0.0, 0.0, 0.0, 0.0, 0.0, 0.0, 0.0, 0.0, 0.0, 0.0, 0.0, 0.0, 0.0, 0.0, 0.0, 0.0, 0.0, 0.0, 0.0, 0.0, 0.0, 0.0, 0.0, 0.0, 0.0, 0.0, 0.0, 0.0, 0.0, 0.0, 0.0, 0.0, 0.0, 0.0, 0.0, 0.0, 0.0, 0.0, 0.0, 0.0, 0.0, 0.0, 0.0, 0.0, 0.0, 0.0, 0.0, 0.0, 0.0, 0.0, 0.0, 0.0, 0.0, 0.0, 0.0, 0.0, 1.0, 1.0, 1.0, 1.0, 1.0, 1.0, 1.0, 1.0, 1.0, 0.0, 0.0, 0.0, 0.0, 1.0, 1.0, 1.0, 1.0, 1.0, 1.0, 1.0, 1.0, 0.0, 0.0, 0.0, 0.0, 0.0, 0.0, 0.0, 0.0, 0.0, 0.0, 0.0, 0.0, 0.0, 0.0, 0.0, 0.0, 0.0, 0.0, 0.0, 1.0, 1.0, 0.0, 0.0, 0.0, 0.0, 1.0, 1.0, 1.0, 1.0, 1.0, 1.0, 1.0, 1.0, 1.0, 0.0, 0.0, 1.0, 1.0, 1.0, 1.0, 1.0, 1.0, 1.0, 1.0, 1.0, 1.0, 1.0, 1.0, 1.0, 1.0, 1.0, 0.0, 1.0, 1.0, 1.0, 1.0, 0.0, 0.0, 0.0, 0.0, 1.0, 0.25333333333333335, 0.46999999999988573, 0.009088105127061472, 0.31333333333333335, 0.6528571428555886, 0.0015947749631803757, 0.26666666666666666, 0.587142857142, 0.0051359829886479, 0.3333333333333333, 0.24857142857142858, 0.01826460519761248, 0.2733333333333333, 0.181428571428, 0.0005419131062726566, 0.0, 0.0, 0.0, 0.0, 0.0, 0.0, 0.0, 0.0, 0.0, 0.0, 0.0, 0.0, 0.0, 0.0, 0.0, 0.0, 0.0, 0.0, 0.0, 0.0, 0.0, 0.0, 0.0, 0.0, 0.0, 0.0, 0.0, 0.0, 0.0, 0.0, 0.0, 0.0, 0.0, 0.0, 0.0, 0.0, 0.0, 0.0, 0.0, 0.0, 0.0, 0.0, 0.0, 0.0, 0.0, 0.0, 0.0, 0.0, 0.0, 0.0, 0.0, 0.0, 0.0, 0.0, 0.0, 0.0, 0.0, 0.0, 0.0, 0.0, 0.0, 0.0, 0.0, 0.0, 0.0, 0.0, 0.0, 0.0, 0.0, 0.0, 0.0, 0.0, 0.0, 0.0, 0.0, 0.0, 0.0, 0.0, 0.0, 0.0, 0.0, 0.0, 0.0, 0.0, 0.0, 0.0, 0.0, 0.0, 0.0, 0.0, 0.0, 0.0, 0.0, 0.0, 0.0, 0.0, 0.0, 0.0, 0.0, 0.0, 0.0, 0.0, 0.0, 0.0, 0.0, 0.0, 0.0, 0.0, 0.0, 0.0, 0.0, 0.0, 0.0, 0.0, 0.0, 0.0, 0.0, 0.0, 0.0, 0.0, 0.0, 0.0, 0.0, 0.0, 0.0, 0.0, 0.0, 0.0, 0.0, 0.0, 0.0, 0.0, 0.0, 0.0, 0.0, 0.0, 0.0, 0.0, 0.0, 0.0, 0.0, 0.0, 0.0, 0.0, 0.0, 0.0, 0.0, 0.0, 0.0, 0.0, 0.0, 0.0, 0.0, 0.0, 0.0, 0.0, 0.0, 0.0, 0.0, 0.0, 0.0, 0.0, 0.0, 0.0, 0.0, 0.0, 0.0, 0.0, 0.0, 0.0, 0.0, 0.0, 0.0, 0.0, 0.0, 0.0, 0.0],[1, 0, 0, 0, 0, 0, 0, 0, 0, 0, 0, 0, 0, 0, 0, 0, 0, 0, 0, 0, 0, 0, 0, 0, 0, 0, 0, 0, 0, 0, 0, 0, 0, 0, 0, 0, 0, 0, 0, 0, 0, 0, 0, 0, 0, 0, 0, 0, 0, 0, 0, 0, 0, 0, 0, 0, 0, 0, 0, 0, 0, 0, 0, 0]
[0.0, 0.0, 0.0, 0.0, 0.0, 0.0, 0.0, 0.0, 0.0, 0.0, 0.0, 0.0, 0.0, 0.0, 0.0, 0.0, 0.0, 0.0, 0.0, 0.0, 0.0, 0.0, 0.0, 0.0, 0.0, 0.0, 0.0, 0.0, 0.0, 0.0, 0.0, 0.0, 0.0, 0.0, 0.0, 0.0, 0.0, 0.0, 0.0, 0.0, 0.0, 0.0, 0.0, 0.0, 0.0, 0.0, 0.0, 0.0, 0.0, 0.0, 0.0, 0.0, 0.0, 0.0, 0.0, 0.0, 0.0, 0.0, 0.0, 0.0, 0.0, 0.0, 0.0, 0.0, 0.0, 0.0, 0.0, 0.0, 0.0, 0.0, 0.0, 0.0, 0.0, 0.0, 0.0, 0.0, 0.0, 0.0, 0.0, 0.0, 0.0, 0.0, 0.0, 0.0, 0.0, 0.0, 0.0, 0.0, 0.0, 0.0, 0.0, 0.0, 0.0, 0.0, 0.0, 0.0, 0.0, 0.0, 0.0, 0.0, 0.0, 0.0, 0.0, 0.0, 0.0, 0.0, 0.0, 0.0, 0.0, 0.0, 0.0, 0.0, 0.0, 0.0, 0.0, 0.0, 0.0, 0.0, 0.0, 0.0, 0.0, 0.0, 0.0, 0.0, 0.0, 0.0, 0.0, 0.0, 0.0, 0.0, 0.0, 0.0, 1.0, 1.0, 1.0, 1.0, 1.0, 1.0, 1.0, 1.0, 0.0, 1.0, 1.0, 1.0, 1.0, 0.0, 0.0, 0.0, 0.0, 1.0, 0.31333333333333335, 0.6528571428555886, 0.0015947749631803757, 0.26666666666666666, 0.587142857142, 0.0051359829886479, 0.3333333333333333, 0.24857142857142858, 0.01826460519761248, 0.2733333333333333, 0.181428571428, 0.0005419131062726566, 0.0, 0.0, 0.0, 0.0, 0.0, 0.0, 0.0, 0.0, 0.0, 0.0, 0.0, 0.0, 0.0, 0.0, 0.0, 0.0, 0.0, 0.0, 0.0, 0.0, 0.0, 0.0, 0.0, 0.0, 0.0, 0.0, 0.0, 0.0, 0.0, 0.0, 0.0, 0.0, 0.0, 0.0, 0.0, 0.0, 0.0, 0.0, 0.0, 0.0, 0.0, 0.0, 0.0, 0.0, 0.0, 0.0, 0.0, 0.0, 0.0, 0.0, 0.0, 0.0, 0.0, 0.0, 0.0, 0.0, 0.0, 0.0, 0.0, 0.0, 0.0, 0.0, 0.0, 0.0, 0.0, 0.0, 0.0, 0.0, 0.0, 0.0, 0.0, 0.0, 0.0, 0.0, 0.0, 0.0, 0.0, 0.0, 0.0, 0.0, 0.0, 0.0, 0.0, 0.0, 0.0, 0.0, 0.0, 0.0, 0.0, 0.0, 0.0, 0.0, 0.0, 0.0, 0.0, 0.0, 0.0, 0.0, 0.0, 0.0, 0.0, 0.0, 0.0, 0.0, 0.0, 0.0, 0.0, 0.0, 0.0, 0.0, 0.0, 0.0, 0.0, 0.0, 0.0, 0.0, 0.0, 0.0, 0.0, 0.0, 0.0, 0.0, 0.0, 0.0, 0.0, 0.0, 0.0, 0.0, 0.0, 0.0, 0.0, 0.0, 0.0, 0.0, 0.0, 0.0, 0.0, 0.0, 0.0, 0.0, 0.0, 0.0, 0.0, 0.0, 0.0, 0.0, 0.0, 0.0, 0.0, 0.0, 0.0, 0.0, 0.0, 0.0, 0.0, 0.0, 0.0, 0.0, 0.0, 0.0, 0.0, 0.0, 0.0, 0.0, 0.0, 0.0, 0.0, 0.0, 0.0, 0.0, 0.0, 0.0, 0.0, 0.0, 0.0, 0.0, 0.0, 0.0, 0.0, 0.0],[0, 0, 0, 0, 0, 0, 0, 0, 0, 0, 0, 0, 0, 0, 0, 0, 0, 0, 0, 0, 0, 0, 0, 0, 0, 0, 0, 0, 0, 0, 0, 0, 0, 0, 0, 0, 0, 0, 0, 0, 0, 0, 0, 0, 0, 0, 0, 0, 0, 0, 0, 0, 0, 0, 0, 0, 0, 0, 0, 0, 0, 0, 0, 0]
[0.0, 0.0, 0.0, 0.0, 0.0, 0.0, 0.0, 0.0, 0.0, 0.0, 0.0, 0.0, 0.0, 0.0, 0.0, 0.0, 0.0, 0.0, 0.0, 0.0, 0.0, 0.0, 0.0, 0.0, 0.0, 0.0, 0.0, 0.0, 0.0, 0.0, 0.0, 0.0, 0.0, 0.0, 0.0, 0.0, 0.0, 0.0, 0.0, 0.0, 0.0, 0.0, 0.0, 0.0, 0.0, 1.0, 1.0, 1.0, 1.0, 1.0, 1.0, 1.0, 1.0, 1.0, 1.0, 0.0, 1.0, 1.0, 0.0, 0.0, 0.0, 1.0, 1.0, 1.0, 1.0, 0.0, 0.0, 1.0, 0.0, 0.0, 0.0, 0.0, 0.0, 0.0, 0.0, 0.0, 0.0, 1.0, 1.0, 1.0, 1.0, 0.0, 0.0, 0.0, 0.0, 0.0, 0.0, 0.0, 0.0, 1.0, 1.0, 1.0, 1.0, 1.0, 1.0, 1.0, 1.0, 1.0, 1.0, 1.0, 1.0, 1.0, 1.0, 1.0, 1.0, 1.0, 1.0, 1.0, 0.0, 0.0, 0.0, 0.0, 0.0, 0.0, 0.0, 0.0, 0.0, 0.0, 0.0, 0.0, 0.0, 0.0, 0.0, 0.0, 0.0, 0.0, 0.0, 0.0, 0.0, 0.0, 0.0, 0.0, 1.0, 1.0, 1.0, 1.0, 1.0, 1.0, 1.0, 1.0, 0.0, 1.0, 1.0, 1.0, 1.0, 0.0, 1.0, 1.0, 1.0, 1.0, 0.31333333333333335, 0.6528571428555886, 0.0015947749631803757, 0.26666666666666666, 0.587142857142, 0.0051359829886479, 0.3333333333333333, 0.24857142857142858, 0.01826460519761248, 0.03333333333333333, 0.4057142857142857, 0.07452798672589, 0.2733333333333333, 0.181428571428, 0.0005419131062726566, 0.0, 0.0, 0.0, 0.0, 0.0, 0.0, 0.0, 0.0, 0.0, 0.0, 0.0, 0.0, 0.0, 0.0, 0.0, 0.0, 0.0, 0.0, 0.0, 0.0, 0.0, 0.0, 0.0, 0.0, 0.0, 0.0, 0.0, 0.0, 0.0, 0.0, 0.0, 0.0, 0.0, 0.0, 0.0, 0.0, 0.0, 0.0, 0.0, 0.0, 0.0, 0.0, 0.0, 0.0, 0.0, 0.0, 0.0, 0.0, 0.0, 0.0, 0.0, 0.0, 0.0, 0.0, 0.0, 0.0, 0.0, 0.0, 0.0, 0.0, 0.0, 0.0, 0.0, 0.0, 0.0, 0.0, 0.0, 0.0, 0.0, 0.0, 0.0, 0.0, 0.0, 0.0, 0.0, 0.0, 0.0, 0.0, 0.0, 0.0, 0.0, 0.0, 0.0, 0.0, 0.0, 0.0, 0.0, 0.0, 0.0, 0.0, 0.0, 0.0, 0.0, 0.0, 0.0, 0.0, 0.0, 0.0, 0.0, 0.0, 0.0, 0.0, 0.0, 0.0, 0.0, 0.0, 0.0, 0.0, 0.0, 0.0, 0.0, 0.0, 0.0, 0.0, 0.0, 0.0, 0.0, 0.0, 0.0, 0.0, 0.0, 0.0, 0.0, 0.0, 0.0, 0.0, 0.0, 0.0, 0.0, 0.0, 0.0, 0.0, 0.0, 0.0, 0.0, 0.0, 0.0, 0.0, 0.0, 0.0, 0.0, 0.0, 0.0, 0.0, 0.0, 0.0, 0.0, 0.0, 0.0, 0.0, 0.0, 0.0, 0.0, 0.0, 0.0, 0.0, 0.0, 0.0, 0.0, 0.0, 0.0, 0.0, 0.0, 0.0, 0.0, 0.0, 0.0, 0.0, 0.0, 0.0, 0.0, 0.0, 0.0, 0.0, 0.0, 0.0, 0.0],[1, 0, 0, 1, 0, 0, 0, 0, 0, 0, 0, 0, 0, 0, 0, 0, 0, 0, 0, 0, 0, 0, 0, 0, 0, 0, 0, 0, 0, 0, 0, 0, 0, 0, 0, 0, 0, 0, 0, 0, 0, 0, 0, 0, 0, 0, 0, 0, 0, 0, 0, 0, 0, 0, 0, 0, 0, 0, 0, 0, 0, 0, 0, 0]
[0.0, 0.0, 0.0, 0.0, 0.0, 0.0, 0.0, 0.0, 0.0, 0.0, 0.0, 0.0, 0.0, 0.0, 0.0, 0.0, 0.0, 0.0, 0.0, 0.0, 0.0, 0.0, 0.0, 0.0, 0.0, 0.0, 0.0, 0.0, 0.0, 0.0, 0.0, 0.0, 0.0, 0.0, 0.0, 0.0, 0.0, 0.0, 0.0, 0.0, 0.0, 0.0, 0.0, 0.0, 0.0, 0.0, 0.0, 0.0, 0.0, 0.0, 0.0, 0.0, 0.0, 0.0, 0.0, 0.0, 0.0, 0.0, 0.0, 0.0, 0.0, 0.0, 0.0, 0.0, 0.0, 0.0, 0.0, 0.0, 0.0, 0.0, 0.0, 0.0, 0.0, 0.0, 0.0, 0.0, 0.0, 0.0, 0.0, 0.0, 0.0, 0.0, 0.0, 0.0, 0.0, 0.0, 0.0, 0.0, 0.0, 0.0, 0.0, 0.0, 0.0, 0.0, 0.0, 0.0, 0.0, 0.0, 0.0, 0.0, 0.0, 0.0, 0.0, 0.0, 0.0, 0.0, 0.0, 0.0, 0.0, 0.0, 0.0, 0.0, 0.0, 0.0, 0.0, 0.0, 0.0, 0.0, 0.0, 0.0, 0.0, 0.0, 0.0, 0.0, 0.0, 0.0, 0.0, 0.0, 0.0, 0.0, 0.0, 0.0, 0.0, 0.0, 0.0, 0.0, 0.0, 0.0, 0.0, 0.0, 0.0, 0.0, 0.0, 0.0, 0.0, 0.0, 1.0, 1.0, 1.0, 1.0, 0.26666666666666666, 0.587142857142, 0.0051359829886479, 0.3333333333333333, 0.24857142857142858, 0.01826460519761248, 0.2733333333333333, 0.181428571428, 0.0005419131062726566, 0.0, 0.0, 0.0, 0.0, 0.0, 0.0, 0.0, 0.0, 0.0, 0.0, 0.0, 0.0, 0.0, 0.0, 0.0, 0.0, 0.0, 0.0, 0.0, 0.0, 0.0, 0.0, 0.0, 0.0, 0.0, 0.0, 0.0, 0.0, 0.0, 0.0, 0.0, 0.0, 0.0, 0.0, 0.0, 0.0, 0.0, 0.0, 0.0, 0.0, 0.0, 0.0, 0.0, 0.0, 0.0, 0.0, 0.0, 0.0, 0.0, 0.0, 0.0, 0.0, 0.0, 0.0, 0.0, 0.0, 0.0, 0.0, 0.0, 0.0, 0.0, 0.0, 0.0, 0.0, 0.0, 0.0, 0.0, 0.0, 0.0, 0.0, 0.0, 0.0, 0.0, 0.0, 0.0, 0.0, 0.0, 0.0, 0.0, 0.0, 0.0, 0.0, 0.0, 0.0, 0.0, 0.0, 0.0, 0.0, 0.0, 0.0, 0.0, 0.0, 0.0, 0.0, 0.0, 0.0, 0.0, 0.0, 0.0, 0.0, 0.0, 0.0, 0.0, 0.0, 0.0, 0.0, 0.0, 0.0, 0.0, 0.0, 0.0, 0.0, 0.0, 0.0, 0.0, 0.0, 0.0, 0.0, 0.0, 0.0, 0.0, 0.0, 0.0, 0.0, 0.0, 0.0, 0.0, 0.0, 0.0, 0.0, 0.0, 0.0, 0.0, 0.0, 0.0, 0.0, 0.0, 0.0, 0.0, 0.0, 0.0, 0.0, 0.0, 0.0, 0.0, 0.0, 0.0, 0.0, 0.0, 0.0, 0.0, 0.0, 0.0, 0.0, 0.0, 0.0, 0.0, 0.0, 0.0, 0.0, 0.0, 0.0, 0.0, 0.0, 0.0, 0.0, 0.0, 0.0, 0.0, 0.0, 0.0, 0.0, 0.0, 0.0, 0.0, 0.0, 0.0, 0.0, 0.0, 0.0, 0.0, 0.0, 0.0],[0, 0, 0, 0, 0, 0, 0, 0, 0, 0, 0, 0, 0, 0, 0, 0, 0, 0, 0, 0, 0, 0, 0, 0, 0, 0, 0, 0, 0, 0, 0, 0, 0, 0, 0, 0, 0, 0, 0, 0, 0, 0, 0, 0, 0, 0, 0, 0, 0, 0, 0, 0, 0, 0, 0, 0, 0, 0, 0, 0, 0, 0, 0, 0]
[0.0, 0.0, 0.0, 0.0, 0.0, 0.0, 0.0, 1.0, 1.0, 1.0, 1.0, 1.0, 1.0, 1.0, 1.0, 1.0, 1.0, 1.0, 1.0, 1.0, 1.0, 1.0, 1.0, 1.0, 1.0, 1.0, 1.0, 1.0, 1.0, 1.0, 1.0, 1.0, 1.0, 1.0, 1.0, 1.0, 0.0, 0.0, 0.0, 0.0, 0.0, 1.0, 1.0, 1.0, 1.0, 0.0, 0.0, 0.0, 0.0, 0.0, 0.0, 0.0, 0.0, 0.0, 0.0, 1.0, 0.0, 0.0, 1.0, 1.0, 1.0, 0.0, 0.0, 0.0, 0.0, 0.0, 0.0, 0.0, 0.0, 0.0, 0.0, 0.0, 0.0, 0.0, 0.0, 0.0, 0.0, 0.0, 0.0, 0.0, 0.0, 0.0, 0.0, 0.0, 0.0, 0.0, 0.0, 0.0, 0.0, 0.0, 0.0, 0.0, 0.0, 0.0, 0.0, 0.0, 0.0, 0.0, 0.0, 0.0, 0.0, 0.0, 0.0, 0.0, 0.0, 0.0, 0.0, 0.0, 0.0, 0.0, 1.0, 1.0, 1.0, 1.0, 0.0, 0.0, 0.0, 0.0, 0.0, 0.0, 0.0, 0.0, 0.0, 0.0, 0.0, 0.0, 0.0, 0.0, 0.0, 0.0, 0.0, 0.0, 0.0, 0.0, 0.0, 0.0, 0.0, 0.0, 0.0, 0.0, 0.0, 0.0, 0.0, 0.0, 0.0, 0.0, 1.0, 1.0, 1.0, 1.0, 0.26666666666666666, 0.587142857142, 0.0051359829886479, 0.3333333333333333, 0.24857142857142858, 0.01826460519761248, 0.2733333333333333, 0.181428571428, 0.0005419131062726566, 0.0, 0.0, 0.0, 0.0, 0.0, 0.0, 0.0, 0.0, 0.0, 0.0, 0.0, 0.0, 0.0, 0.0, 0.0, 0.0, 0.0, 0.0, 0.0, 0.0, 0.0, 0.0, 0.0, 0.0, 0.0, 0.0, 0.0, 0.0, 0.0, 0.0, 0.0, 0.0, 0.0, 0.0, 0.0, 0.0, 0.0, 0.0, 0.0, 0.0, 0.0, 0.0, 0.0, 0.0, 0.0, 0.0, 0.0, 0.0, 0.0, 0.0, 0.0, 0.0, 0.0, 0.0, 0.0, 0.0, 0.0, 0.0, 0.0, 0.0, 0.0, 0.0, 0.0, 0.0, 0.0, 0.0, 0.0, 0.0, 0.0, 0.0, 0.0, 0.0, 0.0, 0.0, 0.0, 0.0, 0.0, 0.0, 0.0, 0.0, 0.0, 0.0, 0.0, 0.0, 0.0, 0.0, 0.0, 0.0, 0.0, 0.0, 0.0, 0.0, 0.0, 0.0, 0.0, 0.0, 0.0, 0.0, 0.0, 0.0, 0.0, 0.0, 0.0, 0.0, 0.0, 0.0, 0.0, 0.0, 0.0, 0.0, 0.0, 0.0, 0.0, 0.0, 0.0, 0.0, 0.0, 0.0, 0.0, 0.0, 0.0, 0.0, 0.0, 0.0, 0.0, 0.0, 0.0, 0.0, 0.0, 0.0, 0.0, 0.0, 0.0, 0.0, 0.0, 0.0, 0.0, 0.0, 0.0, 0.0, 0.0, 0.0, 0.0, 0.0, 0.0, 0.0, 0.0, 0.0, 0.0, 0.0, 0.0, 0.0, 0.0, 0.0, 0.0, 0.0, 0.0, 0.0, 0.0, 0.0, 0.0, 0.0, 0.0, 0.0, 0.0, 0.0, 0.0, 0.0, 0.0, 0.0, 0.0, 0.0, 0.0, 0.0, 0.0, 0.0, 0.0, 0.0, 0.0, 0.0, 0.0, 0.0, 0.0],[1, 0, 0, 0, 0, 0, 0, 0, 0, 0, 0, 0, 0, 0, 0, 0, 0, 0, 0, 0, 0, 0, 0, 0, 0, 0, 0, 0, 0, 0, 0, 0, 0, 0, 0, 0, 0, 0, 0, 0, 0, 0, 0, 0, 0, 0, 0, 0, 0, 0, 0, 0, 0, 0, 0, 0, 0, 0, 0, 0, 0, 0, 0, 0]
[0.0, 0.0, 0.0, 0.0, 0.0, 0.0, 0.0, 0.0, 0.0, 0.0, 0.0, 0.0, 0.0, 0.0, 0.0, 0.0, 0.0, 0.0, 0.0, 0.0, 0.0, 0.0, 0.0, 0.0, 0.0, 0.0, 0.0, 0.0, 0.0, 0.0, 0.0, 0.0, 0.0, 0.0, 0.0, 0.0, 0.0, 0.0, 0.0, 0.0, 0.0, 0.0, 0.0, 0.0, 0.0, 0.0, 0.0, 0.0, 0.0, 0.0, 0.0, 0.0, 0.0, 0.0, 0.0, 0.0, 0.0, 0.0, 0.0, 0.0, 0.0, 0.0, 0.0, 0.0, 0.0, 0.0, 0.0, 0.0, 0.0, 0.0, 0.0, 0.0, 0.0, 0.0, 0.0, 0.0, 0.0, 0.0, 0.0, 0.0, 0.0, 0.0, 0.0, 0.0, 0.0, 0.0, 0.0, 0.0, 0.0, 0.0, 0.0, 0.0, 0.0, 0.0, 0.0, 0.0, 0.0, 0.0, 0.0, 0.0, 0.0, 0.0, 0.0, 0.0, 0.0, 0.0, 0.0, 0.0, 0.0, 0.0, 0.0, 0.0, 0.0, 1.0, 0.0, 0.0, 0.0, 0.0, 0.0, 0.0, 0.0, 0.0, 0.0, 0.0, 0.0, 0.0, 0.0, 0.0, 0.0, 0.0, 0.0, 0.0, 0.0, 0.0, 0.0, 0.0, 0.0, 0.0, 0.0, 0.0, 0.0, 0.0, 0.0, 0.0, 0.0, 0.0, 1.0, 1.0, 1.0, 1.0, 0.3333333333333333, 0.24857142857142858, 0.01826460519761248, 0.2733333333333333, 0.181428571428, 0.0005419131062726566, 0.0, 0.0, 0.0, 0.0, 0.0, 0.0, 0.0, 0.0, 0.0, 0.0, 0.0, 0.0, 0.0, 0.0, 0.0, 0.0, 0.0, 0.0, 0.0, 0.0, 0.0, 0.0, 0.0, 0.0, 0.0, 0.0, 0.0, 0.0, 0.0, 0.0, 0.0, 0.0, 0.0, 0.0, 0.0, 0.0, 0.0, 0.0, 0.0, 0.0, 0.0, 0.0, 0.0, 0.0, 0.0, 0.0, 0.0, 0.0, 0.0, 0.0, 0.0, 0.0, 0.0, 0.0, 0.0, 0.0, 0.0, 0.0, 0.0, 0.0, 0.0, 0.0, 0.0, 0.0, 0.0, 0.0, 0.0, 0.0, 0.0, 0.0, 0.0, 0.0, 0.0, 0.0, 0.0, 0.0, 0.0, 0.0, 0.0, 0.0, 0.0, 0.0, 0.0, 0.0, 0.0, 0.0, 0.0, 0.0, 0.0, 0.0, 0.0, 0.0, 0.0, 0.0, 0.0, 0.0, 0.0, 0.0, 0.0, 0.0, 0.0, 0.0, 0.0, 0.0, 0.0, 0.0, 0.0, 0.0, 0.0, 0.0, 0.0, 0.0, 0.0, 0.0, 0.0, 0.0, 0.0, 0.0, 0.0, 0.0, 0.0, 0.0, 0.0, 0.0, 0.0, 0.0, 0.0, 0.0, 0.0, 0.0, 0.0, 0.0, 0.0, 0.0, 0.0, 0.0, 0.0, 0.0, 0.0, 0.0, 0.0, 0.0, 0.0, 0.0, 0.0, 0.0, 0.0, 0.0, 0.0, 0.0, 0.0, 0.0, 0.0, 0.0, 0.0, 0.0, 0.0, 0.0, 0.0, 0.0, 0.0, 0.0, 0.0, 0.0, 0.0, 0.0, 0.0, 0.0, 0.0, 0.0, 0.0, 0.0, 0.0, 0.0, 0.0, 0.0, 0.0, 0.0, 0.0, 0.0, 0.0, 0.0, 0.0, 0.0, 0.0, 0.0],[0, 0, 0, 0, 0, 0, 0, 0, 0, 0, 0, 0, 0, 0, 0, 0, 0, 0, 0, 0, 0, 0, 0, 0, 0, 0, 0, 0, 0, 0, 0, 0, 0, 0, 0, 0, 0, 0, 0, 0, 0, 0, 0, 0, 0, 0, 0, 0, 0, 0, 0, 0, 0, 0, 0, 0, 0, 0, 0, 0, 0, 0, 0, 0]
[1.0, 1.0, 1.0, 0.0, 0.0, 0.0, 0.0, 0.0, 0.0, 0.0, 0.0, 0.0, 0.0, 0.0, 0.0, 0.0, 0.0, 0.0, 0.0, 0.0, 0.0, 0.0, 0.0, 0.0, 0.0, 0.0, 0.0, 0.0, 0.0, 0.0, 0.0, 0.0, 0.0, 0.0, 0.0, 0.0, 0.0, 0.0, 0.0, 0.0, 0.0, 0.0, 0.0, 0.0, 0.0, 0.0, 0.0, 0.0, 0.0, 0.0, 0.0, 0.0, 0.0, 0.0, 0.0, 0.0, 0.0, 0.0, 0.0, 0.0, 0.0, 0.0, 0.0, 0.0, 0.0, 0.0, 0.0, 0.0, 1.0, 1.0, 1.0, 1.0, 1.0, 1.0, 1.0, 1.0, 1.0, 0.0, 0.0, 0.0, 0.0, 1.0, 1.0, 1.0, 1.0, 1.0, 1.0, 1.0, 1.0, 0.0, 0.0, 0.0, 0.0, 0.0, 0.0, 0.0, 0.0, 0.0, 0.0, 0.0, 0.0, 0.0, 0.0, 0.0, 0.0, 0.0, 0.0, 0.0, 1.0, 1.0, 0.0, 0.0, 0.0, 1.0, 1.0, 1.0, 1.0, 1.0, 1.0, 1.0, 1.0, 1.0, 1.0, 0.0, 0.0, 1.0, 1.0, 1.0, 1.0, 1.0, 1.0, 1.0, 0.0, 0.0, 0.0, 0.0, 0.0, 0.0, 0.0, 0.0, 0.0, 0.0, 0.0, 0.0, 0.0, 0.0, 1.0, 1.0, 1.0, 1.0, 0.3333333333333333, 0.24857142857142858, 0.01826460519761248, 0.2733333333333333, 0.181428571428, 0.0005419131062726566, 0.0, 0.0, 0.0, 0.0, 0.0, 0.0, 0.0, 0.0, 0.0, 0.0, 0.0, 0.0, 0.0, 0.0, 0.0, 0.0, 0.0, 0.0, 0.0, 0.0, 0.0, 0.0, 0.0, 0.0, 0.0, 0.0, 0.0, 0.0, 0.0, 0.0, 0.0, 0.0, 0.0, 0.0, 0.0, 0.0, 0.0, 0.0, 0.0, 0.0, 0.0, 0.0, 0.0, 0.0, 0.0, 0.0, 0.0, 0.0, 0.0, 0.0, 0.0, 0.0, 0.0, 0.0, 0.0, 0.0, 0.0, 0.0, 0.0, 0.0, 0.0, 0.0, 0.0, 0.0, 0.0, 0.0, 0.0, 0.0, 0.0, 0.0, 0.0, 0.0, 0.0, 0.0, 0.0, 0.0, 0.0, 0.0, 0.0, 0.0, 0.0, 0.0, 0.0, 0.0, 0.0, 0.0, 0.0, 0.0, 0.0, 0.0, 0.0, 0.0, 0.0, 0.0, 0.0, 0.0, 0.0, 0.0, 0.0, 0.0, 0.0, 0.0, 0.0, 0.0, 0.0, 0.0, 0.0, 0.0, 0.0, 0.0, 0.0, 0.0, 0.0, 0.0, 0.0, 0.0, 0.0, 0.0, 0.0, 0.0, 0.0, 0.0, 0.0, 0.0, 0.0, 0.0, 0.0, 0.0, 0.0, 0.0, 0.0, 0.0, 0.0, 0.0, 0.0, 0.0, 0.0, 0.0, 0.0, 0.0, 0.0, 0.0, 0.0, 0.0, 0.0, 0.0, 0.0, 0.0, 0.0, 0.0, 0.0, 0.0, 0.0, 0.0, 0.0, 0.0, 0.0, 0.0, 0.0, 0.0, 0.0, 0.0, 0.0, 0.0, 0.0, 0.0, 0.0, 0.0, 0.0, 0.0, 0.0, 0.0, 0.0, 0.0, 0.0, 0.0, 0.0, 0.0, 0.0, 0.0, 0.0, 0.0, 0.0, 0.0, 0.0, 0.0],[0, 1, 0, 0, 0, 0, 0, 0, 0, 0, 0, 0, 0, 0, 0, 0, 0, 0, 0, 0, 0, 0, 0, 0, 0, 0, 0, 0, 0, 0, 0, 0, 0, 0, 0, 0, 0, 0, 0, 0, 0, 0, 0, 0, 0, 0, 0, 0, 0, 0, 0, 0, 0, 0, 0, 0, 0, 0, 0, 0, 0, 0, 0, 0]
[0.0, 0.0, 0.0, 0.0, 0.0, 0.0, 0.0, 0.0, 0.0, 0.0, 0.0, 0.0, 0.0, 0.0, 0.0, 0.0, 0.0, 0.0, 0.0, 0.0, 0.0, 0.0, 0.0, 0.0, 0.0, 0.0, 0.0, 0.0, 0.0, 0.0, 0.0, 0.0, 0.0, 0.0, 0.0, 0.0, 0.0, 0.0, 0.0, 0.0, 0.0, 0.0, 0.0, 0.0, 0.0, 0.0, 0.0, 0.0, 0.0, 0.0, 0.0, 0.0, 0.0, 0.0, 0.0, 0.0, 0.0, 0.0, 0.0, 0.0, 0.0, 0.0, 0.0, 0.0, 0.0, 0.0, 0.0, 0.0, 0.0, 0.0, 0.0, 0.0, 0.0, 0.0, 0.0, 0.0, 0.0, 0.0, 0.0, 0.0, 0.0, 0.0, 0.0, 0.0, 0.0, 0.0, 0.0, 0.0, 0.0, 0.0, 0.0, 0.0, 0.0, 0.0, 0.0, 0.0, 0.0, 0.0, 0.0, 0.0, 0.0, 0.0, 0.0, 0.0, 0.0, 0.0, 0.0, 0.0, 0.0, 0.0, 0.0, 0.0, 0.0, 0.0, 0.0, 0.0, 0.0, 0.0, 0.0, 0.0, 0.0, 0.0, 0.0, 0.0, 0.0, 0.0, 0.0, 0.0, 0.0, 0.0, 0.0, 0.0, 0.0, 0.0, 0.0, 0.0, 0.0, 0.0, 0.0, 0.0, 0.0, 0.0, 0.0, 0.0, 0.0, 0.0, 0.0, 0.0, 1.0, 1.0, 0.3333333333333333, 0.24857142857142858, 0.01826460519761248, 0.0, 0.0, 0.0, 0.0, 0.0, 0.0, 0.0, 0.0, 0.0, 0.0, 0.0, 0.0, 0.0, 0.0, 0.0, 0.0, 0.0, 0.0, 0.0, 0.0, 0.0, 0.0, 0.0, 0.0, 0.0, 0.0, 0.0, 0.0, 0.0, 0.0, 0.0, 0.0, 0.0, 0.0, 0.0, 0.0, 0.0, 0.0, 0.0, 0.0, 0.0, 0.0, 0.0, 0.0, 0.0, 0.0, 0.0, 0.0, 0.0, 0.0, 0.0, 0.0, 0.0, 0.0, 0.0, 0.0, 0.0, 0.0, 0.0, 0.0, 0.0, 0.0, 0.0, 0.0, 0.0, 0.0, 0.0, 0.0, 0.0, 0.0, 0.0, 0.0, 0.0, 0.0, 0.0, 0.0, 0.0, 0.0, 0.0, 0.0, 0.0, 0.0, 0.0, 0.0, 0.0, 0.0, 0.0, 0.0, 0.0, 0.0, 0.0, 0.0, 0.0, 0.0, 0.0, 0.0, 0.0, 0.0, 0.0, 0.0, 0.0, 0.0, 0.0, 0.0, 0.0, 0.0, 0.0, 0.0, 0.0, 0.0, 0.0, 0.0, 0.0, 0.0, 0.0, 0.0, 0.0, 0.0, 0.0, 0.0, 0.0, 0.0, 0.0, 0.0, 0.0, 0.0, 0.0, 0.0, 0.0, 0.0, 0.0, 0.0, 0.0, 0.0, 0.0, 0.0, 0.0, 0.0, 0.0, 0.0, 0.0, 0.0, 0.0, 0.0, 0.0, 0.0, 0.0, 0.0, 0.0, 0.0, 0.0, 0.0, 0.0, 0.0, 0.0, 0.0, 0.0, 0.0, 0.0, 0.0, 0.0, 0.0, 0.0, 0.0, 0.0, 0.0, 0.0, 0.0, 0.0, 0.0, 0.0, 0.0, 0.0, 0.0, 0.0, 0.0, 0.0, 0.0, 0.0, 0.0, 0.0, 0.0, 0.0, 0.0, 0.0, 0.0, 0.0, 0.0, 0.0],[0, 0, 0, 0, 0, 0, 0, 0, 0, 0, 0, 0, 0, 0, 0, 0, 0, 0, 0, 0, 0, 0, 0, 0, 0, 0, 0, 0, 0, 0, 0, 0, 0, 0, 0, 0, 0, 0, 0, 0, 0, 0, 0, 0, 0, 0, 0, 0, 0, 0, 0, 0, 0, 0, 0, 0, 0, 0, 0, 0, 0, 0, 0, 0]
[0.0, 0.0, 0.0, 0.0, 0.0, 0.0, 0.0, 0.0, 0.0, 0.0, 0.0, 0.0, 0.0, 0.0, 0.0, 0.0, 0.0, 0.0, 0.0, 0.0, 0.0, 0.0, 0.0, 0.0, 0.0, 0.0, 0.0, 0.0, 0.0, 0.0, 0.0, 0.0, 0.0, 0.0, 0.0, 0.0, 0.0, 0.0, 0.0, 0.0, 0.0, 0.0, 0.0, 0.0, 0.0, 1.0, 1.0, 1.0, 1.0, 1.0, 1.0, 1.0, 1.0, 1.0, 1.0, 0.0, 1.0, 1.0, 0.0, 0.0, 0.0, 1.0, 1.0, 1.0, 1.0, 0.0, 0.0, 1.0, 0.0, 0.0, 0.0, 0.0, 0.0, 0.0, 0.0, 0.0, 0.0, 1.0, 1.0, 1.0, 1.0, 0.0, 0.0, 0.0, 0.0, 0.0, 0.0, 0.0, 0.0, 1.0, 1.0, 1.0, 1.0, 1.0, 1.0, 1.0, 1.0, 1.0, 1.0, 1.0, 1.0, 1.0, 1.0, 1.0, 1.0, 1.0, 1.0, 1.0, 0.0, 0.0, 0.0, 0.0, 0.0, 0.0, 0.0, 0.0, 0.0, 0.0, 0.0, 0.0, 0.0, 0.0, 0.0, 0.0, 0.0, 0.0, 0.0, 0.0, 0.0, 0.0, 0.0, 0.0, 1.0, 1.0, 1.0, 1.0, 1.0, 1.0, 1.0, 0.0, 0.0, 0.0, 0.0, 0.0, 0.0, 0.0, 0.0, 0.0, 1.0, 1.0, 0.3333333333333333, 0.24857142857142858, 0.01826460519761248, 0.0, 0.0, 0.0, 0.0, 0.0, 0.0, 0.0, 0.0, 0.0, 0.0, 0.0, 0.0, 0.0, 0.0, 0.0, 0.0, 0.0, 0.0, 0.0, 0.0, 0.0, 0.0, 0.0, 0.0, 0.0, 0.0, 0.0, 0.0, 0.0, 0.0, 0.0, 0.0, 0.0, 0.0, 0.0, 0.0, 0.0, 0.0, 0.0, 0.0, 0.0, 0.0, 0.0, 0.0, 0.0, 0.0, 0.0, 0.0, 0.0, 0.0, 0.0, 0.0, 0.0, 0.0, 0.0, 0.0, 0.0, 0.0, 0.0, 0.0, 0.0, 0.0, 0.0, 0.0, 0.0, 0.0, 0.0, 0.0, 0.0, 0.0, 0.0, 0.0, 0.0, 0.0, 0.0, 0.0, 0.0, 0.0, 0.0, 0.0, 0.0, 0.0, 0.0, 0.0, 0.0, 0.0, 0.0, 0.0, 0.0, 0.0, 0.0, 0.0, 0.0, 0.0, 0.0, 0.0, 0.0, 0.0, 0.0, 0.0, 0.0, 0.0, 0.0, 0.0, 0.0, 0.0, 0.0, 0.0, 0.0, 0.0, 0.0, 0.0, 0.0, 0.0, 0.0, 0.0, 0.0, 0.0, 0.0, 0.0, 0.0, 0.0, 0.0, 0.0, 0.0, 0.0, 0.0, 0.0, 0.0, 0.0, 0.0, 0.0, 0.0, 0.0, 0.0, 0.0, 0.0, 0.0, 0.0, 0.0, 0.0, 0.0, 0.0, 0.0, 0.0, 0.0, 0.0, 0.0, 0.0, 0.0, 0.0, 0.0, 0.0, 0.0, 0.0, 0.0, 0.0, 0.0, 0.0, 0.0, 0.0, 0.0, 0.0, 0.0, 0.0, 0.0, 0.0, 0.0, 0.0, 0.0, 0.0, 0.0, 0.0, 0.0, 0.0, 0.0, 0.0, 0.0, 0.0, 0.0, 0.0, 0.0, 0.0, 0.0, 0.0, 0.0, 0.0, 0.0, 0.0],[0, 0, 0, 0, 0, 0, 0, 0, 0, 0, 0, 0, 0, 0, 0, 0, 0, 0, 0, 0, 0, 0, 0, 0, 0, 0, 0, 0, 0, 0, 0, 0, 0, 0, 0, 0, 0, 0, 0, 0, 0, 0, 0, 0, 0, 0, 0, 0, 0, 0, 0, 0, 0, 0, 0, 0, 0, 0, 0, 0, 0, 0, 0, 0]
[1.0, 1.0, 1.0, 0.0, 0.0, 0.0, 0.0, 0.0, 0.0, 0.0, 0.0, 0.0, 0.0, 0.0, 0.0, 0.0, 0.0, 0.0, 0.0, 0.0, 0.0, 0.0, 0.0, 0.0, 0.0, 0.0, 0.0, 0.0, 0.0, 0.0, 0.0, 0.0, 0.0, 0.0, 0.0, 0.0, 0.0, 0.0, 0.0, 0.0, 0.0, 0.0, 0.0, 0.0, 0.0, 1.0, 1.0, 1.0, 1.0, 1.0, 1.0, 1.0, 1.0, 1.0, 1.0, 0.0, 1.0, 1.0, 0.0, 0.0, 0.0, 1.0, 1.0, 1.0, 1.0, 0.0, 0.0, 1.0, 1.0, 1.0, 1.0, 1.0, 1.0, 1.0, 1.0, 1.0, 1.0, 1.0, 1.0, 1.0, 1.0, 1.0, 1.0, 1.0, 1.0, 1.0, 1.0, 1.0, 1.0, 1.0, 1.0, 1.0, 1.0, 1.0, 1.0, 1.0, 1.0, 1.0, 1.0, 1.0, 1.0, 1.0, 1.0, 1.0, 1.0, 1.0, 1.0, 1.0, 1.0, 1.0, 0.0, 0.0, 0.0, 1.0, 1.0, 1.0, 1.0, 1.0, 1.0, 1.0, 1.0, 1.0, 1.0, 0.0, 0.0, 1.0, 1.0, 1.0, 1.0, 1.0, 1.0, 1.0, 1.0, 1.0, 1.0, 1.0, 1.0, 1.0, 1.0, 0.0, 0.0, 0.0, 0.0, 0.0, 0.0, 0.0, 1.0, 1.0, 1.0, 1.0, 0.3333333333333333, 0.24857142857142858, 0.01826460519761248, 0.0, 0.0, 0.0, 0.0, 0.0, 0.0, 0.0, 0.0, 0.0, 0.0, 0.0, 0.0, 0.0, 0.0, 0.0, 0.0, 0.0, 0.0, 0.0, 0.0, 0.0, 0.0, 0.0, 0.0, 0.0, 0.0, 0.0, 0.0, 0.0, 0.0, 0.0, 0.0, 0.0, 0.0, 0.0, 0.0, 0.0, 0.0, 0.0, 0.0, 0.0, 0.0, 0.0, 0.0, 0.0, 0.0, 0.0, 0.0, 0.0, 0.0, 0.0, 0.0, 0.0, 0.0, 0.0, 0.0, 0.0, 0.0, 0.0, 0.0, 0.0, 0.0, 0.0, 0.0, 0.0, 0.0, 0.0, 0.0, 0.0, 0.0, 0.0, 0.0, 0.0, 0.0, 0.0, 0.0, 0.0, 0.0, 0.0, 0.0, 0.0, 0.0, 0.0, 0.0, 0.0, 0.0, 0.0, 0.0, 0.0, 0.0, 0.0, 0.0, 0.0, 0.0, 0.0, 0.0, 0.0, 0.0, 0.0, 0.0, 0.0, 0.0, 0.0, 0.0, 0.0, 0.0, 0.0, 0.0, 0.0, 0.0, 0.0, 0.0, 0.0, 0.0, 0.0, 0.0, 0.0, 0.0, 0.0, 0.0, 0.0, 0.0, 0.0, 0.0, 0.0, 0.0, 0.0, 0.0, 0.0, 0.0, 0.0, 0.0, 0.0, 0.0, 0.0, 0.0, 0.0, 0.0, 0.0, 0.0, 0.0, 0.0, 0.0, 0.0, 0.0, 0.0, 0.0, 0.0, 0.0, 0.0, 0.0, 0.0, 0.0, 0.0, 0.0, 0.0, 0.0, 0.0, 0.0, 0.0, 0.0, 0.0, 0.0, 0.0, 0.0, 0.0, 0.0, 0.0, 0.0, 0.0, 0.0, 0.0, 0.0, 0.0, 0.0, 0.0, 0.0, 0.0, 0.0, 0.0, 0.0, 0.0, 0.0, 0.0, 0.0, 0.0, 0.0, 0.0, 0.0],[1, 0, 0, 0, 0, 0, 0, 0, 0, 0, 0, 0, 0, 0, 0, 0, 0, 0, 0, 0, 0, 0, 0, 0, 0, 0, 0, 0, 0, 0, 0, 0, 0, 0, 0, 0, 0, 0, 0, 0, 0, 0, 0, 0, 0, 0, 0, 0, 0, 0, 0, 0, 0, 0, 0, 0, 0, 0, 0, 0, 0, 0, 0, 0]
[0, 0, 0, 0, 0, 0, 0, 0, 0, 0, 0, 0, 0, 0, 0, 0, 0, 0, 0, 0, 0, 0, 0, 0, 0, 0, 0, 0, 0, 0, 0, 0, 0, 0, 0, 0, 0, 0, 0, 0, 0, 0, 0, 0, 0, 0, 0, 0, 0, 0, 0, 0, 0, 0, 0, 0, 0, 0, 0, 0, 0, 0, 0, 0, 0, 0, 0, 0, 0, 0, 0, 0, 0, 0, 0, 0, 0, 0, 0, 0, 0, 0, 0, 0, 0, 0, 0, 0, 0, 0, 0, 0, 0, 0, 0, 0, 0, 0, 1, 1, 1, 1, 1, 1, 1, 1, 1, 1, 1, 1, 0, 0, 0, 1, 1, 1, 1, 1, 1, 1, 1, 1, 1, 0, 0, 1, 1, 1, 1, 1, 1, 1, 1, 1, 1, 1, 1, 1, 1, 0, 0, 0, 0, 0, 0, 0, 1, 1, 1, 1, 0, 0, 0, 0, 0, 0, 0, 0, 0, 0, 0, 0, 0, 0, 0, 0, 0, 0, 0, 0, 0, 0, 0, 0, 0, 0, 0, 0, 0, 0, 0, 0, 0, 0, 0, 0, 0, 0, 0, 0, 0, 0, 0, 0, 0, 0, 0, 0, 0, 0, 0, 0, 0, 0, 0, 0, 0, 0, 0, 0, 0, 0, 0, 0, 0, 0, 0, 0, 0, 0, 0, 0, 0, 0, 0, 0, 0, 0, 0, 0, 0, 0, 0, 0, 0, 0, 0, 0, 0, 0, 0, 0, 0, 0, 0, 0, 0, 0, 0, 0, 0, 0, 0, 0, 0, 0, 0, 0, 0, 0, 0, 0, 0, 0, 0, 0, 0, 0, 0, 0, 0, 0, 0, 0, 0, 0, 0, 0, 0, 0, 0, 0, 0, 0, 0, 0, 0, 0, 0, 0, 0, 0, 0, 0, 0, 0, 0, 0, 0, 0, 0, 0, 0, 0, 0, 0, 0, 0, 0, 0, 0, 0, 0, 0, 0, 0, 0, 0, 0, 0, 0, 0, 0, 0, 0, 0, 0, 0, 0, 0, 0, 0, 0, 0, 0, 0, 0, 0, 0, 0, 0, 0],[0, 0, 0, 0, 0, 0, 0, 0, 0, 0, 0, 0, 0, 0, 0, 0, 0, 0, 0, 0, 0, 0, 0, 0, 0, 0, 0, 0, 0, 0, 0, 0, 0, 0, 0, 0, 0, 0, 0, 0, 0, 0, 0, 0, 0, 0, 0, 0, 0, 0, 0, 0, 0, 0, 0, 0, 0, 0, 0, 0, 0, 0, 0, 0]
[0, 0, 0, 0, 0, 0, 0, 1, 1, 1, 1, 1, 1, 1, 1, 1, 1, 1, 1, 1, 1, 1, 1, 1, 1, 1, 1, 1, 1, 1, 1, 1, 1, 1, 1, 1, 0, 0, 0, 0, 0, 1, 1, 1, 1, 0, 0, 0, 0, 0, 0, 0, 0, 0, 0, 1, 0, 0, 1, 1, 1, 0, 0, 0, 0, 0, 0, 0, 0, 0, 0, 0, 0, 0, 0, 0, 0, 0, 0, 0, 0, 0, 0, 0, 0, 0, 0, 0, 0, 0, 0, 0, 0, 0, 0, 0, 0, 0, 1, 1, 1, 1, 1, 1, 1, 1, 1, 1, 1, 1, 1, 1, 1, 1, 1, 1, 1, 1, 1, 1, 1, 1, 1, 0, 0, 1, 1, 1, 1, 1, 1, 1, 1, 1, 1, 1, 1, 1, 1, 0, 0, 0, 0, 0, 0, 0, 1, 1, 1, 1, 0, 0, 0, 0, 0, 0, 0, 0, 0, 0, 0, 0, 0, 0, 0, 0, 0, 0, 0, 0, 0, 0, 0, 0, 0, 0, 0, 0, 0, 0, 0, 0, 0, 0, 0, 0, 0, 0, 0, 0, 0, 0, 0, 0, 0, 0, 0, 0, 0, 0, 0, 0, 0, 0, 0, 0, 0, 0, 0, 0, 0, 0, 0, 0, 0, 0, 0, 0, 0, 0, 0, 0, 0, 0, 0, 0, 0, 0, 0, 0, 0, 0, 0, 0, 0, 0, 0, 0, 0, 0, 0, 0, 0, 0, 0, 0, 0, 0, 0, 0, 0, 0, 0, 0, 0, 0, 0, 0, 0, 0, 0, 0, 0, 0, 0, 0, 0, 0, 0, 0, 0, 0, 0, 0, 0, 0, 0, 0, 0, 0, 0, 0, 0, 0, 0, 0, 0, 0, 0, 0, 0, 0, 0, 0, 0, 0, 0, 0, 0, 0, 0, 0, 0, 0, 0, 0, 0, 0, 0, 0, 0, 0, 0, 0, 0, 0, 0, 0, 0, 0, 0, 0, 0, 0, 0, 0, 0, 0, 0, 0, 0, 0, 0, 0, 0, 0, 0, 0, 0, 0, 0, 0],[0, 0, 0, 0, 0, 0, 0, 0, 0, 0, 0, 0, 0, 0, 0, 0, 0, 0, 0, 0, 0, 0, 0, 0, 0, 0, 0, 0, 0, 0, 0, 0, 0, 0, 0, 0, 0, 0, 0, 0, 0, 0, 0, 0, 0, 0, 0, 0, 0, 0, 0, 0, 0, 0, 0, 0, 0, 0, 0, 0, 0, 0, 0, 0]
[1, 1, 1, 0, 0, 0, 0, 1, 1, 1, 1, 1, 1, 1, 1, 1, 1, 1, 1, 1, 1, 1, 1, 1, 1, 1, 1, 1, 1, 1, 1, 1, 1, 1, 1, 1, 0, 0, 0, 0, 0, 1, 1, 1, 1, 1, 1, 1, 1, 1, 1, 1, 1, 1, 1, 1, 1, 1, 1, 1, 1, 1, 1, 1, 1, 0, 0, 1, 1, 1, 1, 1, 1, 1, 1, 1, 1, 1, 1, 1, 1, 1, 1, 1, 1, 1, 1, 1, 1, 1, 1, 1, 1, 1, 1, 1, 1, 1, 1, 1, 1, 1, 1, 1, 1, 1, 1, 1, 1, 1, 1, 1, 1, 1, 1, 1, 1, 1, 1, 1, 1, 1, 1, 0, 0, 1, 1, 1, 1, 1, 1, 1, 1, 1, 1, 1, 1, 1, 1, 0, 0, 0, 0, 0, 0, 0, 1, 1, 1, 1, 0, 0, 0, 0, 0, 0, 0, 0, 0, 0, 0, 0, 0, 0, 0, 0, 0, 0, 0, 0, 0, 0, 0, 0, 0, 0, 0, 0, 0, 0, 0, 0, 0, 0, 0, 0, 0, 0, 0, 0, 0, 0, 0, 0, 0, 0, 0, 0, 0, 0, 0, 0, 0, 0, 0, 0, 0, 0, 0, 0, 0, 0, 0, 0, 0, 0, 0, 0, 0, 0, 0, 0, 0, 0, 0, 0, 0, 0, 0, 0, 0, 0, 0, 0, 0, 0, 0, 0, 0, 0, 0, 0, 0, 0, 0, 0, 0, 0, 0, 0, 0, 0, 0, 0, 0, 0, 0, 0, 0, 0, 0, 0, 0, 0, 0, 0, 0, 0, 0, 0, 0, 0, 0, 0, 0, 0, 0, 0, 0, 0, 0, 0, 0, 0, 0, 0, 0, 0, 0, 0, 0, 0, 0, 0, 0, 0, 0, 0, 0, 0, 0, 0, 0, 0, 0, 0, 0, 0, 0, 0, 0, 0, 0, 0, 0, 0, 0, 0, 0, 0, 0, 0, 0, 0, 0, 0, 0, 0, 0, 0, 0, 0, 0, 0, 0, 0, 0, 0, 0, 0, 0, 0],[0, 0, 0, 0, 0, 0, 0, 0, 0, 0, 0, 0, 0, 0, 0, 0, 0, 0, 0, 0, 0, 0, 0, 0, 0, 0, 0, 0, 0, 0, 0, 0, 0, 0, 0, 0, 0, 0, 0, 0, 0, 0, 0, 0, 0, 0, 0, 0, 0, 0, 0, 0, 0, 0, 0, 0, 0, 0, 0, 0, 0, 0, 0, 0]
[1.0, 1.0, 1.0, 0.0, 1.0, 1.0, 1.0, 1.0, 1.0, 1.0, 1.0, 1.0, 1.0, 1.0, 1.0, 1.0, 1.0, 1.0, 1.0, 1.0, 1.0, 1.0, 1.0, 1.0, 1.0, 1.0, 1.0, 1.0, 1.0, 1.0, 1.0, 1.0, 1.0, 1.0, 1.0, 1.0, 0.0, 0.0, 0.0, 0.0, 0.0, 1.0, 1.0, 1.0, 1.0, 1.0, 1.0, 1.0, 1.0, 1.0, 1.0, 1.0, 1.0, 1.0, 1.0, 1.0, 1.0, 1.0, 1.0, 1.0, 1.0, 1.0, 1.0, 1.0, 1.0, 1.0, 1.0, 1.0, 1.0, 1.0, 1.0, 1.0, 1.0, 1.0, 1.0, 1.0, 1.0, 1.0, 1.0, 1.0, 1.0, 1.0, 1.0, 1.0, 1.0, 1.0, 1.0, 1.0, 1.0, 1.0, 1.0, 1.0, 1.0, 1.0, 1.0, 1.0, 1.0, 1.0, 1.0, 1.0, 1.0, 1.0, 1.0, 1.0, 1.0, 1.0, 1.0, 1.0, 1.0, 1.0, 1.0, 1.0, 1.0, 1.0, 1.0, 1.0, 1.0, 1.0, 1.0, 1.0, 1.0, 1.0, 1.0, 0.0, 0.0, 1.0, 1.0, 1.0, 1.0, 1.0, 1.0, 1.0, 1.0, 1.0, 1.0, 1.0, 1.0, 1.0, 1.0, 0.0, 0.0, 0.0, 0.0, 0.0, 0.0, 0.0, 1.0, 1.0, 1.0, 1.0, 0.04, 0.14857142857139144, 0.01399586605180683, 0.0, 0.0, 0.0, 0.0, 0.0, 0.0, 0.0, 0.0, 0.0, 0.0, 0.0, 0.0, 0.0, 0.0, 0.0, 0.0, 0.0, 0.0, 0.0, 0.0, 0.0, 0.0, 0.0, 0.0, 0.0, 0.0, 0.0, 0.0, 0.0, 0.0, 0.0, 0.0, 0.0, 0.0, 0.0, 0.0, 0.0, 0.0, 0.0, 0.0, 0.0, 0.0, 0.0, 0.0, 0.0, 0.0, 0.0, 0.0, 0.0, 0.0, 0.0, 0.0, 0.0, 0.0, 0.0, 0.0, 0.0, 0.0, 0.0, 0.0, 0.0, 0.0, 0.0, 0.0, 0.0, 0.0, 0.0, 0.0, 0.0, 0.0, 0.0, 0.0, 0.0, 0.0, 0.0, 0.0, 0.0, 0.0, 0.0, 0.0, 0.0, 0.0, 0.0, 0.0, 0.0, 0.0, 0.0, 0.0, 0.0, 0.0, 0.0, 0.0, 0.0, 0.0, 0.0, 0.0, 0.0, 0.0, 0.0, 0.0, 0.0, 0.0, 0.0, 0.0, 0.0, 0.0, 0.0, 0.0, 0.0, 0.0, 0.0, 0.0, 0.0, 0.0, 0.0, 0.0, 0.0, 0.0, 0.0, 0.0, 0.0, 0.0, 0.0, 0.0, 0.0, 0.0, 0.0, 0.0, 0.0, 0.0, 0.0, 0.0, 0.0, 0.0, 0.0, 0.0, 0.0, 0.0, 0.0, 0.0, 0.0, 0.0, 0.0, 0.0, 0.0, 0.0, 0.0, 0.0, 0.0, 0.0, 0.0, 0.0, 0.0, 0.0, 0.0, 0.0, 0.0, 0.0, 0.0, 0.0, 0.0, 0.0, 0.0, 0.0, 0.0, 0.0, 0.0, 0.0, 0.0, 0.0, 0.0, 0.0, 0.0, 0.0, 0.0, 0.0, 0.0, 0.0, 0.0, 0.0, 0.0, 0.0, 0.0, 0.0, 0.0, 0.0, 0.0, 0.0, 0.0],[1, 0, 0, 0, 0, 0, 0, 0, 0, 0, 0, 0, 0, 0, 0, 0, 0, 0, 0, 0, 0, 0, 0, 0, 0, 0, 0, 0, 0, 0, 0, 0, 0, 0, 0, 0, 0, 0, 0, 0, 0, 0, 0, 0, 0, 0, 0, 0, 0, 0, 0, 0, 0, 0, 0, 0, 0, 0, 0, 0, 0, 0, 0, 0]
[0, 0, 0, 0, 0, 0, 0, 1, 1, 1, 1, 1, 1, 1, 1, 1, 1, 1, 1, 1, 1, 1, 1, 1, 1, 1, 1, 1, 1, 1, 1, 1, 1, 1, 1, 1, 0, 0, 0, 0, 0, 1, 1, 1, 1, 1, 1, 1, 1, 1, 1, 1, 1, 1, 1, 1, 1, 1, 1, 1, 1, 1, 1, 1, 1, 1, 1, 1, 1, 1, 1, 1, 1, 1, 1, 1, 1, 1, 1, 1, 1, 1, 1, 1, 1, 1, 1, 1, 1, 1, 1, 1, 1, 1, 1, 1, 1, 1, 1, 1, 1, 1, 1, 1, 1, 1, 1, 1, 1, 1, 1, 1, 1, 1, 1, 1, 1, 1, 1, 1, 1, 1, 1, 0, 0, 1, 1, 1, 1, 1, 1, 1, 1, 1, 1, 1, 1, 1, 1, 0, 0, 0, 0, 0, 0, 0, 1, 1, 1, 1, 0, 0, 0, 0, 0, 0, 0, 0, 0, 0, 0, 0, 0, 0, 0, 0, 0, 0, 0, 0, 0, 0, 0, 0, 0, 0, 0, 0, 0, 0, 0, 0, 0, 0, 0, 0, 0, 0, 0, 0, 0, 0, 0, 0, 0, 0, 0, 0, 0, 0, 0, 0, 0, 0, 0, 0, 0, 0, 0, 0, 0, 0, 0, 0, 0, 0, 0, 0, 0, 0, 0, 0, 0, 0, 0, 0, 0, 0, 0, 0, 0, 0, 0, 0, 0, 0, 0, 0, 0, 0, 0, 0, 0, 0, 0, 0, 0, 0, 0, 0, 0, 0, 0, 0, 0, 0, 0, 0, 0, 0, 0, 0, 0, 0, 0, 0, 0, 0, 0, 0, 0, 0, 0, 0, 0, 0, 0, 0, 0, 0, 0, 0, 0, 0, 0, 0, 0, 0, 0, 0, 0, 0, 0, 0, 0, 0, 0, 0, 0, 0, 0, 0, 0, 0, 0, 0, 0, 0, 0, 0, 0, 0, 0, 0, 0, 0, 0, 0, 0, 0, 0, 0, 0, 0, 0, 0, 0, 0, 0, 0, 0, 0, 0, 0, 0, 0, 0, 0, 0, 0, 0, 0],[0, 0, 0, 0, 0, 0, 0, 0, 0, 0, 0, 0, 0, 0, 0, 0, 0, 0, 0, 0, 0, 0, 0, 0, 0, 0, 0, 0, 0, 0, 0, 0, 0, 0, 0, 0, 0, 0, 0, 0, 0, 0, 0, 0, 0, 0, 0, 0, 0, 0, 0, 0, 0, 0, 0, 0, 0, 0, 0, 0, 0, 0, 0, 0]
[1, 1, 1, 0, 1, 1, 1, 1, 1, 1, 1, 1, 1, 1, 1, 1, 1, 1, 1, 1, 1, 1, 1, 1, 1, 1, 1, 1, 1, 1, 1, 1, 1, 1, 1, 1, 0, 0, 0, 0, 0, 1, 1, 1, 1, 1, 1, 1, 1, 1, 1, 1, 1, 1, 1, 1, 1, 1, 1, 1, 1, 1, 1, 1, 1, 1, 1, 1, 1, 1, 1, 1, 1, 1, 1, 1, 1, 1, 1, 1, 1, 1, 1, 1, 1, 1, 1, 1, 1, 1, 1, 1, 1, 1, 1, 1, 1, 1, 1, 1, 1, 1, 1, 1, 1, 1, 1, 1, 1, 1, 1, 1, 1, 1, 1, 1, 1, 1, 1, 1, 1, 1, 1, 0, 0, 1, 1, 1, 1, 1, 1, 1, 1, 1, 1, 1, 1, 1, 1, 0, 0, 0, 0, 0, 0, 0, 1, 1, 1, 1, 0, 0, 0, 0, 0, 0, 0, 0, 0, 0, 0, 0, 0, 0, 0, 0, 0, 0, 0, 0, 0, 0, 0, 0, 0, 0, 0, 0, 0, 0, 0, 0, 0, 0, 0, 0, 0, 0, 0, 0, 0, 0, 0, 0, 0, 0, 0, 0, 0, 0, 0, 0, 0, 0, 0, 0, 0, 0, 0, 0, 0, 0, 0, 0, 0, 0, 0, 0, 0, 0, 0, 0, 0, 0, 0, 0, 0, 0, 0, 0, 0, 0, 0, 0, 0, 0, 0, 0, 0, 0, 0, 0, 0, 0, 0, 0, 0, 0, 0, 0, 0, 0, 0, 0, 0, 0, 0, 0, 0, 0, 0, 0, 0, 0, 0, 0, 0, 0, 0, 0, 0, 0, 0, 0, 0, 0, 0, 0, 0, 0, 0, 0, 0, 0, 0, 0, 0, 0, 0, 0, 0, 0, 0, 0, 0, 0, 0, 0, 0, 0, 0, 0, 0, 0, 0, 0, 0, 0, 0, 0, 0, 0, 0, 0, 0, 0, 0, 0, 0, 0, 0, 0, 0, 0, 0, 0, 0, 0, 0, 0, 0, 0, 0, 0, 0, 0, 0, 0, 0, 0, 0, 0],[0, 0, 0, 0, 0, 0, 0, 0, 0, 0, 0, 0, 0, 0, 0, 0, 0, 0, 0, 0, 0, 0, 0, 0, 0, 0, 0, 0, 0, 0, 0, 0, 0, 0, 0, 0, 0, 0, 0, 0, 0, 0, 0, 0, 0, 0, 0, 0, 0, 0, 0, 0, 0, 0, 0, 0, 0, 0, 0, 0, 0, 0, 0, 0]
[1, 1, 1, 0, 1, 1, 1, 1, 1, 1, 1, 1, 1, 1, 1, 1, 1, 1, 1, 1, 1, 1, 1, 1, 1, 1, 1, 1, 1, 1, 1, 1, 1, 1, 1, 1, 0, 0, 0, 0, 0, 1, 1, 1, 1, 1, 1, 1, 1, 1, 1, 1, 1, 1, 1, 1, 1, 1, 1, 1, 1, 1, 1, 1, 1, 1, 1, 1, 1, 1, 1, 1, 1, 1, 1, 1, 1, 1, 1, 1, 1, 1, 1, 1, 1, 1, 1, 1, 1, 1, 1, 1, 1, 1, 1, 1, 1, 1, 1, 1, 1, 1, 1, 1, 1, 1, 1, 1, 1, 1, 1, 1, 1, 1, 1, 1, 1, 1, 1, 1, 1, 1, 1, 0, 0, 1, 1, 1, 1, 1, 1, 1, 1, 1, 1, 1, 1, 1, 1, 1, 0, 1, 1, 1, 1, 0, 1, 1, 1, 1, 0, 0, 0, 0, 0, 0, 0, 0, 0, 0, 0, 0, 0, 0, 0, 0, 0, 0, 0, 0, 0, 0, 0, 0, 0, 0, 0, 0, 0, 0, 0, 0, 0, 0, 0, 0, 0, 0, 0, 0, 0, 0, 0, 0, 0, 0, 0, 0, 0, 0, 0, 0, 0, 0, 0, 0, 0, 0, 0, 0, 0, 0, 0, 0, 0, 0, 0, 0, 0, 0, 0, 0, 0, 0, 0, 0, 0, 0, 0, 0, 0, 0, 0, 0, 0, 0, 0, 0, 0, 0, 0, 0, 0, 0, 0, 0, 0, 0, 0, 0, 0, 0, 0, 0, 0, 0, 0, 0, 0, 0, 0, 0, 0, 0, 0, 0, 0, 0, 0, 0, 0, 0, 0, 0, 0, 0, 0, 0, 0, 0, 0, 0, 0, 0, 0, 0, 0, 0, 0, 0, 0, 0, 0, 0, 0, 0, 0, 0, 0, 0, 0, 0, 0, 0, 0, 0, 0, 0, 0, 0, 0, 0, 0, 0, 0, 0, 0, 0, 0, 0, 0, 0, 0, 0, 0, 0, 0, 0, 0, 0, 0, 0, 0, 0, 0, 0, 0, 0, 0, 0, 0, 0],[0, 0, 0, 0, 0, 0, 0, 0, 0, 0, 0, 0, 0, 0, 0, 0, 0, 0, 0, 0, 0, 0, 0, 0, 0, 0, 0, 0, 0, 0, 0, 0, 0, 0, 0, 0, 0, 0, 0, 0, 0, 0, 0, 0, 0, 0, 0, 0, 0, 0, 0, 0, 0, 0, 0, 0, 0, 0, 0, 0, 0, 0, 0, 0]
[1, 1, 1, 0, 1, 1, 1, 1, 1, 1, 1, 1, 1, 1, 1, 1, 1, 1, 1, 1, 1, 1, 1, 1, 1, 1, 1, 1, 1, 1, 1, 1, 1, 1, 1, 1, 0, 0, 0, 0, 0, 1, 1, 1, 1, 1, 1, 1, 1, 1, 1, 1, 1, 1, 1, 1, 1, 1, 1, 1, 1, 1, 1, 1, 1, 1, 1, 1, 1, 1, 1, 1, 1, 1, 1, 1, 1, 1, 1, 1, 1, 1, 1, 1, 1, 1, 1, 1, 1, 1, 1, 1, 1, 1, 1, 1, 1, 1, 1, 1, 1, 1, 1, 1, 1, 1, 1, 1, 1, 1, 1, 1, 1, 1, 1, 1, 1, 1, 1, 1, 1, 1, 1, 1, 1, 1, 1, 1, 1, 1, 1, 1, 1, 1, 1, 1, 1, 1, 1, 1, 0, 1, 1, 1, 1, 1, 1, 1, 1, 1, 0, 0, 0, 0, 0, 0, 0, 0, 0, 0, 0, 0, 0, 0, 0, 0, 0, 0, 0, 0, 0, 0, 0, 0, 0, 0, 0, 0, 0, 0, 0, 0, 0, 0, 0, 0, 0, 0, 0, 0, 0, 0, 0, 0, 0, 0, 0, 0, 0, 0, 0, 0, 0, 0, 0, 0, 0, 0, 0, 0, 0, 0, 0, 0, 0, 0, 0, 0, 0, 0, 0, 0, 0, 0, 0, 0, 0, 0, 0, 0, 0, 0, 0, 0, 0, 0, 0, 0, 0, 0, 0, 0, 0, 0, 0, 0, 0, 0, 0, 0, 0, 0, 0, 0, 0, 0, 0, 0, 0, 0, 0, 0, 0, 0, 0, 0, 0, 0, 0, 0, 0, 0, 0, 0, 0, 0, 0, 0, 0, 0, 0, 0, 0, 0, 0, 0, 0, 0, 0, 0, 0, 0, 0, 0, 0, 0, 0, 0, 0, 0, 0, 0, 0, 0, 0, 0, 0, 0, 0, 0, 0, 0, 0, 0, 0, 0, 0, 0, 0, 0, 0, 0, 0, 0, 0, 0, 0, 0, 0, 0, 0, 0, 0, 0, 0, 0, 0, 0, 0, 0, 0, 0],[0, 0, 0, 0, 0, 0, 0, 0, 0, 0, 0, 0, 0, 0, 0, 0, 0, 0, 0, 0, 0, 0, 0, 0, 0, 0, 0, 0, 0, 0, 0, 0, 0, 0, 0, 0, 0, 0, 0, 0, 0, 0, 0, 0, 0, 0, 0, 0, 0, 0, 0, 0, 0, 0, 0, 0, 0, 0, 0, 0, 0, 0, 0, 0]
[1, 1, 1, 0, 1, 1, 1, 1, 1, 1, 1, 1, 1, 1, 1, 1, 1, 1, 1, 1, 1, 1, 1, 1, 1, 1, 1, 1, 1, 1, 1, 1, 1, 1, 1, 1, 0, 0, 0, 0, 0, 1, 1, 1, 1, 1, 1, 1, 1, 1, 1, 1, 1, 1, 1, 1, 1, 1, 1, 1, 1, 1, 1, 1, 1, 1, 1, 1, 1, 1, 1, 1, 1, 1, 1, 1, 1, 1, 1, 1, 1, 1, 1, 1, 1, 1, 1, 1, 1, 1, 1, 1, 1, 1, 1, 1, 1, 1, 1, 1, 1, 1, 1, 1, 1, 1, 1, 1, 1, 1, 1, 1, 1, 1, 1, 1, 1, 1, 1, 1, 1, 1, 1, 1, 1, 1, 1, 1, 1, 1, 1, 1, 1, 1, 1, 1, 1, 1, 1, 1, 1, 1, 1, 1, 1, 1, 1, 1, 1, 1, 0, 0, 0, 0, 0, 0, 0, 0, 0, 0, 0, 0, 0, 0, 0, 0, 0, 0, 0, 0, 0, 0, 0, 0, 0, 0, 0, 0, 0, 0, 0, 0, 0, 0, 0, 0, 0, 0, 0, 0, 0, 0, 0, 0, 0, 0, 0, 0, 0, 0, 0, 0, 0, 0, 0, 0, 0, 0, 0, 0, 0, 0, 0, 0, 0, 0, 0, 0, 0, 0, 0, 0, 0, 0, 0, 0, 0, 0, 0, 0, 0, 0, 0, 0, 0, 0, 0, 0, 0, 0, 0, 0, 0, 0, 0, 0, 0, 0, 0, 0, 0, 0, 0, 0, 0, 0, 0, 0, 0, 0, 0, 0, 0, 0, 0, 0, 0, 0, 0, 0, 0, 0, 0, 0, 0, 0, 0, 0, 0, 0, 0, 0, 0, 0, 0, 0, 0, 0, 0, 0, 0, 0, 0, 0, 0, 0, 0, 0, 0, 0, 0, 0, 0, 0, 0, 0, 0, 0, 0, 0, 0, 0, 0, 0, 0, 0, 0, 0, 0, 0, 0, 0, 0, 0, 0, 0, 0, 0, 0, 0, 0, 0, 0, 0, 0, 0, 0, 0, 0, 0, 0, 0],[0, 0, 0, 0, 0, 0, 0, 0, 0, 0, 0, 0, 0, 0, 0, 0, 0, 0, 0, 0, 0, 0, 0, 0, 0, 0, 0, 0, 0, 0, 0, 0, 0, 0, 0, 0, 0, 0, 0, 0, 0, 0, 0, 0, 0, 0, 0, 0, 0, 0, 0, 0, 0, 0, 0, 0, 0, 0, 0, 0, 0, 0, 0, 0]
[1.0, 1.0, 1.0, 0.0, 1.0, 1.0, 1.0, 1.0, 1.0, 1.0, 1.0, 1.0, 1.0, 1.0, 1.0, 1.0, 1.0, 1.0, 1.0, 1.0, 1.0, 1.0, 1.0, 1.0, 1.0, 1.0, 1.0, 1.0, 1.0, 1.0, 1.0, 1.0, 1.0, 1.0, 1.0, 1.0, 1.0, 1.0, 1.0, 1.0, 1.0, 1.0, 1.0, 1.0, 1.0, 1.0, 1.0, 1.0, 1.0, 1.0, 1.0, 1.0, 1.0, 1.0, 1.0, 1.0, 1.0, 1.0, 1.0, 1.0, 1.0, 1.0, 1.0, 1.0, 1.0, 1.0, 1.0, 1.0, 1.0, 1.0, 1.0, 1.0, 1.0, 1.0, 1.0, 1.0, 1.0, 1.0, 1.0, 1.0, 1.0, 1.0, 1.0, 1.0, 1.0, 1.0, 1.0, 1.0, 1.0, 1.0, 1.0, 1.0, 1.0, 1.0, 1.0, 1.0, 1.0, 1.0, 1.0, 1.0, 1.0, 1.0, 1.0, 1.0, 1.0, 1.0, 1.0, 1.0, 1.0, 1.0, 1.0, 1.0, 1.0, 1.0, 1.0, 1.0, 1.0, 1.0, 1.0, 1.0, 1.0, 1.0, 1.0, 1.0, 1.0, 1.0, 1.0, 1.0, 1.0, 1.0, 1.0, 1.0, 1.0, 1.0, 1.0, 1.0, 1.0, 1.0, 1.0, 1.0, 1.0, 1.0, 1.0, 1.0, 1.0, 1.0, 1.0, 1.0, 1.0, 1.0, 0.19333333333333333, 0.69714285714184, 0.003154240748125066, 0.0, 0.0, 0.0, 0.0, 0.0, 0.0, 0.0, 0.0, 0.0, 0.0, 0.0, 0.0, 0.0, 0.0, 0.0, 0.0, 0.0, 0.0, 0.0, 0.0, 0.0, 0.0, 0.0, 0.0, 0.0, 0.0, 0.0, 0.0, 0.0, 0.0, 0.0, 0.0, 0.0, 0.0, 0.0, 0.0, 0.0, 0.0, 0.0, 0.0, 0.0, 0.0, 0.0, 0.0, 0.0, 0.0, 0.0, 0.0, 0.0, 0.0, 0.0, 0.0, 0.0, 0.0, 0.0, 0.0, 0.0, 0.0, 0.0, 0.0, 0.0, 0.0, 0.0, 0.0, 0.0, 0.0, 0.0, 0.0, 0.0, 0.0, 0.0, 0.0, 0.0, 0.0, 0.0, 0.0, 0.0, 0.0, 0.0, 0.0, 0.0, 0.0, 0.0, 0.0, 0.0, 0.0, 0.0, 0.0, 0.0, 0.0, 0.0, 0.0, 0.0, 0.0, 0.0, 0.0, 0.0, 0.0, 0.0, 0.0, 0.0, 0.0, 0.0, 0.0, 0.0, 0.0, 0.0, 0.0, 0.0, 0.0, 0.0, 0.0, 0.0, 0.0, 0.0, 0.0, 0.0, 0.0, 0.0, 0.0, 0.0, 0.0, 0.0, 0.0, 0.0, 0.0, 0.0, 0.0, 0.0, 0.0, 0.0, 0.0, 0.0, 0.0, 0.0, 0.0, 0.0, 0.0, 0.0, 0.0, 0.0, 0.0, 0.0, 0.0, 0.0, 0.0, 0.0, 0.0, 0.0, 0.0, 0.0, 0.0, 0.0, 0.0, 0.0, 0.0, 0.0, 0.0, 0.0, 0.0, 0.0, 0.0, 0.0, 0.0, 0.0, 0.0, 0.0, 0.0, 0.0, 0.0, 0.0, 0.0, 0.0, 0.0, 0.0, 0.0, 0.0, 0.0, 0.0, 0.0, 0.0, 0.0, 0.0, 0.0, 0.0, 0.0, 0.0, 0.0, 0.0],[1, 0, 0, 0, 0, 0, 0, 0, 0, 0, 0, 0, 0, 0, 0, 0, 0, 0, 0, 0, 0, 0, 0, 0, 0, 0, 0, 0, 0, 0, 0, 0, 0, 0, 0, 0, 0, 0, 0, 0, 0, 0, 0, 0, 0, 0, 0, 0, 0, 0, 0, 0, 0, 0, 0, 0, 0, 0, 0, 0, 0, 0, 0, 0]
[0, 0, 0, 0, 0, 0, 0, 0, 0, 0, 0, 0, 0, 0, 0, 0, 0, 0, 0, 0, 0, 0, 0, 0, 0, 0, 0, 0, 0, 0, 1, 1, 1, 1, 1, 1, 1, 1, 1, 1, 1, 1, 1, 1, 1, 1, 1, 1, 1, 1, 1, 1, 1, 1, 1, 1, 1, 1, 1, 1, 1, 1, 1, 1, 1, 1, 1, 1, 1, 1, 1, 1, 1, 1, 1, 1, 1, 1, 1, 1, 1, 1, 1, 1, 1, 1, 1, 1, 1, 1, 1, 1, 1, 1, 1, 1, 1, 1, 1, 1, 1, 1, 1, 1, 1, 1, 1, 1, 1, 1, 1, 1, 1, 1, 1, 1, 1, 1, 1, 1, 1, 1, 1, 1, 1, 1, 1, 1, 1, 1, 1, 1, 1, 1, 1, 1, 1, 1, 1, 1, 1, 1, 1, 1, 1, 1, 1, 1, 1, 1, 0, 0, 0, 0, 0, 0, 0, 0, 0, 0, 0, 0, 0, 0, 0, 0, 0, 0, 0, 0, 0, 0, 0, 0, 0, 0, 0, 0, 0, 0, 0, 0, 0, 0, 0, 0, 0, 0, 0, 0, 0, 0, 0, 0, 0, 0, 0, 0, 0, 0, 0, 0, 0, 0, 0, 0, 0, 0, 0, 0, 0, 0, 0, 0, 0, 0, 0, 0, 0, 0, 0, 0, 0, 0, 0, 0, 0, 0, 0, 0, 0, 0, 0, 0, 0, 0, 0, 0, 0, 0, 0, 0, 0, 0, 0, 0, 0, 0, 0, 0, 0, 0, 0, 0, 0, 0, 0, 0, 0, 0, 0, 0, 0, 0, 0, 0, 0, 0, 0, 0, 0, 0, 0, 0, 0, 0, 0, 0, 0, 0, 0, 0, 0, 0, 0, 0, 0, 0, 0, 0, 0, 0, 0, 0, 0, 0, 0, 0, 0, 0, 0, 0, 0, 0, 0, 0, 0, 0, 0, 0, 0, 0, 0, 0, 0, 0, 0, 0, 0, 0, 0, 0, 0, 0, 0, 0, 0, 0, 0, 0, 0, 0, 0, 0, 0, 0, 0, 0, 0, 0, 0, 0],[0, 0, 0, 0, 0, 0, 0, 0, 0, 0, 0, 0, 0, 0, 0, 0, 0, 0, 0, 0, 0, 0, 0, 0, 0, 0, 0, 0, 0, 0, 0, 0, 0, 0, 0, 0, 0, 0, 0, 0, 0, 0, 0, 0, 0, 0, 0, 0, 0, 0, 0, 0, 0, 0, 0, 0, 0, 0, 0, 0, 0, 0, 0, 0]
[1, 1, 1, 0, 1, 1, 1, 1, 1, 1, 1, 1, 1, 1, 1, 1, 1, 1, 1, 1, 1, 1, 1, 1, 1, 1, 1, 1, 1, 1, 1, 1, 1, 1, 1, 1, 1, 1, 1, 1, 1, 1, 1, 1, 1, 1, 1, 1, 1, 1, 1, 1, 1, 1, 1, 1, 1, 1, 1, 1, 1, 1, 1, 1, 1, 1, 1, 1, 1, 1, 1, 1, 1, 1, 1, 1, 1, 1, 1, 1, 1, 1, 1, 1, 1, 1, 1, 1, 1, 1, 1, 1, 1, 1, 1, 1, 1, 1, 1, 1, 1, 1, 1, 1, 1, 1, 1, 1, 1, 1, 1, 1, 1, 1, 1, 1, 1, 1, 1, 1, 1, 1, 1, 1, 1, 1, 1, 1, 1, 1, 1, 1, 1, 1, 1, 1, 1, 1, 1, 1, 1, 1, 1, 1, 1, 1, 1, 1, 1, 1, 0, 0, 0, 0, 0, 0, 0, 0, 0, 0, 0, 0, 0, 0, 0, 0, 0, 0, 0, 0, 0, 0, 0, 0, 0, 0, 0, 0, 0, 0, 0, 0, 0, 0, 0, 0, 0, 0, 0, 0, 0, 0, 0, 0, 0, 0, 0, 0, 0, 0, 0, 0, 0, 0, 0, 0, 0, 0, 0, 0, 0, 0, 0, 0, 0, 0, 0, 0, 0, 0, 0, 0, 0, 0, 0, 0, 0, 0, 0, 0, 0, 0, 0, 0, 0, 0, 0, 0, 0, 0, 0, 0, 0, 0, 0, 0, 0, 0, 0, 0, 0, 0, 0, 0, 0, 0, 0, 0, 0, 0, 0, 0, 0, 0, 0, 0, 0, 0, 0, 0, 0, 0, 0, 0, 0, 0, 0, 0, 0, 0, 0, 0, 0, 0, 0, 0, 0, 0, 0, 0, 0, 0, 0, 0, 0, 0, 0, 0, 0, 0, 0, 0, 0, 0, 0, 0, 0, 0, 0, 0, 0, 0, 0, 0, 0, 0, 0, 0, 0, 0, 0, 0, 0, 0, 0, 0, 0, 0, 0, 0, 0, 0, 0, 0, 0, 0, 0, 0, 0, 0, 0, 0],[0, 0, 0, 0, 0, 0, 0, 0, 0, 0, 0, 0, 0, 0, 0, 0, 0, 0, 0, 0, 0, 0, 0, 0, 0, 0, 0, 0, 0, 0, 0, 0, 0, 0, 0, 0, 0, 0, 0, 0, 0, 0, 0, 0, 0, 0, 0, 0, 0, 0, 0, 0, 0, 0, 0, 0, 0, 0, 0, 0, 0, 0, 0, 0]
[1.0, 1.0, 1.0, 1.0, 1.0, 1.0, 1.0, 1.0, 1.0, 1.0, 1.0, 1.0, 1.0, 1.0, 1.0, 1.0, 1.0, 1.0, 1.0, 1.0, 1.0, 1.0, 1.0, 1.0, 1.0, 1.0, 1.0, 1.0, 1.0, 1.0, 1.0, 1.0, 1.0, 1.0, 1.0, 1.0, 1.0, 1.0, 1.0, 1.0, 1.0, 1.0, 1.0, 1.0, 1.0, 1.0, 1.0, 1.0, 1.0, 1.0, 1.0, 1.0, 1.0, 1.0, 1.0, 1.0, 1.0, 1.0, 1.0, 1.0, 1.0, 1.0, 1.0, 1.0, 1.0, 1.0, 1.0, 1.0, 1.0, 1.0, 1.0, 1.0, 1.0, 1.0, 1.0, 1.0, 1.0, 1.0, 1.0, 1.0, 1.0, 1.0, 1.0, 1.0, 1.0, 1.0, 1.0, 1.0, 1.0, 1.0, 1.0, 1.0, 1.0, 1.0, 1.0, 1.0, 1.0, 1.0, 1.0, 1.0, 1.0, 1.0, 1.0, 1.0, 1.0, 1.0, 1.0, 1.0, 1.0, 1.0, 1.0, 1.0, 1.0, 1.0, 1.0, 1.0, 1.0, 1.0, 1.0, 1.0, 1.0, 1.0, 1.0, 1.0, 1.0, 1.0, 1.0, 1.0, 1.0, 1.0, 1.0, 1.0, 1.0, 1.0, 1.0, 1.0, 1.0, 1.0, 1.0, 1.0, 1.0, 1.0, 1.0, 1.0, 1.0, 1.0, 1.0, 1.0, 1.0, 1.0, 0.16666666666666666, 0.2742857142857143, 0.013972719042569906, 0.0, 0.0, 0.0, 0.0, 0.0, 0.0, 0.0, 0.0, 0.0, 0.0, 0.0, 0.0, 0.0, 0.0, 0.0, 0.0, 0.0, 0.0, 0.0, 0.0, 0.0, 0.0, 0.0, 0.0, 0.0, 0.0, 0.0, 0.0, 0.0, 0.0, 0.0, 0.0, 0.0, 0.0, 0.0, 0.0, 0.0, 0.0, 0.0, 0.0, 0.0, 0.0, 0.0, 0.0, 0.0, 0.0, 0.0, 0.0, 0.0, 0.0, 0.0, 0.0, 0.0, 0.0, 0.0, 0.0, 0.0, 0.0, 0.0, 0.0, 0.0, 0.0, 0.0, 0.0, 0.0, 0.0, 0.0, 0.0, 0.0, 0.0, 0.0, 0.0, 0.0, 0.0, 0.0, 0.0, 0.0, 0.0, 0.0, 0.0, 0.0, 0.0, 0.0, 0.0, 0.0, 0.0, 0.0, 0.0, 0.0, 0.0, 0.0, 0.0, 0.0, 0.0, 0.0, 0.0, 0.0, 0.0, 0.0, 0.0, 0.0, 0.0, 0.0, 0.0, 0.0, 0.0, 0.0, 0.0, 0.0, 0.0, 0.0, 0.0, 0.0, 0.0, 0.0, 0.0, 0.0, 0.0, 0.0, 0.0, 0.0, 0.0, 0.0, 0.0, 0.0, 0.0, 0.0, 0.0, 0.0, 0.0, 0.0, 0.0, 0.0, 0.0, 0.0, 0.0, 0.0, 0.0, 0.0, 0.0, 0.0, 0.0, 0.0, 0.0, 0.0, 0.0, 0.0, 0.0, 0.0, 0.0, 0.0, 0.0, 0.0, 0.0, 0.0, 0.0, 0.0, 0.0, 0.0, 0.0, 0.0, 0.0, 0.0, 0.0, 0.0, 0.0, 0.0, 0.0, 0.0, 0.0, 0.0, 0.0, 0.0, 0.0, 0.0, 0.0, 0.0, 0.0, 0.0, 0.0, 0.0, 0.0, 0.0, 0.0, 0.0, 0.0, 0.0, 0.0, 0.0],[1, 0, 0, 0, 0, 0, 0, 0, 0, 0, 0, 0, 0, 0, 0, 0, 0, 0, 0, 0, 0, 0, 0, 0, 0, 0, 0, 0, 0, 0, 0, 0, 0, 0, 0, 0, 0, 0, 0, 0, 0, 0, 0, 0, 0, 0, 0, 0, 0, 0, 0, 0, 0, 0, 0, 0, 0, 0, 0, 0, 0, 0, 0, 0]
[0, 0, 0, 0, 0, 0, 0, 0, 0, 0, 0, 0, 0, 0, 0, 0, 0, 0, 0, 0, 0, 0, 0, 0, 0, 1, 1, 1, 1, 1, 1, 1, 1, 1, 1, 1, 1, 1, 1, 1, 1, 1, 1, 1, 1, 1, 1, 1, 1, 1, 1, 1, 1, 1, 1, 1, 1, 1, 1, 1, 1, 1, 1, 1, 1, 1, 1, 1, 1, 1, 1, 1, 1, 1, 1, 1, 1, 1, 1, 1, 1, 1, 1, 1, 1, 1, 1, 1, 1, 1, 1, 1, 1, 1, 1, 1, 1, 1, 1, 1, 1, 1, 1, 1, 1, 1, 1, 1, 1, 1, 1, 1, 1, 1, 1, 1, 1, 1, 1, 1, 1, 1, 1, 1, 1, 1, 1, 1, 1, 1, 1, 1, 1, 1, 1, 1, 1, 1, 1, 1, 1, 1, 1, 1, 1, 1, 1, 1, 1, 1, 0, 0, 0, 0, 0, 0, 0, 0, 0, 0, 0, 0, 0, 0, 0, 0, 0, 0, 0, 0, 0, 0, 0, 0, 0, 0, 0, 0, 0, 0, 0, 0, 0, 0, 0, 0, 0, 0, 0, 0, 0, 0, 0, 0, 0, 0, 0, 0, 0, 0, 0, 0, 0, 0, 0, 0, 0, 0, 0, 0, 0, 0, 0, 0, 0, 0, 0, 0, 0, 0, 0, 0, 0, 0, 0, 0, 0, 0, 0, 0, 0, 0, 0, 0, 0, 0, 0, 0, 0, 0, 0, 0, 0, 0, 0, 0, 0, 0, 0, 0, 0, 0, 0, 0, 0, 0, 0, 0, 0, 0, 0, 0, 0, 0, 0, 0, 0, 0, 0, 0, 0, 0, 0, 0, 0, 0, 0, 0, 0, 0, 0, 0, 0, 0, 0, 0, 0, 0, 0, 0, 0, 0, 0, 0, 0, 0, 0, 0, 0, 0, 0, 0, 0, 0, 0, 0, 0, 0, 0, 0, 0, 0, 0, 0, 0, 0, 0, 0, 0, 0, 0, 0, 0, 0, 0, 0, 0, 0, 0, 0, 0, 0, 0, 0, 0, 0, 0, 0, 0, 0, 0, 0],[0, 0, 0, 0, 0, 0, 0, 0, 0, 0, 0, 0, 0, 0, 0, 0, 0, 0, 0, 0, 0, 0, 0, 0, 0, 0, 0, 0, 0, 0, 0, 0, 0, 0, 0, 0, 0, 0, 0, 0, 0, 0, 0, 0, 0, 0, 0, 0, 0, 0, 0, 0, 0, 0, 0, 0, 0, 0, 0, 0, 0, 0, 0, 0]
[1.0, 1.0, 1.0, 1.0, 1.0, 1.0, 1.0, 1.0, 1.0, 1.0, 1.0, 1.0, 1.0, 1.0, 1.0, 1.0, 1.0, 1.0, 1.0, 1.0, 1.0, 1.0, 1.0, 1.0, 1.0, 1.0, 1.0, 1.0, 1.0, 1.0, 1.0, 1.0, 1.0, 1.0, 1.0, 1.0, 1.0, 1.0, 1.0, 1.0, 1.0, 1.0, 1.0, 1.0, 1.0, 1.0, 1.0, 1.0, 1.0, 1.0, 1.0, 1.0, 1.0, 1.0, 1.0, 1.0, 1.0, 1.0, 1.0, 1.0, 1.0, 1.0, 1.0, 1.0, 1.0, 1.0, 1.0, 1.0, 1.0, 1.0, 1.0, 1.0, 1.0, 1.0, 1.0, 1.0, 1.0, 1.0, 1.0, 1.0, 1.0, 1.0, 1.0, 1.0, 1.0, 1.0, 1.0, 1.0, 1.0, 1.0, 1.0, 1.0, 1.0, 1.0, 1.0, 1.0, 1.0, 1.0, 1.0, 1.0, 1.0, 1.0, 1.0, 1.0, 1.0, 1.0, 1.0, 1.0, 1.0, 1.0, 1.0, 1.0, 1.0, 1.0, 1.0, 1.0, 1.0, 1.0, 1.0, 1.0, 1.0, 1.0, 1.0, 1.0, 1.0, 1.0, 1.0, 1.0, 1.0, 1.0, 1.0, 1.0, 1.0, 1.0, 1.0, 1.0, 1.0, 1.0, 1.0, 1.0, 1.0, 1.0, 1.0, 1.0, 1.0, 1.0, 1.0, 1.0, 1.0, 1.0, 0.24, 0.95999999999976, 0.0564275638031116, 0.0, 0.0, 0.0, 0.0, 0.0, 0.0, 0.0, 0.0, 0.0, 0.0, 0.0, 0.0, 0.0, 0.0, 0.0, 0.0, 0.0, 0.0, 0.0, 0.0, 0.0, 0.0, 0.0, 0.0, 0.0, 0.0, 0.0, 0.0, 0.0, 0.0, 0.0, 0.0, 0.0, 0.0, 0.0, 0.0, 0.0, 0.0, 0.0, 0.0, 0.0, 0.0, 0.0, 0.0, 0.0, 0.0, 0.0, 0.0, 0.0, 0.0, 0.0, 0.0, 0.0, 0.0, 0.0, 0.0, 0.0, 0.0, 0.0, 0.0, 0.0, 0.0, 0.0, 0.0, 0.0, 0.0, 0.0, 0.0, 0.0, 0.0, 0.0, 0.0, 0.0, 0.0, 0.0, 0.0, 0.0, 0.0, 0.0, 0.0, 0.0, 0.0, 0.0, 0.0, 0.0, 0.0, 0.0, 0.0, 0.0, 0.0, 0.0, 0.0, 0.0, 0.0, 0.0, 0.0, 0.0, 0.0, 0.0, 0.0, 0.0, 0.0, 0.0, 0.0, 0.0, 0.0, 0.0, 0.0, 0.0, 0.0, 0.0, 0.0, 0.0, 0.0, 0.0, 0.0, 0.0, 0.0, 0.0, 0.0, 0.0, 0.0, 0.0, 0.0, 0.0, 0.0, 0.0, 0.0, 0.0, 0.0, 0.0, 0.0, 0.0, 0.0, 0.0, 0.0, 0.0, 0.0, 0.0, 0.0, 0.0, 0.0, 0.0, 0.0, 0.0, 0.0, 0.0, 0.0, 0.0, 0.0, 0.0, 0.0, 0.0, 0.0, 0.0, 0.0, 0.0, 0.0, 0.0, 0.0, 0.0, 0.0, 0.0, 0.0, 0.0, 0.0, 0.0, 0.0, 0.0, 0.0, 0.0, 0.0, 0.0, 0.0, 0.0, 0.0, 0.0, 0.0, 0.0, 0.0, 0.0, 0.0, 0.0, 0.0, 0.0, 0.0, 0.0, 0.0, 0.0],[1, 0, 0, 0, 0, 0, 0, 0, 0, 0, 0, 0, 0, 0, 0, 0, 0, 0, 0, 0, 0, 0, 0, 0, 0, 0, 0, 0, 0, 0, 0, 0, 0, 0, 0, 0, 0, 0, 0, 0, 0, 0, 0, 0, 0, 0, 0, 0, 0, 0, 0, 0, 0, 0, 0, 0, 0, 0, 0, 0, 0, 0, 0, 0]
[0, 0, 0, 0, 0, 0, 0, 0, 0, 0, 0, 0, 0, 0, 0, 0, 0, 0, 0, 0, 0, 0, 0, 0, 0, 0, 0, 0, 0, 0, 0, 0, 0, 0, 0, 0, 1, 1, 1, 1, 1, 1, 1, 1, 1, 1, 1, 1, 1, 1, 1, 1, 1, 1, 1, 1, 1, 1, 1, 1, 1, 1, 1, 1, 1, 1, 1, 1, 1, 1, 1, 1, 1, 1, 1, 1, 1, 1, 1, 1, 1, 1, 1, 1, 1, 1, 1, 1, 1, 1, 1, 1, 1, 1, 1, 1, 1, 1, 1, 1, 1, 1, 1, 1, 1, 1, 1, 1, 1, 1, 1, 1, 1, 1, 1, 1, 1, 1, 1, 1, 1, 1, 1, 1, 1, 1, 1, 1, 1, 1, 1, 1, 1, 1, 1, 1, 1, 1, 1, 1, 1, 1, 1, 1, 1, 1, 1, 1, 1, 1, 0, 0, 0, 0, 0, 0, 0, 0, 0, 0, 0, 0, 0, 0, 0, 0, 0, 0, 0, 0, 0, 0, 0, 0, 0, 0, 0, 0, 0, 0, 0, 0, 0, 0, 0, 0, 0, 0, 0, 0, 0, 0, 0, 0, 0, 0, 0, 0, 0, 0, 0, 0, 0, 0, 0, 0, 0, 0, 0, 0, 0, 0, 0, 0, 0, 0, 0, 0, 0, 0, 0, 0, 0, 0, 0, 0, 0, 0, 0, 0, 0, 0, 0, 0, 0, 0, 0, 0, 0, 0, 0, 0, 0, 0, 0, 0, 0, 0, 0, 0, 0, 0, 0, 0, 0, 0, 0, 0, 0, 0, 0, 0, 0, 0, 0, 0, 0, 0, 0, 0, 0, 0, 0, 0, 0, 0, 0, 0, 0, 0, 0, 0, 0, 0, 0, 0, 0, 0, 0, 0, 0, 0, 0, 0, 0, 0, 0, 0, 0, 0, 0, 0, 0, 0, 0, 0, 0, 0, 0, 0, 0, 0, 0, 0, 0, 0, 0, 0, 0, 0, 0, 0, 0, 0, 0, 0, 0, 0, 0, 0, 0, 0, 0, 0, 0, 0, 0, 0, 0, 0, 0, 0],[0, 0, 0, 0, 0, 0, 0, 0, 0, 0, 0, 0, 0, 0, 0, 0, 0, 0, 0, 0, 0, 0, 0, 0, 0, 0, 0, 0, 0, 0, 0, 0, 0, 0, 0, 0, 0, 0, 0, 0, 0, 0, 0, 0, 0, 0, 0, 0, 0, 0, 0, 0, 0, 0, 0, 0, 0, 0, 0, 0, 0, 0, 0, 0]
[1.0, 1.0, 1.0, 1.0, 1.0, 1.0, 1.0, 1.0, 1.0, 1.0, 1.0, 1.0, 1.0, 1.0, 1.0, 1.0, 1.0, 1.0, 1.0, 1.0, 1.0, 1.0, 1.0, 1.0, 1.0, 1.0, 1.0, 1.0, 1.0, 1.0, 1.0, 1.0, 1.0, 1.0, 1.0, 1.0, 1.0, 1.0, 1.0, 1.0, 1.0, 1.0, 1.0, 1.0, 1.0, 1.0, 1.0, 1.0, 1.0, 1.0, 1.0, 1.0, 1.0, 1.0, 1.0, 1.0, 1.0, 1.0, 1.0, 1.0, 1.0, 1.0, 1.0, 1.0, 1.0, 1.0, 1.0, 1.0, 1.0, 1.0, 1.0, 1.0, 1.0, 1.0, 1.0, 1.0, 1.0, 1.0, 1.0, 1.0, 1.0, 1.0, 1.0, 1.0, 1.0, 1.0, 1.0, 1.0, 1.0, 1.0, 1.0, 1.0, 1.0, 1.0, 1.0, 1.0, 1.0, 1.0, 1.0, 1.0, 1.0, 1.0, 1.0, 1.0, 1.0, 1.0, 1.0, 1.0, 1.0, 1.0, 1.0, 1.0, 1.0, 1.0, 1.0, 1.0, 1.0, 1.0, 1.0, 1.0, 1.0, 1.0, 1.0, 1.0, 1.0, 1.0, 1.0, 1.0, 1.0, 1.0, 1.0, 1.0, 1.0, 1.0, 1.0, 1.0, 1.0, 1.0, 1.0, 1.0, 1.0, 1.0, 1.0, 1.0, 1.0, 1.0, 1.0, 1.0, 1.0, 1.0, 0.013333333333333334, 0.37999999999998857, 0.11634063655566987, 0.26, 0.5085714285714215, 0.095817852200854, 0.0, 0.0, 0.0, 0.0, 0.0, 0.0, 0.0, 0.0, 0.0, 0.0, 0.0, 0.0, 0.0, 0.0, 0.0, 0.0, 0.0, 0.0, 0.0, 0.0, 0.0, 0.0, 0.0, 0.0, 0.0, 0.0, 0.0, 0.0, 0.0, 0.0, 0.0, 0.0, 0.0, 0.0, 0.0, 0.0, 0.0, 0.0, 0.0, 0.0, 0.0, 0.0, 0.0, 0.0, 0.0, 0.0, 0.0, 0.0, 0.0, 0.0, 0.0, 0.0, 0.0, 0.0, 0.0, 0.0, 0.0, 0.0, 0.0, 0.0, 0.0, 0.0, 0.0, 0.0, 0.0, 0.0, 0.0, 0.0, 0.0, 0.0, 0.0, 0.0, 0.0, 0.0, 0.0, 0.0, 0.0, 0.0, 0.0, 0.0, 0.0, 0.0, 0.0, 0.0, 0.0, 0.0, 0.0, 0.0, 0.0, 0.0, 0.0, 0.0, 0.0, 0.0, 0.0, 0.0, 0.0, 0.0, 0.0, 0.0, 0.0, 0.0, 0.0, 0.0, 0.0, 0.0, 0.0, 0.0, 0.0, 0.0, 0.0, 0.0, 0.0, 0.0, 0.0, 0.0, 0.0, 0.0, 0.0, 0.0, 0.0, 0.0, 0.0, 0.0, 0.0, 0.0, 0.0, 0.0, 0.0, 0.0, 0.0, 0.0, 0.0, 0.0, 0.0, 0.0, 0.0, 0.0, 0.0, 0.0, 0.0, 0.0, 0.0, 0.0, 0.0, 0.0, 0.0, 0.0, 0.0, 0.0, 0.0, 0.0, 0.0, 0.0, 0.0, 0.0, 0.0, 0.0, 0.0, 0.0, 0.0, 0.0, 0.0, 0.0, 0.0, 0.0, 0.0, 0.0, 0.0, 0.0, 0.0, 0.0, 0.0, 0.0, 0.0, 0.0, 0.0, 0.0, 0.0, 0.0, 0.0, 0.0, 0.0, 0.0, 0.0, 0.0],[1, 1, 0, 0, 0, 0, 0, 0, 0, 0, 0, 0, 0, 0, 0, 0, 0, 0, 0, 0, 0, 0, 0, 0, 0, 0, 0, 0, 0, 0, 0, 0, 0, 0, 0, 0, 0, 0, 0, 0, 0, 0, 0, 0, 0, 0, 0, 0, 0, 0, 0, 0, 0, 0, 0, 0, 0, 0, 0, 0, 0, 0, 0, 0]
